region,date,strat,type,median,mean,sd,lower_90,lower_50,lower_20,upper_20,upper_50,upper_90
Baden-Württemberg State,2020-10-20,,estimate,1.2,1.21,0.1,1.06,1.15,1.18,1.23,1.27,1.4
Baden-Württemberg State,2020-10-21,,estimate,1.21,1.21,0.1,1.07,1.15,1.19,1.22,1.26,1.38
Baden-Württemberg State,2020-10-22,,estimate,1.2,1.21,0.09,1.08,1.15,1.19,1.22,1.26,1.37
Baden-Württemberg State,2020-10-23,,estimate,1.21,1.21,0.08,1.08,1.16,1.19,1.22,1.26,1.36
Baden-Württemberg State,2020-10-24,,estimate,1.21,1.21,0.08,1.09,1.16,1.19,1.22,1.26,1.35
Baden-Württemberg State,2020-10-25,,estimate,1.2,1.21,0.07,1.1,1.16,1.19,1.22,1.25,1.34
Baden-Württemberg State,2020-10-26,,estimate,1.2,1.21,0.07,1.1,1.17,1.19,1.22,1.25,1.33
Baden-Württemberg State,2020-10-27,,estimate,1.2,1.21,0.06,1.11,1.17,1.19,1.22,1.25,1.32
Baden-Württemberg State,2020-10-28,,estimate,1.2,1.21,0.06,1.11,1.17,1.19,1.22,1.24,1.31
Baden-Württemberg State,2020-10-29,,estimate,1.2,1.21,0.06,1.12,1.17,1.19,1.21,1.24,1.31
Baden-Württemberg State,2020-10-30,,estimate,1.2,1.2,0.06,1.12,1.17,1.19,1.21,1.24,1.3
Baden-Württemberg State,2020-10-31,,estimate,1.2,1.2,0.05,1.12,1.17,1.19,1.21,1.23,1.3
Baden-Württemberg State,2020-11-01,,estimate,1.2,1.2,0.05,1.12,1.17,1.19,1.21,1.23,1.29
Baden-Württemberg State,2020-11-02,,estimate,1.2,1.2,0.05,1.12,1.17,1.18,1.21,1.23,1.29
Baden-Württemberg State,2020-11-03,,estimate,1.19,1.2,0.05,1.12,1.17,1.18,1.2,1.23,1.28
Baden-Württemberg State,2020-11-04,,estimate,1.19,1.19,0.05,1.12,1.17,1.18,1.2,1.22,1.27
Baden-Württemberg State,2020-11-05,,estimate,1.19,1.19,0.04,1.12,1.16,1.18,1.2,1.22,1.27
Baden-Württemberg State,2020-11-06,,estimate,1.19,1.19,0.04,1.12,1.16,1.18,1.2,1.22,1.26
Baden-Württemberg State,2020-11-07,,estimate,1.18,1.19,0.04,1.12,1.16,1.17,1.19,1.21,1.26
Baden-Württemberg State,2020-11-08,,estimate,1.18,1.18,0.04,1.12,1.16,1.17,1.19,1.21,1.25
Baden-Württemberg State,2020-11-09,,estimate,1.18,1.18,0.04,1.12,1.15,1.17,1.19,1.2,1.25
Baden-Württemberg State,2020-11-10,,estimate,1.18,1.18,0.04,1.12,1.15,1.17,1.18,1.2,1.24
Baden-Württemberg State,2020-11-11,,estimate,1.17,1.17,0.04,1.12,1.15,1.16,1.18,1.2,1.24
Baden-Württemberg State,2020-11-12,,estimate,1.17,1.17,0.04,1.11,1.15,1.16,1.18,1.19,1.24
Baden-Württemberg State,2020-11-13,,estimate,1.17,1.17,0.04,1.11,1.14,1.16,1.18,1.19,1.23
Baden-Württemberg State,2020-11-14,,estimate,1.16,1.17,0.04,1.11,1.14,1.15,1.17,1.19,1.23
Baden-Württemberg State,2020-11-15,,estimate,1.16,1.16,0.04,1.1,1.14,1.15,1.17,1.18,1.23
Baden-Württemberg State,2020-11-16,,estimate,1.16,1.16,0.04,1.1,1.14,1.15,1.16,1.18,1.23
Baden-Württemberg State,2020-11-17,,estimate,1.15,1.16,0.04,1.1,1.13,1.15,1.16,1.18,1.22
Baden-Württemberg State,2020-11-18,,estimate,1.15,1.15,0.04,1.1,1.13,1.14,1.16,1.17,1.22
Baden-Württemberg State,2020-11-19,,estimate,1.15,1.15,0.04,1.09,1.13,1.14,1.15,1.17,1.21
Baden-Württemberg State,2020-11-20,,estimate,1.14,1.14,0.04,1.09,1.12,1.13,1.15,1.16,1.21
Baden-Württemberg State,2020-11-21,,estimate,1.14,1.14,0.04,1.09,1.12,1.13,1.15,1.16,1.2
Baden-Württemberg State,2020-11-22,,estimate,1.13,1.14,0.04,1.08,1.11,1.13,1.14,1.16,1.2
Baden-Württemberg State,2020-11-23,,estimate,1.13,1.13,0.04,1.08,1.11,1.12,1.14,1.15,1.2
Baden-Württemberg State,2020-11-24,,estimate,1.12,1.13,0.04,1.07,1.1,1.12,1.13,1.15,1.19
Baden-Württemberg State,2020-11-25,,estimate,1.12,1.12,0.04,1.07,1.1,1.11,1.13,1.14,1.19
Baden-Württemberg State,2020-11-26,,estimate,1.12,1.12,0.04,1.06,1.09,1.11,1.12,1.14,1.18
Baden-Württemberg State,2020-11-27,,estimate,1.11,1.11,0.04,1.06,1.09,1.1,1.12,1.13,1.17
Baden-Württemberg State,2020-11-28,,estimate,1.11,1.11,0.04,1.05,1.08,1.1,1.11,1.13,1.17
Baden-Württemberg State,2020-11-29,,estimate,1.1,1.1,0.04,1.04,1.08,1.09,1.11,1.12,1.16
Baden-Württemberg State,2020-11-30,,estimate,1.1,1.1,0.04,1.04,1.07,1.09,1.1,1.12,1.16
Baden-Württemberg State,2020-12-01,,estimate,1.09,1.09,0.04,1.03,1.07,1.08,1.1,1.11,1.15
Baden-Württemberg State,2020-12-02,,estimate,1.09,1.08,0.04,1.02,1.06,1.08,1.09,1.11,1.14
Baden-Württemberg State,2020-12-03,,estimate,1.08,1.08,0.04,1.02,1.06,1.07,1.09,1.1,1.14
Baden-Württemberg State,2020-12-04,,estimate,1.08,1.07,0.04,1.01,1.05,1.07,1.08,1.1,1.13
Baden-Württemberg State,2020-12-05,,estimate,1.07,1.07,0.04,1,1.05,1.06,1.08,1.09,1.12
Baden-Württemberg State,2020-12-06,,estimate,1.07,1.06,0.04,1,1.04,1.06,1.07,1.09,1.12
Baden-Württemberg State,2020-12-07,,estimate,1.06,1.06,0.04,0.99,1.04,1.05,1.07,1.08,1.11
Baden-Württemberg State,2020-12-08,,estimate,1.06,1.05,0.04,0.98,1.03,1.05,1.06,1.08,1.11
Baden-Württemberg State,2020-12-09,,estimate,1.05,1.05,0.04,0.97,1.02,1.04,1.06,1.07,1.11
Baden-Württemberg State,2020-12-10,,estimate,1.05,1.04,0.04,0.97,1.02,1.04,1.06,1.07,1.1
Baden-Württemberg State,2020-12-11,,estimate,1.04,1.04,0.04,0.96,1.02,1.03,1.05,1.07,1.1
Baden-Württemberg State,2020-12-12,,estimate,1.04,1.04,0.04,0.96,1.01,1.03,1.05,1.06,1.1
Baden-Württemberg State,2020-12-13,,estimate,1.04,1.03,0.04,0.95,1.01,1.03,1.05,1.06,1.09
Baden-Württemberg State,2020-12-14,,estimate,1.03,1.03,0.04,0.95,1.01,1.02,1.04,1.06,1.09
Baden-Württemberg State,2020-12-15,,estimate,1.03,1.03,0.04,0.95,1.01,1.02,1.04,1.06,1.09
Baden-Württemberg State,2020-12-16,,estimate,1.03,1.03,0.05,0.95,1,1.02,1.04,1.06,1.09
Baden-Württemberg State,2020-12-17,,estimate,1.03,1.03,0.05,0.95,1,1.02,1.04,1.06,1.09
Baden-Württemberg State,2020-12-18,,estimate,1.03,1.03,0.05,0.95,1,1.02,1.04,1.06,1.09
Baden-Württemberg State,2020-12-19,,estimate,1.03,1.03,0.05,0.95,1,1.02,1.04,1.06,1.09
Baden-Württemberg State,2020-12-20,,estimate,1.03,1.03,0.05,0.95,1,1.02,1.04,1.06,1.1
Baden-Württemberg State,2020-12-21,,estimate,1.03,1.03,0.05,0.95,1,1.02,1.04,1.06,1.1
Baden-Württemberg State,2020-12-22,,estimate,1.03,1.03,0.05,0.95,1,1.02,1.04,1.06,1.11
Baden-Württemberg State,2020-12-23,,estimate,1.03,1.03,0.05,0.95,1,1.02,1.05,1.06,1.11
Baden-Württemberg State,2020-12-24,,estimate,1.04,1.04,0.05,0.95,1,1.02,1.05,1.07,1.12
Baden-Württemberg State,2020-12-25,,estimate based on partial data,1.04,1.04,0.06,0.95,1,1.02,1.05,1.07,1.14
Baden-Württemberg State,2020-12-26,,estimate based on partial data,1.04,1.04,0.07,0.94,1,1.03,1.05,1.08,1.16
Baden-Württemberg State,2020-12-27,,estimate based on partial data,1.04,1.05,0.07,0.94,1,1.03,1.06,1.09,1.17
Baden-Württemberg State,2020-12-28,,estimate based on partial data,1.04,1.05,0.08,0.93,1,1.03,1.06,1.09,1.19
Baden-Württemberg State,2020-12-29,,estimate based on partial data,1.05,1.05,0.09,0.93,1,1.03,1.06,1.1,1.21
Baden-Württemberg State,2020-12-30,,estimate based on partial data,1.05,1.06,0.1,0.92,1,1.03,1.07,1.1,1.24
Baden-Württemberg State,2020-12-31,,estimate based on partial data,1.05,1.06,0.11,0.91,1,1.03,1.07,1.11,1.26
Baden-Württemberg State,2021-01-01,,estimate based on partial data,1.05,1.07,0.12,0.91,1,1.03,1.07,1.11,1.28
Baden-Württemberg State,2021-01-02,,estimate based on partial data,1.05,1.07,0.13,0.9,0.99,1.03,1.08,1.12,1.31
Baden-Württemberg State,2021-01-03,,estimate based on partial data,1.05,1.07,0.14,0.89,0.99,1.03,1.08,1.13,1.34
Baden-Württemberg State,2021-01-04,,estimate based on partial data,1.06,1.08,0.15,0.89,0.99,1.03,1.08,1.13,1.37
Baden-Württemberg State,2021-01-05,,estimate based on partial data,1.06,1.08,0.16,0.88,0.99,1.03,1.08,1.14,1.4
Baden-Württemberg State,2021-01-06,,estimate based on partial data,1.06,1.09,0.17,0.88,0.99,1.03,1.08,1.14,1.42
Baden-Württemberg State,2021-01-07,,estimate based on partial data,1.06,1.09,0.19,0.87,0.98,1.03,1.09,1.14,1.44
Baden-Württemberg State,2021-01-08,,estimate based on partial data,1.06,1.09,0.2,0.86,0.98,1.03,1.09,1.15,1.46
Baden-Württemberg State,2021-01-09,,estimate based on partial data,1.06,1.1,0.21,0.86,0.98,1.03,1.09,1.15,1.49
Baden-Württemberg State,2021-01-10,,estimate based on partial data,1.06,1.1,0.22,0.85,0.98,1.03,1.09,1.16,1.51
Baden-Württemberg State,2021-01-11,,estimate based on partial data,1.06,1.1,0.23,0.84,0.98,1.03,1.09,1.16,1.53
Baden-Württemberg State,2021-01-12,,forecast,1.06,1.1,0.23,0.84,0.98,1.03,1.09,1.16,1.53
Baden-Württemberg State,2021-01-13,,forecast,1.06,1.1,0.23,0.84,0.98,1.03,1.09,1.16,1.53
Baden-Württemberg State,2021-01-14,,forecast,1.06,1.1,0.23,0.84,0.98,1.03,1.09,1.16,1.53
Baden-Württemberg State,2021-01-15,,forecast,1.06,1.1,0.23,0.84,0.98,1.03,1.09,1.16,1.53
Baden-Württemberg State,2021-01-16,,forecast,1.06,1.1,0.23,0.84,0.98,1.03,1.09,1.16,1.53
Baden-Württemberg State,2021-01-17,,forecast,1.06,1.1,0.23,0.84,0.98,1.03,1.09,1.16,1.53
Baden-Württemberg State,2021-01-18,,forecast,1.06,1.1,0.23,0.84,0.98,1.03,1.09,1.16,1.53
Baden-Württemberg State,2021-01-19,,forecast,1.06,1.1,0.23,0.84,0.98,1.03,1.09,1.16,1.53
Baden-Württemberg State,2021-01-20,,forecast,1.06,1.1,0.23,0.84,0.98,1.03,1.09,1.16,1.53
Baden-Württemberg State,2021-01-21,,forecast,1.06,1.1,0.23,0.84,0.98,1.03,1.09,1.16,1.53
Baden-Württemberg State,2021-01-22,,forecast,1.06,1.1,0.23,0.84,0.98,1.03,1.09,1.16,1.53
Baden-Württemberg State,2021-01-23,,forecast,1.06,1.1,0.23,0.84,0.98,1.03,1.09,1.16,1.53
Baden-Württemberg State,2021-01-24,,forecast,1.06,1.1,0.23,0.84,0.98,1.03,1.09,1.16,1.53
Baden-Württemberg State,2021-01-25,,forecast,1.06,1.1,0.23,0.84,0.98,1.03,1.09,1.16,1.53
Baden-Württemberg State,2021-01-26,,forecast,1.06,1.1,0.23,0.84,0.98,1.03,1.09,1.16,1.53
Baden-Württemberg State,2021-01-27,,forecast,1.06,1.1,0.23,0.84,0.98,1.03,1.09,1.16,1.53
Baden-Württemberg State,2021-01-28,,forecast,1.06,1.1,0.23,0.84,0.98,1.03,1.09,1.16,1.53
Baden-Württemberg State,2021-01-29,,forecast,1.06,1.1,0.23,0.84,0.98,1.03,1.09,1.16,1.53
Baden-Württemberg State,2021-01-30,,forecast,1.06,1.1,0.23,0.84,0.98,1.03,1.09,1.16,1.53
Baden-Württemberg State,2021-01-31,,forecast,1.06,1.1,0.23,0.84,0.98,1.03,1.09,1.16,1.53
Baden-Württemberg State,2021-02-01,,forecast,1.06,1.1,0.23,0.84,0.98,1.03,1.09,1.16,1.53
Baden-Württemberg State,2021-02-02,,forecast,1.06,1.1,0.23,0.84,0.98,1.03,1.09,1.16,1.53
Baden-Württemberg State,2021-02-03,,forecast,1.06,1.1,0.23,0.84,0.98,1.03,1.09,1.16,1.53
Baden-Württemberg State,2021-02-04,,forecast,1.06,1.1,0.23,0.84,0.98,1.03,1.09,1.16,1.53
Baden-Württemberg State,2021-02-05,,forecast,1.06,1.1,0.23,0.84,0.98,1.03,1.09,1.16,1.53
Baden-Württemberg State,2021-02-06,,forecast,1.06,1.1,0.23,0.84,0.98,1.03,1.09,1.16,1.53
Baden-Württemberg State,2021-02-07,,forecast,1.06,1.1,0.23,0.84,0.98,1.03,1.09,1.16,1.53
Baden-Württemberg State,2021-02-08,,forecast,1.06,1.1,0.23,0.84,0.98,1.03,1.09,1.16,1.53
Baden-Württemberg State,2021-02-09,,forecast,1.06,1.1,0.23,0.84,0.98,1.03,1.09,1.16,1.53
Baden-Württemberg State,2021-02-10,,forecast,1.06,1.1,0.23,0.84,0.98,1.03,1.09,1.16,1.53
Berlin State,2020-10-21,,estimate,1.3,1.31,0.14,1.1,1.21,1.26,1.33,1.39,1.56
Berlin State,2020-10-22,,estimate,1.3,1.31,0.13,1.12,1.22,1.27,1.33,1.39,1.55
Berlin State,2020-10-23,,estimate,1.3,1.31,0.13,1.13,1.22,1.27,1.33,1.39,1.54
Berlin State,2020-10-24,,estimate,1.3,1.31,0.12,1.13,1.22,1.27,1.33,1.38,1.53
Berlin State,2020-10-25,,estimate,1.3,1.31,0.12,1.14,1.22,1.27,1.33,1.38,1.52
Berlin State,2020-10-26,,estimate,1.3,1.31,0.11,1.14,1.23,1.27,1.33,1.37,1.51
Berlin State,2020-10-27,,estimate,1.3,1.3,0.11,1.15,1.23,1.27,1.32,1.37,1.5
Berlin State,2020-10-28,,estimate,1.29,1.3,0.11,1.15,1.23,1.27,1.32,1.36,1.49
Berlin State,2020-10-29,,estimate,1.29,1.3,0.1,1.15,1.22,1.26,1.31,1.36,1.47
Berlin State,2020-10-30,,estimate,1.28,1.29,0.1,1.15,1.22,1.26,1.31,1.35,1.46
Berlin State,2020-10-31,,estimate,1.27,1.28,0.09,1.15,1.22,1.25,1.3,1.34,1.45
Berlin State,2020-11-01,,estimate,1.27,1.28,0.09,1.15,1.21,1.25,1.29,1.32,1.43
Berlin State,2020-11-02,,estimate,1.26,1.27,0.09,1.15,1.21,1.24,1.28,1.31,1.42
Berlin State,2020-11-03,,estimate,1.25,1.26,0.08,1.14,1.2,1.23,1.27,1.3,1.4
Berlin State,2020-11-04,,estimate,1.24,1.25,0.08,1.14,1.2,1.22,1.26,1.29,1.38
Berlin State,2020-11-05,,estimate,1.23,1.24,0.07,1.13,1.19,1.21,1.25,1.28,1.36
Berlin State,2020-11-06,,estimate,1.22,1.23,0.07,1.13,1.18,1.21,1.24,1.26,1.34
Berlin State,2020-11-07,,estimate,1.21,1.22,0.06,1.12,1.17,1.2,1.23,1.25,1.33
Berlin State,2020-11-08,,estimate,1.2,1.2,0.06,1.11,1.17,1.19,1.22,1.24,1.31
Berlin State,2020-11-09,,estimate,1.19,1.19,0.06,1.11,1.16,1.18,1.2,1.23,1.3
Berlin State,2020-11-10,,estimate,1.18,1.18,0.06,1.09,1.15,1.17,1.19,1.22,1.28
Berlin State,2020-11-11,,estimate,1.17,1.17,0.05,1.08,1.14,1.16,1.18,1.2,1.26
Berlin State,2020-11-12,,estimate,1.16,1.16,0.05,1.07,1.13,1.15,1.17,1.19,1.25
Berlin State,2020-11-13,,estimate,1.15,1.15,0.05,1.06,1.12,1.14,1.16,1.18,1.24
Berlin State,2020-11-14,,estimate,1.14,1.14,0.05,1.05,1.12,1.13,1.16,1.17,1.22
Berlin State,2020-11-15,,estimate,1.14,1.13,0.05,1.05,1.11,1.12,1.15,1.17,1.21
Berlin State,2020-11-16,,estimate,1.13,1.12,0.05,1.04,1.1,1.12,1.14,1.16,1.2
Berlin State,2020-11-17,,estimate,1.12,1.12,0.05,1.03,1.09,1.11,1.13,1.15,1.19
Berlin State,2020-11-18,,estimate,1.11,1.11,0.05,1.02,1.08,1.1,1.12,1.14,1.18
Berlin State,2020-11-19,,estimate,1.1,1.1,0.05,1.02,1.07,1.09,1.12,1.13,1.18
Berlin State,2020-11-20,,estimate,1.1,1.09,0.05,1.01,1.07,1.09,1.11,1.13,1.17
Berlin State,2020-11-21,,estimate,1.09,1.09,0.05,1.01,1.06,1.08,1.1,1.12,1.17
Berlin State,2020-11-22,,estimate,1.09,1.08,0.05,1,1.05,1.07,1.1,1.11,1.16
Berlin State,2020-11-23,,estimate,1.08,1.08,0.05,0.99,1.05,1.07,1.09,1.11,1.15
Berlin State,2020-11-24,,estimate,1.07,1.07,0.05,0.99,1.04,1.06,1.09,1.1,1.15
Berlin State,2020-11-25,,estimate,1.07,1.07,0.05,0.98,1.04,1.06,1.08,1.1,1.15
Berlin State,2020-11-26,,estimate,1.06,1.06,0.05,0.98,1.03,1.05,1.08,1.09,1.14
Berlin State,2020-11-27,,estimate,1.06,1.06,0.05,0.97,1.03,1.05,1.07,1.09,1.14
Berlin State,2020-11-28,,estimate,1.06,1.05,0.05,0.97,1.02,1.04,1.07,1.09,1.14
Berlin State,2020-11-29,,estimate,1.05,1.05,0.05,0.96,1.02,1.04,1.06,1.08,1.13
Berlin State,2020-11-30,,estimate,1.05,1.05,0.05,0.96,1.01,1.04,1.06,1.08,1.13
Berlin State,2020-12-01,,estimate,1.05,1.04,0.05,0.96,1.01,1.03,1.06,1.07,1.12
Berlin State,2020-12-02,,estimate,1.04,1.04,0.05,0.95,1.01,1.03,1.05,1.07,1.12
Berlin State,2020-12-03,,estimate,1.04,1.04,0.05,0.95,1.01,1.03,1.05,1.07,1.11
Berlin State,2020-12-04,,estimate,1.04,1.04,0.05,0.95,1,1.03,1.05,1.07,1.11
Berlin State,2020-12-05,,estimate,1.04,1.03,0.05,0.95,1,1.02,1.05,1.07,1.11
Berlin State,2020-12-06,,estimate,1.03,1.03,0.05,0.95,1,1.02,1.05,1.06,1.11
Berlin State,2020-12-07,,estimate,1.03,1.03,0.05,0.94,1,1.02,1.04,1.06,1.11
Berlin State,2020-12-08,,estimate,1.03,1.03,0.05,0.94,1,1.02,1.04,1.06,1.1
Berlin State,2020-12-09,,estimate,1.03,1.03,0.05,0.94,1,1.02,1.04,1.06,1.1
Berlin State,2020-12-10,,estimate,1.03,1.03,0.05,0.94,1,1.02,1.04,1.06,1.1
Berlin State,2020-12-11,,estimate,1.03,1.03,0.05,0.95,1,1.02,1.04,1.06,1.11
Berlin State,2020-12-12,,estimate,1.03,1.03,0.05,0.94,1,1.02,1.05,1.06,1.11
Berlin State,2020-12-13,,estimate,1.04,1.03,0.05,0.95,1,1.02,1.05,1.06,1.11
Berlin State,2020-12-14,,estimate,1.04,1.03,0.05,0.95,1.01,1.02,1.05,1.07,1.11
Berlin State,2020-12-15,,estimate,1.04,1.04,0.05,0.96,1.01,1.03,1.05,1.07,1.12
Berlin State,2020-12-16,,estimate,1.04,1.04,0.05,0.96,1.01,1.03,1.05,1.07,1.12
Berlin State,2020-12-17,,estimate,1.04,1.04,0.05,0.96,1.01,1.03,1.05,1.08,1.13
Berlin State,2020-12-18,,estimate,1.05,1.05,0.06,0.96,1.01,1.03,1.06,1.08,1.13
Berlin State,2020-12-19,,estimate,1.05,1.05,0.06,0.96,1.01,1.04,1.06,1.08,1.14
Berlin State,2020-12-20,,estimate,1.05,1.05,0.06,0.96,1.02,1.04,1.06,1.09,1.15
Berlin State,2020-12-21,,estimate,1.05,1.06,0.07,0.96,1.02,1.04,1.07,1.1,1.16
Berlin State,2020-12-22,,estimate,1.06,1.06,0.07,0.95,1.02,1.04,1.07,1.1,1.17
Berlin State,2020-12-23,,estimate,1.06,1.06,0.07,0.95,1.02,1.04,1.08,1.11,1.19
Berlin State,2020-12-24,,estimate,1.06,1.07,0.08,0.95,1.02,1.05,1.08,1.11,1.2
Berlin State,2020-12-25,,estimate based on partial data,1.06,1.07,0.09,0.94,1.02,1.05,1.08,1.12,1.22
Berlin State,2020-12-26,,estimate based on partial data,1.07,1.07,0.09,0.93,1.01,1.05,1.09,1.12,1.24
Berlin State,2020-12-27,,estimate based on partial data,1.07,1.08,0.1,0.93,1.01,1.05,1.09,1.13,1.25
Berlin State,2020-12-28,,estimate based on partial data,1.07,1.08,0.11,0.92,1.01,1.05,1.09,1.14,1.27
Berlin State,2020-12-29,,estimate based on partial data,1.07,1.08,0.12,0.91,1.01,1.05,1.09,1.14,1.28
Berlin State,2020-12-30,,estimate based on partial data,1.07,1.08,0.13,0.9,1.01,1.04,1.09,1.15,1.3
Berlin State,2020-12-31,,estimate based on partial data,1.07,1.08,0.14,0.89,1,1.04,1.1,1.15,1.32
Berlin State,2021-01-01,,estimate based on partial data,1.07,1.09,0.15,0.88,1,1.04,1.1,1.16,1.35
Berlin State,2021-01-02,,estimate based on partial data,1.07,1.09,0.16,0.87,1,1.04,1.1,1.16,1.38
Berlin State,2021-01-03,,estimate based on partial data,1.07,1.09,0.17,0.86,0.99,1.04,1.1,1.17,1.41
Berlin State,2021-01-04,,estimate based on partial data,1.07,1.09,0.19,0.85,0.99,1.04,1.1,1.17,1.44
Berlin State,2021-01-05,,estimate based on partial data,1.07,1.09,0.2,0.84,0.99,1.04,1.1,1.18,1.47
Berlin State,2021-01-06,,estimate based on partial data,1.07,1.1,0.22,0.82,0.98,1.04,1.1,1.18,1.49
Berlin State,2021-01-07,,estimate based on partial data,1.07,1.1,0.23,0.81,0.98,1.04,1.11,1.18,1.51
Berlin State,2021-01-08,,estimate based on partial data,1.07,1.1,0.25,0.79,0.98,1.04,1.11,1.19,1.53
Berlin State,2021-01-09,,estimate based on partial data,1.07,1.11,0.27,0.78,0.98,1.04,1.11,1.19,1.55
Berlin State,2021-01-10,,estimate based on partial data,1.07,1.11,0.28,0.76,0.97,1.04,1.11,1.2,1.57
Berlin State,2021-01-11,,estimate based on partial data,1.07,1.11,0.3,0.75,0.97,1.03,1.11,1.21,1.6
Berlin State,2021-01-12,,forecast,1.07,1.11,0.3,0.75,0.97,1.03,1.11,1.21,1.6
Berlin State,2021-01-13,,forecast,1.07,1.11,0.3,0.75,0.97,1.03,1.11,1.21,1.6
Berlin State,2021-01-14,,forecast,1.07,1.11,0.3,0.75,0.97,1.03,1.11,1.21,1.6
Berlin State,2021-01-15,,forecast,1.07,1.11,0.3,0.75,0.97,1.03,1.11,1.21,1.6
Berlin State,2021-01-16,,forecast,1.07,1.11,0.3,0.75,0.97,1.03,1.11,1.21,1.6
Berlin State,2021-01-17,,forecast,1.07,1.11,0.3,0.75,0.97,1.03,1.11,1.21,1.6
Berlin State,2021-01-18,,forecast,1.07,1.11,0.3,0.75,0.97,1.03,1.11,1.21,1.6
Berlin State,2021-01-19,,forecast,1.07,1.11,0.3,0.75,0.97,1.03,1.11,1.21,1.6
Berlin State,2021-01-20,,forecast,1.07,1.11,0.3,0.75,0.97,1.03,1.11,1.21,1.6
Berlin State,2021-01-21,,forecast,1.07,1.11,0.3,0.75,0.97,1.03,1.11,1.21,1.6
Berlin State,2021-01-22,,forecast,1.07,1.11,0.3,0.75,0.97,1.03,1.11,1.21,1.6
Berlin State,2021-01-23,,forecast,1.07,1.11,0.3,0.75,0.97,1.03,1.11,1.21,1.6
Berlin State,2021-01-24,,forecast,1.07,1.11,0.3,0.75,0.97,1.03,1.11,1.21,1.6
Berlin State,2021-01-25,,forecast,1.07,1.11,0.3,0.75,0.97,1.03,1.11,1.21,1.6
Berlin State,2021-01-26,,forecast,1.07,1.11,0.3,0.75,0.97,1.03,1.11,1.21,1.6
Berlin State,2021-01-27,,forecast,1.07,1.11,0.3,0.75,0.97,1.03,1.11,1.21,1.6
Berlin State,2021-01-28,,forecast,1.07,1.11,0.3,0.75,0.97,1.03,1.11,1.21,1.6
Berlin State,2021-01-29,,forecast,1.07,1.11,0.3,0.75,0.97,1.03,1.11,1.21,1.6
Berlin State,2021-01-30,,forecast,1.07,1.11,0.3,0.75,0.97,1.03,1.11,1.21,1.6
Berlin State,2021-01-31,,forecast,1.07,1.11,0.3,0.75,0.97,1.03,1.11,1.21,1.6
Berlin State,2021-02-01,,forecast,1.07,1.11,0.3,0.75,0.97,1.03,1.11,1.21,1.6
Berlin State,2021-02-02,,forecast,1.07,1.11,0.3,0.75,0.97,1.03,1.11,1.21,1.6
Berlin State,2021-02-03,,forecast,1.07,1.11,0.3,0.75,0.97,1.03,1.11,1.21,1.6
Berlin State,2021-02-04,,forecast,1.07,1.11,0.3,0.75,0.97,1.03,1.11,1.21,1.6
Berlin State,2021-02-05,,forecast,1.07,1.11,0.3,0.75,0.97,1.03,1.11,1.21,1.6
Berlin State,2021-02-06,,forecast,1.07,1.11,0.3,0.75,0.97,1.03,1.11,1.21,1.6
Berlin State,2021-02-07,,forecast,1.07,1.11,0.3,0.75,0.97,1.03,1.11,1.21,1.6
Berlin State,2021-02-08,,forecast,1.07,1.11,0.3,0.75,0.97,1.03,1.11,1.21,1.6
Berlin State,2021-02-09,,forecast,1.07,1.11,0.3,0.75,0.97,1.03,1.11,1.21,1.6
Berlin State,2021-02-10,,forecast,1.07,1.11,0.3,0.75,0.97,1.03,1.11,1.21,1.6
Brandenburg State,2020-10-20,,estimate,1.16,1.16,0.08,1.03,1.12,1.14,1.17,1.2,1.3
Brandenburg State,2020-10-21,,estimate,1.16,1.16,0.08,1.04,1.12,1.15,1.17,1.2,1.3
Brandenburg State,2020-10-22,,estimate,1.16,1.16,0.07,1.04,1.13,1.15,1.17,1.2,1.29
Brandenburg State,2020-10-23,,estimate,1.16,1.16,0.07,1.05,1.13,1.15,1.17,1.2,1.28
Brandenburg State,2020-10-24,,estimate,1.16,1.16,0.07,1.06,1.13,1.15,1.17,1.19,1.28
Brandenburg State,2020-10-25,,estimate,1.16,1.16,0.06,1.06,1.13,1.15,1.17,1.19,1.27
Brandenburg State,2020-10-26,,estimate,1.16,1.16,0.06,1.07,1.13,1.15,1.17,1.19,1.27
Brandenburg State,2020-10-27,,estimate,1.16,1.16,0.06,1.07,1.13,1.15,1.17,1.19,1.27
Brandenburg State,2020-10-28,,estimate,1.16,1.16,0.06,1.07,1.13,1.15,1.17,1.19,1.27
Brandenburg State,2020-10-29,,estimate,1.16,1.17,0.06,1.08,1.13,1.15,1.17,1.19,1.26
Brandenburg State,2020-10-30,,estimate,1.16,1.17,0.06,1.08,1.13,1.15,1.17,1.19,1.26
Brandenburg State,2020-10-31,,estimate,1.16,1.17,0.05,1.09,1.14,1.15,1.17,1.19,1.26
Brandenburg State,2020-11-01,,estimate,1.16,1.17,0.05,1.09,1.14,1.15,1.17,1.19,1.26
Brandenburg State,2020-11-02,,estimate,1.16,1.17,0.05,1.09,1.14,1.15,1.17,1.19,1.26
Brandenburg State,2020-11-03,,estimate,1.16,1.17,0.05,1.09,1.14,1.15,1.17,1.19,1.25
Brandenburg State,2020-11-04,,estimate,1.16,1.17,0.05,1.1,1.14,1.15,1.17,1.19,1.25
Brandenburg State,2020-11-05,,estimate,1.16,1.17,0.05,1.1,1.14,1.15,1.17,1.19,1.25
Brandenburg State,2020-11-06,,estimate,1.16,1.17,0.05,1.1,1.14,1.15,1.17,1.19,1.25
Brandenburg State,2020-11-07,,estimate,1.16,1.17,0.05,1.1,1.14,1.15,1.17,1.19,1.25
Brandenburg State,2020-11-08,,estimate,1.16,1.17,0.04,1.1,1.14,1.15,1.17,1.19,1.25
Brandenburg State,2020-11-09,,estimate,1.16,1.17,0.04,1.1,1.14,1.15,1.17,1.19,1.24
Brandenburg State,2020-11-10,,estimate,1.16,1.17,0.04,1.11,1.14,1.15,1.17,1.19,1.24
Brandenburg State,2020-11-11,,estimate,1.16,1.17,0.04,1.11,1.14,1.15,1.17,1.19,1.24
Brandenburg State,2020-11-12,,estimate,1.16,1.17,0.04,1.11,1.14,1.15,1.17,1.19,1.24
Brandenburg State,2020-11-13,,estimate,1.16,1.16,0.04,1.1,1.14,1.15,1.17,1.19,1.23
Brandenburg State,2020-11-14,,estimate,1.16,1.16,0.04,1.11,1.14,1.15,1.17,1.18,1.23
Brandenburg State,2020-11-15,,estimate,1.16,1.16,0.04,1.1,1.14,1.15,1.17,1.18,1.23
Brandenburg State,2020-11-16,,estimate,1.16,1.16,0.04,1.1,1.14,1.15,1.17,1.18,1.23
Brandenburg State,2020-11-17,,estimate,1.16,1.16,0.04,1.1,1.14,1.15,1.17,1.18,1.22
Brandenburg State,2020-11-18,,estimate,1.16,1.16,0.04,1.1,1.14,1.15,1.17,1.18,1.22
Brandenburg State,2020-11-19,,estimate,1.16,1.16,0.04,1.1,1.14,1.15,1.16,1.18,1.22
Brandenburg State,2020-11-20,,estimate,1.16,1.16,0.04,1.1,1.14,1.15,1.16,1.18,1.22
Brandenburg State,2020-11-21,,estimate,1.16,1.16,0.04,1.1,1.14,1.15,1.16,1.18,1.22
Brandenburg State,2020-11-22,,estimate,1.15,1.16,0.04,1.1,1.14,1.15,1.16,1.17,1.22
Brandenburg State,2020-11-23,,estimate,1.15,1.15,0.04,1.1,1.14,1.15,1.16,1.17,1.22
Brandenburg State,2020-11-24,,estimate,1.15,1.15,0.04,1.1,1.13,1.15,1.16,1.17,1.22
Brandenburg State,2020-11-25,,estimate,1.15,1.15,0.04,1.09,1.13,1.14,1.16,1.17,1.22
Brandenburg State,2020-11-26,,estimate,1.15,1.15,0.04,1.09,1.13,1.14,1.16,1.17,1.22
Brandenburg State,2020-11-27,,estimate,1.15,1.15,0.04,1.09,1.13,1.14,1.16,1.17,1.21
Brandenburg State,2020-11-28,,estimate,1.15,1.15,0.04,1.09,1.13,1.14,1.16,1.17,1.21
Brandenburg State,2020-11-29,,estimate,1.15,1.15,0.04,1.09,1.13,1.14,1.16,1.17,1.21
Brandenburg State,2020-11-30,,estimate,1.15,1.15,0.04,1.09,1.13,1.14,1.16,1.17,1.21
Brandenburg State,2020-12-01,,estimate,1.15,1.15,0.04,1.09,1.13,1.14,1.15,1.17,1.21
Brandenburg State,2020-12-02,,estimate,1.15,1.15,0.04,1.09,1.13,1.14,1.15,1.17,1.21
Brandenburg State,2020-12-03,,estimate,1.15,1.15,0.04,1.09,1.13,1.14,1.15,1.17,1.21
Brandenburg State,2020-12-04,,estimate,1.15,1.15,0.04,1.09,1.13,1.14,1.15,1.16,1.21
Brandenburg State,2020-12-05,,estimate,1.14,1.15,0.04,1.09,1.13,1.14,1.15,1.16,1.2
Brandenburg State,2020-12-06,,estimate,1.14,1.14,0.04,1.09,1.12,1.14,1.15,1.16,1.21
Brandenburg State,2020-12-07,,estimate,1.14,1.14,0.04,1.09,1.12,1.14,1.15,1.16,1.2
Brandenburg State,2020-12-08,,estimate,1.14,1.14,0.04,1.08,1.12,1.13,1.15,1.16,1.2
Brandenburg State,2020-12-09,,estimate,1.14,1.14,0.04,1.08,1.12,1.13,1.15,1.16,1.2
Brandenburg State,2020-12-10,,estimate,1.14,1.14,0.04,1.08,1.12,1.13,1.15,1.16,1.2
Brandenburg State,2020-12-11,,estimate,1.14,1.14,0.04,1.08,1.12,1.13,1.15,1.16,1.2
Brandenburg State,2020-12-12,,estimate,1.14,1.14,0.04,1.07,1.11,1.13,1.15,1.16,1.2
Brandenburg State,2020-12-13,,estimate,1.14,1.14,0.04,1.07,1.11,1.13,1.14,1.16,1.2
Brandenburg State,2020-12-14,,estimate,1.14,1.13,0.04,1.07,1.11,1.13,1.14,1.16,1.19
Brandenburg State,2020-12-15,,estimate,1.14,1.13,0.04,1.06,1.11,1.13,1.14,1.16,1.19
Brandenburg State,2020-12-16,,estimate,1.13,1.13,0.04,1.06,1.11,1.12,1.14,1.16,1.19
Brandenburg State,2020-12-17,,estimate,1.13,1.13,0.04,1.05,1.11,1.12,1.14,1.16,1.19
Brandenburg State,2020-12-18,,estimate,1.13,1.13,0.04,1.05,1.1,1.12,1.14,1.16,1.19
Brandenburg State,2020-12-19,,estimate,1.13,1.13,0.05,1.04,1.1,1.12,1.14,1.16,1.19
Brandenburg State,2020-12-20,,estimate,1.13,1.12,0.05,1.04,1.1,1.12,1.14,1.16,1.19
Brandenburg State,2020-12-21,,estimate,1.13,1.12,0.05,1.03,1.1,1.12,1.14,1.16,1.2
Brandenburg State,2020-12-22,,estimate,1.13,1.12,0.05,1.02,1.09,1.12,1.14,1.15,1.2
Brandenburg State,2020-12-23,,estimate,1.13,1.12,0.06,1.02,1.09,1.12,1.14,1.15,1.2
Brandenburg State,2020-12-24,,estimate,1.13,1.12,0.06,1.01,1.09,1.11,1.14,1.16,1.21
Brandenburg State,2020-12-25,,estimate based on partial data,1.13,1.12,0.07,1,1.09,1.11,1.14,1.16,1.21
Brandenburg State,2020-12-26,,estimate based on partial data,1.13,1.12,0.07,0.99,1.08,1.11,1.14,1.16,1.21
Brandenburg State,2020-12-27,,estimate based on partial data,1.13,1.12,0.07,0.98,1.08,1.11,1.14,1.16,1.22
Brandenburg State,2020-12-28,,estimate based on partial data,1.13,1.12,0.08,0.97,1.08,1.11,1.14,1.16,1.23
Brandenburg State,2020-12-29,,estimate based on partial data,1.13,1.12,0.08,0.96,1.08,1.11,1.14,1.16,1.23
Brandenburg State,2020-12-30,,estimate based on partial data,1.13,1.12,0.09,0.95,1.08,1.11,1.14,1.16,1.24
Brandenburg State,2020-12-31,,estimate based on partial data,1.13,1.11,0.09,0.94,1.07,1.11,1.14,1.16,1.24
Brandenburg State,2021-01-01,,estimate based on partial data,1.13,1.11,0.1,0.94,1.07,1.11,1.14,1.16,1.25
Brandenburg State,2021-01-02,,estimate based on partial data,1.13,1.11,0.1,0.94,1.07,1.11,1.14,1.16,1.26
Brandenburg State,2021-01-03,,estimate based on partial data,1.13,1.11,0.11,0.93,1.07,1.11,1.14,1.16,1.26
Brandenburg State,2021-01-04,,estimate based on partial data,1.13,1.11,0.12,0.92,1.07,1.11,1.14,1.16,1.27
Brandenburg State,2021-01-05,,estimate based on partial data,1.13,1.11,0.12,0.91,1.06,1.11,1.14,1.16,1.28
Brandenburg State,2021-01-06,,estimate based on partial data,1.13,1.11,0.13,0.9,1.06,1.11,1.14,1.17,1.29
Brandenburg State,2021-01-07,,estimate based on partial data,1.13,1.11,0.13,0.89,1.06,1.11,1.14,1.17,1.3
Brandenburg State,2021-01-08,,estimate based on partial data,1.13,1.11,0.14,0.88,1.06,1.11,1.14,1.17,1.31
Brandenburg State,2021-01-09,,estimate based on partial data,1.13,1.12,0.14,0.88,1.06,1.11,1.14,1.17,1.32
Brandenburg State,2021-01-10,,estimate based on partial data,1.13,1.12,0.15,0.87,1.06,1.11,1.14,1.17,1.33
Brandenburg State,2021-01-11,,estimate based on partial data,1.13,1.12,0.16,0.86,1.06,1.11,1.14,1.17,1.34
Brandenburg State,2021-01-12,,forecast,1.13,1.12,0.16,0.86,1.06,1.11,1.14,1.17,1.34
Brandenburg State,2021-01-13,,forecast,1.13,1.12,0.16,0.86,1.06,1.11,1.14,1.17,1.34
Brandenburg State,2021-01-14,,forecast,1.13,1.12,0.16,0.86,1.06,1.11,1.14,1.17,1.34
Brandenburg State,2021-01-15,,forecast,1.13,1.12,0.16,0.86,1.06,1.11,1.14,1.17,1.34
Brandenburg State,2021-01-16,,forecast,1.13,1.12,0.16,0.86,1.06,1.11,1.14,1.17,1.34
Brandenburg State,2021-01-17,,forecast,1.13,1.12,0.16,0.86,1.06,1.11,1.14,1.17,1.34
Brandenburg State,2021-01-18,,forecast,1.13,1.12,0.16,0.86,1.06,1.11,1.14,1.17,1.34
Brandenburg State,2021-01-19,,forecast,1.13,1.12,0.16,0.86,1.06,1.11,1.14,1.17,1.34
Brandenburg State,2021-01-20,,forecast,1.13,1.12,0.16,0.86,1.06,1.11,1.14,1.17,1.34
Brandenburg State,2021-01-21,,forecast,1.13,1.12,0.16,0.86,1.06,1.11,1.14,1.17,1.34
Brandenburg State,2021-01-22,,forecast,1.13,1.12,0.16,0.86,1.06,1.11,1.14,1.17,1.34
Brandenburg State,2021-01-23,,forecast,1.13,1.12,0.16,0.86,1.06,1.11,1.14,1.17,1.34
Brandenburg State,2021-01-24,,forecast,1.13,1.12,0.16,0.86,1.06,1.11,1.14,1.17,1.34
Brandenburg State,2021-01-25,,forecast,1.13,1.12,0.16,0.86,1.06,1.11,1.14,1.17,1.34
Brandenburg State,2021-01-26,,forecast,1.13,1.12,0.16,0.86,1.06,1.11,1.14,1.17,1.34
Brandenburg State,2021-01-27,,forecast,1.13,1.12,0.16,0.86,1.06,1.11,1.14,1.17,1.34
Brandenburg State,2021-01-28,,forecast,1.13,1.12,0.16,0.86,1.06,1.11,1.14,1.17,1.34
Brandenburg State,2021-01-29,,forecast,1.13,1.12,0.16,0.86,1.06,1.11,1.14,1.17,1.34
Brandenburg State,2021-01-30,,forecast,1.13,1.12,0.16,0.86,1.06,1.11,1.14,1.17,1.34
Brandenburg State,2021-01-31,,forecast,1.13,1.12,0.16,0.86,1.06,1.11,1.14,1.17,1.34
Brandenburg State,2021-02-01,,forecast,1.13,1.12,0.16,0.86,1.06,1.11,1.14,1.17,1.34
Brandenburg State,2021-02-02,,forecast,1.13,1.12,0.16,0.86,1.06,1.11,1.14,1.17,1.34
Brandenburg State,2021-02-03,,forecast,1.13,1.12,0.16,0.86,1.06,1.11,1.14,1.17,1.34
Brandenburg State,2021-02-04,,forecast,1.13,1.12,0.16,0.86,1.06,1.11,1.14,1.17,1.34
Brandenburg State,2021-02-05,,forecast,1.13,1.12,0.16,0.86,1.06,1.11,1.14,1.17,1.34
Brandenburg State,2021-02-06,,forecast,1.13,1.12,0.16,0.86,1.06,1.11,1.14,1.17,1.34
Brandenburg State,2021-02-07,,forecast,1.13,1.12,0.16,0.86,1.06,1.11,1.14,1.17,1.34
Brandenburg State,2021-02-08,,forecast,1.13,1.12,0.16,0.86,1.06,1.11,1.14,1.17,1.34
Brandenburg State,2021-02-09,,forecast,1.13,1.12,0.16,0.86,1.06,1.11,1.14,1.17,1.34
Brandenburg State,2021-02-10,,forecast,1.13,1.12,0.16,0.86,1.06,1.11,1.14,1.17,1.34
Dolnoslaskie,2020-10-20,,estimate,1.25,1.25,0.14,1.05,1.16,1.21,1.28,1.34,1.49
Dolnoslaskie,2020-10-21,,estimate,1.24,1.25,0.13,1.06,1.17,1.21,1.27,1.33,1.47
Dolnoslaskie,2020-10-22,,estimate,1.24,1.25,0.12,1.07,1.17,1.21,1.27,1.32,1.45
Dolnoslaskie,2020-10-23,,estimate,1.24,1.25,0.11,1.08,1.17,1.21,1.27,1.32,1.44
Dolnoslaskie,2020-10-24,,estimate,1.24,1.24,0.1,1.09,1.17,1.21,1.26,1.31,1.42
Dolnoslaskie,2020-10-25,,estimate,1.23,1.24,0.1,1.09,1.17,1.21,1.25,1.3,1.4
Dolnoslaskie,2020-10-26,,estimate,1.22,1.23,0.09,1.09,1.17,1.2,1.25,1.29,1.39
Dolnoslaskie,2020-10-27,,estimate,1.22,1.22,0.09,1.09,1.16,1.2,1.24,1.28,1.37
Dolnoslaskie,2020-10-28,,estimate,1.21,1.21,0.08,1.09,1.15,1.19,1.23,1.27,1.36
Dolnoslaskie,2020-10-29,,estimate,1.2,1.2,0.08,1.09,1.15,1.18,1.22,1.25,1.34
Dolnoslaskie,2020-10-30,,estimate,1.19,1.19,0.07,1.08,1.14,1.17,1.2,1.24,1.32
Dolnoslaskie,2020-10-31,,estimate,1.17,1.18,0.07,1.08,1.13,1.16,1.19,1.22,1.3
Dolnoslaskie,2020-11-01,,estimate,1.16,1.17,0.07,1.07,1.12,1.15,1.18,1.2,1.28
Dolnoslaskie,2020-11-02,,estimate,1.15,1.15,0.06,1.06,1.11,1.13,1.16,1.19,1.26
Dolnoslaskie,2020-11-03,,estimate,1.13,1.14,0.06,1.05,1.1,1.12,1.15,1.17,1.24
Dolnoslaskie,2020-11-04,,estimate,1.12,1.12,0.06,1.04,1.09,1.11,1.13,1.15,1.22
Dolnoslaskie,2020-11-05,,estimate,1.1,1.11,0.05,1.03,1.07,1.09,1.11,1.14,1.2
Dolnoslaskie,2020-11-06,,estimate,1.09,1.09,0.05,1.01,1.06,1.08,1.1,1.12,1.18
Dolnoslaskie,2020-11-07,,estimate,1.07,1.08,0.05,1,1.04,1.06,1.08,1.1,1.16
Dolnoslaskie,2020-11-08,,estimate,1.06,1.06,0.05,0.98,1.03,1.05,1.07,1.09,1.14
Dolnoslaskie,2020-11-09,,estimate,1.04,1.04,0.05,0.97,1.01,1.03,1.05,1.07,1.13
Dolnoslaskie,2020-11-10,,estimate,1.03,1.03,0.05,0.95,1,1.02,1.04,1.06,1.11
Dolnoslaskie,2020-11-11,,estimate,1.02,1.02,0.05,0.94,0.99,1,1.03,1.05,1.1
Dolnoslaskie,2020-11-12,,estimate,1,1,0.05,0.92,0.97,0.99,1.01,1.03,1.08
Dolnoslaskie,2020-11-13,,estimate,0.99,0.99,0.05,0.91,0.96,0.98,1,1.02,1.06
Dolnoslaskie,2020-11-14,,estimate,0.98,0.97,0.05,0.89,0.95,0.96,0.99,1.01,1.05
Dolnoslaskie,2020-11-15,,estimate,0.96,0.96,0.05,0.88,0.93,0.95,0.98,0.99,1.04
Dolnoslaskie,2020-11-16,,estimate,0.95,0.95,0.05,0.87,0.92,0.94,0.97,0.98,1.02
Dolnoslaskie,2020-11-17,,estimate,0.94,0.94,0.05,0.85,0.91,0.93,0.95,0.97,1.01
Dolnoslaskie,2020-11-18,,estimate,0.93,0.93,0.05,0.84,0.9,0.92,0.94,0.96,1.01
Dolnoslaskie,2020-11-19,,estimate,0.92,0.92,0.05,0.83,0.89,0.91,0.93,0.95,1
Dolnoslaskie,2020-11-20,,estimate,0.92,0.91,0.05,0.82,0.88,0.9,0.93,0.95,0.99
Dolnoslaskie,2020-11-21,,estimate,0.91,0.9,0.05,0.81,0.87,0.9,0.92,0.94,0.98
Dolnoslaskie,2020-11-22,,estimate,0.9,0.9,0.05,0.81,0.87,0.89,0.91,0.93,0.97
Dolnoslaskie,2020-11-23,,estimate,0.89,0.89,0.05,0.81,0.86,0.88,0.91,0.92,0.97
Dolnoslaskie,2020-11-24,,estimate,0.89,0.89,0.05,0.8,0.86,0.88,0.9,0.92,0.96
Dolnoslaskie,2020-11-25,,estimate,0.88,0.88,0.05,0.8,0.85,0.87,0.9,0.91,0.96
Dolnoslaskie,2020-11-26,,estimate,0.88,0.88,0.05,0.79,0.85,0.87,0.89,0.91,0.95
Dolnoslaskie,2020-11-27,,estimate,0.88,0.88,0.05,0.79,0.85,0.87,0.89,0.91,0.95
Dolnoslaskie,2020-11-28,,estimate,0.88,0.87,0.05,0.79,0.84,0.87,0.89,0.91,0.95
Dolnoslaskie,2020-11-29,,estimate,0.87,0.87,0.05,0.79,0.84,0.86,0.89,0.9,0.95
Dolnoslaskie,2020-11-30,,estimate,0.87,0.87,0.05,0.79,0.84,0.86,0.89,0.9,0.95
Dolnoslaskie,2020-12-01,,estimate,0.87,0.87,0.05,0.79,0.84,0.86,0.88,0.9,0.95
Dolnoslaskie,2020-12-02,,estimate,0.87,0.87,0.05,0.79,0.84,0.86,0.88,0.9,0.95
Dolnoslaskie,2020-12-03,,estimate,0.87,0.87,0.05,0.79,0.84,0.86,0.89,0.9,0.95
Dolnoslaskie,2020-12-04,,estimate,0.87,0.88,0.05,0.8,0.84,0.86,0.89,0.91,0.96
Dolnoslaskie,2020-12-05,,estimate,0.88,0.88,0.05,0.8,0.85,0.87,0.89,0.91,0.96
Dolnoslaskie,2020-12-06,,estimate,0.88,0.88,0.05,0.8,0.85,0.87,0.89,0.91,0.96
Dolnoslaskie,2020-12-07,,estimate,0.88,0.88,0.05,0.8,0.85,0.87,0.89,0.91,0.97
Dolnoslaskie,2020-12-08,,estimate,0.88,0.89,0.05,0.81,0.86,0.87,0.9,0.91,0.97
Dolnoslaskie,2020-12-09,,estimate,0.89,0.89,0.05,0.81,0.86,0.88,0.9,0.92,0.97
Dolnoslaskie,2020-12-10,,estimate,0.89,0.89,0.05,0.81,0.86,0.88,0.9,0.92,0.98
Dolnoslaskie,2020-12-11,,estimate,0.89,0.9,0.05,0.82,0.86,0.88,0.91,0.92,0.98
Dolnoslaskie,2020-12-12,,estimate,0.9,0.9,0.05,0.82,0.87,0.89,0.91,0.93,0.99
Dolnoslaskie,2020-12-13,,estimate,0.9,0.9,0.05,0.83,0.87,0.89,0.91,0.93,0.99
Dolnoslaskie,2020-12-14,,estimate,0.91,0.91,0.05,0.83,0.87,0.89,0.92,0.94,1
Dolnoslaskie,2020-12-15,,estimate,0.91,0.91,0.06,0.83,0.88,0.9,0.92,0.94,1
Dolnoslaskie,2020-12-16,,estimate,0.91,0.92,0.06,0.83,0.88,0.9,0.93,0.95,1.01
Dolnoslaskie,2020-12-17,,estimate,0.92,0.92,0.06,0.83,0.88,0.9,0.93,0.95,1.02
Dolnoslaskie,2020-12-18,,estimate,0.92,0.92,0.06,0.83,0.88,0.91,0.94,0.96,1.03
Dolnoslaskie,2020-12-19,,estimate,0.93,0.93,0.06,0.83,0.89,0.91,0.94,0.97,1.04
Dolnoslaskie,2020-12-20,,estimate,0.93,0.93,0.07,0.83,0.89,0.91,0.95,0.97,1.05
Dolnoslaskie,2020-12-21,,estimate,0.93,0.94,0.07,0.82,0.89,0.92,0.95,0.98,1.06
Dolnoslaskie,2020-12-22,,estimate,0.94,0.94,0.08,0.82,0.89,0.92,0.96,0.99,1.06
Dolnoslaskie,2020-12-23,,estimate,0.94,0.94,0.08,0.81,0.89,0.92,0.96,0.99,1.07
Dolnoslaskie,2020-12-24,,estimate,0.94,0.94,0.09,0.81,0.89,0.92,0.97,1,1.09
Dolnoslaskie,2020-12-25,,estimate,0.95,0.95,0.09,0.8,0.89,0.92,0.97,1.01,1.1
Dolnoslaskie,2020-12-26,,estimate based on partial data,0.95,0.95,0.1,0.79,0.88,0.92,0.97,1.01,1.12
Dolnoslaskie,2020-12-27,,estimate based on partial data,0.95,0.95,0.11,0.78,0.88,0.92,0.98,1.02,1.13
Dolnoslaskie,2020-12-28,,estimate based on partial data,0.95,0.95,0.12,0.77,0.88,0.92,0.98,1.03,1.15
Dolnoslaskie,2020-12-29,,estimate based on partial data,0.95,0.96,0.13,0.76,0.87,0.92,0.99,1.04,1.16
Dolnoslaskie,2020-12-30,,estimate based on partial data,0.95,0.96,0.14,0.75,0.87,0.92,0.99,1.04,1.18
Dolnoslaskie,2020-12-31,,estimate based on partial data,0.96,0.96,0.15,0.73,0.87,0.92,0.99,1.05,1.2
Dolnoslaskie,2021-01-01,,estimate based on partial data,0.96,0.96,0.16,0.71,0.86,0.92,0.99,1.06,1.23
Dolnoslaskie,2021-01-02,,estimate based on partial data,0.96,0.97,0.17,0.7,0.86,0.92,0.99,1.07,1.26
Dolnoslaskie,2021-01-03,,estimate based on partial data,0.96,0.97,0.18,0.69,0.85,0.92,1,1.07,1.28
Dolnoslaskie,2021-01-04,,estimate based on partial data,0.96,0.97,0.2,0.68,0.85,0.91,1,1.08,1.3
Dolnoslaskie,2021-01-05,,estimate based on partial data,0.96,0.97,0.21,0.66,0.84,0.91,1,1.09,1.33
Dolnoslaskie,2021-01-06,,estimate based on partial data,0.96,0.98,0.23,0.64,0.84,0.91,1,1.1,1.37
Dolnoslaskie,2021-01-07,,estimate based on partial data,0.96,0.98,0.25,0.63,0.84,0.91,1.01,1.1,1.39
Dolnoslaskie,2021-01-08,,estimate based on partial data,0.96,0.98,0.26,0.62,0.83,0.91,1.01,1.1,1.42
Dolnoslaskie,2021-01-09,,estimate based on partial data,0.96,0.99,0.28,0.61,0.83,0.91,1.01,1.11,1.44
Dolnoslaskie,2021-01-10,,estimate based on partial data,0.96,0.99,0.3,0.6,0.82,0.91,1.01,1.12,1.45
Dolnoslaskie,2021-01-11,,estimate based on partial data,0.96,1,0.32,0.58,0.82,0.91,1.02,1.12,1.48
Dolnoslaskie,2021-01-12,,estimate based on partial data,0.96,1,0.34,0.57,0.81,0.91,1.02,1.13,1.52
Dolnoslaskie,2021-01-13,,forecast,0.96,1,0.34,0.57,0.81,0.91,1.02,1.13,1.52
Dolnoslaskie,2021-01-14,,forecast,0.96,1,0.34,0.57,0.81,0.91,1.02,1.13,1.52
Dolnoslaskie,2021-01-15,,forecast,0.96,1,0.34,0.57,0.81,0.91,1.02,1.13,1.52
Dolnoslaskie,2021-01-16,,forecast,0.96,1,0.34,0.57,0.81,0.91,1.02,1.13,1.52
Dolnoslaskie,2021-01-17,,forecast,0.96,1,0.34,0.57,0.81,0.91,1.02,1.13,1.52
Dolnoslaskie,2021-01-18,,forecast,0.96,1,0.34,0.57,0.81,0.91,1.02,1.13,1.52
Dolnoslaskie,2021-01-19,,forecast,0.96,1,0.34,0.57,0.81,0.91,1.02,1.13,1.52
Dolnoslaskie,2021-01-20,,forecast,0.96,1,0.34,0.57,0.81,0.91,1.02,1.13,1.52
Dolnoslaskie,2021-01-21,,forecast,0.96,1,0.34,0.57,0.81,0.91,1.02,1.13,1.52
Dolnoslaskie,2021-01-22,,forecast,0.96,1,0.34,0.57,0.81,0.91,1.02,1.13,1.52
Dolnoslaskie,2021-01-23,,forecast,0.96,1,0.34,0.57,0.81,0.91,1.02,1.13,1.52
Dolnoslaskie,2021-01-24,,forecast,0.96,1,0.34,0.57,0.81,0.91,1.02,1.13,1.52
Dolnoslaskie,2021-01-25,,forecast,0.96,1,0.34,0.57,0.81,0.91,1.02,1.13,1.52
Dolnoslaskie,2021-01-26,,forecast,0.96,1,0.34,0.57,0.81,0.91,1.02,1.13,1.52
Dolnoslaskie,2021-01-27,,forecast,0.96,1,0.34,0.57,0.81,0.91,1.02,1.13,1.52
Dolnoslaskie,2021-01-28,,forecast,0.96,1,0.34,0.57,0.81,0.91,1.02,1.13,1.52
Dolnoslaskie,2021-01-29,,forecast,0.96,1,0.34,0.57,0.81,0.91,1.02,1.13,1.52
Dolnoslaskie,2021-01-30,,forecast,0.96,1,0.34,0.57,0.81,0.91,1.02,1.13,1.52
Dolnoslaskie,2021-01-31,,forecast,0.96,1,0.34,0.57,0.81,0.91,1.02,1.13,1.52
Dolnoslaskie,2021-02-01,,forecast,0.96,1,0.34,0.57,0.81,0.91,1.02,1.13,1.52
Dolnoslaskie,2021-02-02,,forecast,0.96,1,0.34,0.57,0.81,0.91,1.02,1.13,1.52
Dolnoslaskie,2021-02-03,,forecast,0.96,1,0.34,0.57,0.81,0.91,1.02,1.13,1.52
Dolnoslaskie,2021-02-04,,forecast,0.96,1,0.34,0.57,0.81,0.91,1.02,1.13,1.52
Dolnoslaskie,2021-02-05,,forecast,0.96,1,0.34,0.57,0.81,0.91,1.02,1.13,1.52
Dolnoslaskie,2021-02-06,,forecast,0.96,1,0.34,0.57,0.81,0.91,1.02,1.13,1.52
Dolnoslaskie,2021-02-07,,forecast,0.96,1,0.34,0.57,0.81,0.91,1.02,1.13,1.52
Dolnoslaskie,2021-02-08,,forecast,0.96,1,0.34,0.57,0.81,0.91,1.02,1.13,1.52
Dolnoslaskie,2021-02-09,,forecast,0.96,1,0.34,0.57,0.81,0.91,1.02,1.13,1.52
Dolnoslaskie,2021-02-10,,forecast,0.96,1,0.34,0.57,0.81,0.91,1.02,1.13,1.52
Free Hanseatic City of Bremen,2020-10-24,,estimate,1.03,1.04,0.08,0.9,1,1.02,1.05,1.07,1.18
Free Hanseatic City of Bremen,2020-10-25,,estimate,1.03,1.04,0.08,0.91,1,1.02,1.05,1.07,1.17
Free Hanseatic City of Bremen,2020-10-26,,estimate,1.03,1.04,0.07,0.92,1,1.02,1.05,1.07,1.16
Free Hanseatic City of Bremen,2020-10-27,,estimate,1.03,1.04,0.07,0.92,1,1.02,1.05,1.07,1.16
Free Hanseatic City of Bremen,2020-10-28,,estimate,1.03,1.04,0.07,0.93,1,1.02,1.05,1.07,1.15
Free Hanseatic City of Bremen,2020-10-29,,estimate,1.03,1.04,0.06,0.93,1,1.02,1.05,1.07,1.14
Free Hanseatic City of Bremen,2020-10-30,,estimate,1.03,1.04,0.06,0.94,1,1.02,1.05,1.07,1.14
Free Hanseatic City of Bremen,2020-10-31,,estimate,1.03,1.04,0.06,0.94,1,1.02,1.05,1.07,1.14
Free Hanseatic City of Bremen,2020-11-01,,estimate,1.03,1.04,0.06,0.94,1.01,1.02,1.04,1.07,1.13
Free Hanseatic City of Bremen,2020-11-02,,estimate,1.04,1.04,0.06,0.95,1.01,1.02,1.04,1.07,1.13
Free Hanseatic City of Bremen,2020-11-03,,estimate,1.03,1.04,0.05,0.95,1.01,1.03,1.04,1.07,1.13
Free Hanseatic City of Bremen,2020-11-04,,estimate,1.04,1.04,0.05,0.95,1.01,1.03,1.05,1.07,1.12
Free Hanseatic City of Bremen,2020-11-05,,estimate,1.04,1.04,0.05,0.96,1.01,1.03,1.05,1.06,1.12
Free Hanseatic City of Bremen,2020-11-06,,estimate,1.04,1.04,0.05,0.96,1.01,1.03,1.05,1.06,1.12
Free Hanseatic City of Bremen,2020-11-07,,estimate,1.04,1.04,0.05,0.96,1.01,1.03,1.04,1.06,1.12
Free Hanseatic City of Bremen,2020-11-08,,estimate,1.04,1.04,0.05,0.97,1.01,1.03,1.04,1.06,1.12
Free Hanseatic City of Bremen,2020-11-09,,estimate,1.04,1.04,0.05,0.97,1.01,1.03,1.04,1.06,1.12
Free Hanseatic City of Bremen,2020-11-10,,estimate,1.04,1.04,0.05,0.97,1.01,1.03,1.04,1.06,1.12
Free Hanseatic City of Bremen,2020-11-11,,estimate,1.04,1.04,0.05,0.97,1.01,1.03,1.04,1.06,1.12
Free Hanseatic City of Bremen,2020-11-12,,estimate,1.04,1.04,0.05,0.97,1.01,1.03,1.04,1.06,1.12
Free Hanseatic City of Bremen,2020-11-13,,estimate,1.04,1.04,0.04,0.98,1.01,1.03,1.04,1.06,1.11
Free Hanseatic City of Bremen,2020-11-14,,estimate,1.04,1.04,0.04,0.98,1.02,1.03,1.05,1.06,1.11
Free Hanseatic City of Bremen,2020-11-15,,estimate,1.04,1.04,0.04,0.98,1.02,1.03,1.05,1.06,1.11
Free Hanseatic City of Bremen,2020-11-16,,estimate,1.04,1.04,0.04,0.98,1.02,1.03,1.04,1.06,1.11
Free Hanseatic City of Bremen,2020-11-17,,estimate,1.04,1.04,0.04,0.98,1.02,1.03,1.04,1.06,1.11
Free Hanseatic City of Bremen,2020-11-18,,estimate,1.04,1.04,0.05,0.98,1.02,1.03,1.04,1.06,1.11
Free Hanseatic City of Bremen,2020-11-19,,estimate,1.04,1.04,0.05,0.98,1.02,1.03,1.04,1.06,1.11
Free Hanseatic City of Bremen,2020-11-20,,estimate,1.04,1.04,0.05,0.98,1.02,1.03,1.04,1.06,1.11
Free Hanseatic City of Bremen,2020-11-21,,estimate,1.04,1.04,0.05,0.97,1.01,1.03,1.04,1.06,1.11
Free Hanseatic City of Bremen,2020-11-22,,estimate,1.03,1.04,0.05,0.97,1.01,1.03,1.04,1.06,1.11
Free Hanseatic City of Bremen,2020-11-23,,estimate,1.03,1.04,0.05,0.97,1.01,1.03,1.04,1.06,1.11
Free Hanseatic City of Bremen,2020-11-24,,estimate,1.03,1.04,0.05,0.97,1.01,1.03,1.04,1.06,1.11
Free Hanseatic City of Bremen,2020-11-25,,estimate,1.03,1.03,0.05,0.97,1.01,1.03,1.04,1.05,1.1
Free Hanseatic City of Bremen,2020-11-26,,estimate,1.03,1.03,0.05,0.97,1.01,1.03,1.04,1.05,1.1
Free Hanseatic City of Bremen,2020-11-27,,estimate,1.03,1.03,0.05,0.96,1.01,1.03,1.04,1.05,1.1
Free Hanseatic City of Bremen,2020-11-28,,estimate,1.03,1.03,0.04,0.96,1.01,1.02,1.04,1.05,1.09
Free Hanseatic City of Bremen,2020-11-29,,estimate,1.03,1.03,0.04,0.96,1.01,1.02,1.04,1.05,1.09
Free Hanseatic City of Bremen,2020-11-30,,estimate,1.03,1.03,0.04,0.96,1.01,1.02,1.04,1.05,1.09
Free Hanseatic City of Bremen,2020-12-01,,estimate,1.03,1.03,0.04,0.96,1.01,1.02,1.04,1.05,1.09
Free Hanseatic City of Bremen,2020-12-02,,estimate,1.03,1.03,0.04,0.95,1.01,1.02,1.04,1.05,1.09
Free Hanseatic City of Bremen,2020-12-03,,estimate,1.03,1.03,0.04,0.95,1.01,1.02,1.04,1.05,1.09
Free Hanseatic City of Bremen,2020-12-04,,estimate,1.03,1.02,0.04,0.95,1,1.02,1.03,1.05,1.09
Free Hanseatic City of Bremen,2020-12-05,,estimate,1.03,1.02,0.04,0.95,1,1.02,1.03,1.05,1.08
Free Hanseatic City of Bremen,2020-12-06,,estimate,1.03,1.02,0.04,0.95,1,1.02,1.03,1.05,1.08
Free Hanseatic City of Bremen,2020-12-07,,estimate,1.03,1.02,0.04,0.95,1,1.02,1.03,1.05,1.08
Free Hanseatic City of Bremen,2020-12-08,,estimate,1.03,1.02,0.04,0.95,1,1.02,1.03,1.05,1.08
Free Hanseatic City of Bremen,2020-12-09,,estimate,1.03,1.02,0.04,0.95,1,1.02,1.03,1.05,1.08
Free Hanseatic City of Bremen,2020-12-10,,estimate,1.03,1.02,0.05,0.95,1,1.02,1.04,1.05,1.08
Free Hanseatic City of Bremen,2020-12-11,,estimate,1.03,1.02,0.05,0.95,1,1.02,1.04,1.05,1.09
Free Hanseatic City of Bremen,2020-12-12,,estimate,1.03,1.02,0.05,0.95,1,1.02,1.04,1.05,1.09
Free Hanseatic City of Bremen,2020-12-13,,estimate,1.03,1.03,0.05,0.95,1,1.02,1.04,1.05,1.09
Free Hanseatic City of Bremen,2020-12-14,,estimate,1.03,1.03,0.05,0.95,1,1.02,1.04,1.05,1.09
Free Hanseatic City of Bremen,2020-12-15,,estimate,1.03,1.03,0.05,0.95,1,1.02,1.04,1.05,1.1
Free Hanseatic City of Bremen,2020-12-16,,estimate,1.03,1.03,0.05,0.94,1,1.02,1.04,1.05,1.1
Free Hanseatic City of Bremen,2020-12-17,,estimate,1.03,1.03,0.05,0.95,1,1.02,1.04,1.05,1.1
Free Hanseatic City of Bremen,2020-12-18,,estimate,1.03,1.03,0.05,0.94,1,1.02,1.04,1.06,1.11
Free Hanseatic City of Bremen,2020-12-19,,estimate,1.03,1.03,0.06,0.94,1,1.02,1.04,1.06,1.12
Free Hanseatic City of Bremen,2020-12-20,,estimate,1.03,1.03,0.06,0.94,1,1.02,1.04,1.06,1.12
Free Hanseatic City of Bremen,2020-12-21,,estimate,1.03,1.03,0.06,0.93,1,1.02,1.04,1.06,1.13
Free Hanseatic City of Bremen,2020-12-22,,estimate,1.03,1.03,0.06,0.93,1,1.02,1.04,1.06,1.14
Free Hanseatic City of Bremen,2020-12-23,,estimate,1.03,1.03,0.07,0.93,1,1.02,1.04,1.07,1.14
Free Hanseatic City of Bremen,2020-12-24,,estimate,1.03,1.03,0.07,0.92,1,1.02,1.04,1.07,1.15
Free Hanseatic City of Bremen,2020-12-25,,estimate based on partial data,1.03,1.03,0.07,0.91,1,1.02,1.04,1.07,1.16
Free Hanseatic City of Bremen,2020-12-26,,estimate based on partial data,1.03,1.04,0.08,0.91,1,1.02,1.04,1.07,1.17
Free Hanseatic City of Bremen,2020-12-27,,estimate based on partial data,1.03,1.04,0.08,0.9,1,1.02,1.05,1.07,1.18
Free Hanseatic City of Bremen,2020-12-28,,estimate based on partial data,1.03,1.04,0.09,0.9,0.99,1.02,1.05,1.07,1.19
Free Hanseatic City of Bremen,2020-12-29,,estimate based on partial data,1.03,1.04,0.1,0.89,0.99,1.02,1.05,1.08,1.2
Free Hanseatic City of Bremen,2020-12-30,,estimate based on partial data,1.03,1.04,0.1,0.88,0.99,1.02,1.05,1.08,1.21
Free Hanseatic City of Bremen,2020-12-31,,estimate based on partial data,1.03,1.04,0.11,0.88,0.99,1.02,1.05,1.08,1.22
Free Hanseatic City of Bremen,2021-01-01,,estimate based on partial data,1.03,1.04,0.12,0.88,0.99,1.02,1.05,1.08,1.24
Free Hanseatic City of Bremen,2021-01-02,,estimate based on partial data,1.03,1.04,0.12,0.86,0.99,1.02,1.05,1.08,1.25
Free Hanseatic City of Bremen,2021-01-03,,estimate based on partial data,1.03,1.04,0.13,0.86,0.99,1.02,1.05,1.08,1.26
Free Hanseatic City of Bremen,2021-01-04,,estimate based on partial data,1.03,1.04,0.14,0.85,0.98,1.02,1.05,1.08,1.27
Free Hanseatic City of Bremen,2021-01-05,,estimate based on partial data,1.03,1.04,0.15,0.84,0.98,1.02,1.05,1.08,1.27
Free Hanseatic City of Bremen,2021-01-06,,estimate based on partial data,1.03,1.04,0.15,0.83,0.98,1.02,1.05,1.09,1.29
Free Hanseatic City of Bremen,2021-01-07,,estimate based on partial data,1.03,1.04,0.16,0.83,0.98,1.02,1.05,1.09,1.3
Free Hanseatic City of Bremen,2021-01-08,,estimate based on partial data,1.03,1.05,0.17,0.82,0.98,1.02,1.05,1.09,1.32
Free Hanseatic City of Bremen,2021-01-09,,estimate based on partial data,1.03,1.05,0.18,0.81,0.98,1.02,1.05,1.09,1.33
Free Hanseatic City of Bremen,2021-01-10,,estimate based on partial data,1.03,1.05,0.18,0.81,0.98,1.02,1.05,1.09,1.34
Free Hanseatic City of Bremen,2021-01-11,,estimate based on partial data,1.03,1.05,0.19,0.8,0.98,1.02,1.05,1.09,1.36
Free Hanseatic City of Bremen,2021-01-12,,forecast,1.03,1.05,0.19,0.8,0.98,1.02,1.05,1.09,1.36
Free Hanseatic City of Bremen,2021-01-13,,forecast,1.03,1.05,0.19,0.8,0.98,1.02,1.05,1.09,1.36
Free Hanseatic City of Bremen,2021-01-14,,forecast,1.03,1.05,0.19,0.8,0.98,1.02,1.05,1.09,1.36
Free Hanseatic City of Bremen,2021-01-15,,forecast,1.03,1.05,0.19,0.8,0.98,1.02,1.05,1.09,1.36
Free Hanseatic City of Bremen,2021-01-16,,forecast,1.03,1.05,0.19,0.8,0.98,1.02,1.05,1.09,1.36
Free Hanseatic City of Bremen,2021-01-17,,forecast,1.03,1.05,0.19,0.8,0.98,1.02,1.05,1.09,1.36
Free Hanseatic City of Bremen,2021-01-18,,forecast,1.03,1.05,0.19,0.8,0.98,1.02,1.05,1.09,1.36
Free Hanseatic City of Bremen,2021-01-19,,forecast,1.03,1.05,0.19,0.8,0.98,1.02,1.05,1.09,1.36
Free Hanseatic City of Bremen,2021-01-20,,forecast,1.03,1.05,0.19,0.8,0.98,1.02,1.05,1.09,1.36
Free Hanseatic City of Bremen,2021-01-21,,forecast,1.03,1.05,0.19,0.8,0.98,1.02,1.05,1.09,1.36
Free Hanseatic City of Bremen,2021-01-22,,forecast,1.03,1.05,0.19,0.8,0.98,1.02,1.05,1.09,1.36
Free Hanseatic City of Bremen,2021-01-23,,forecast,1.03,1.05,0.19,0.8,0.98,1.02,1.05,1.09,1.36
Free Hanseatic City of Bremen,2021-01-24,,forecast,1.03,1.05,0.19,0.8,0.98,1.02,1.05,1.09,1.36
Free Hanseatic City of Bremen,2021-01-25,,forecast,1.03,1.05,0.19,0.8,0.98,1.02,1.05,1.09,1.36
Free Hanseatic City of Bremen,2021-01-26,,forecast,1.03,1.05,0.19,0.8,0.98,1.02,1.05,1.09,1.36
Free Hanseatic City of Bremen,2021-01-27,,forecast,1.03,1.05,0.19,0.8,0.98,1.02,1.05,1.09,1.36
Free Hanseatic City of Bremen,2021-01-28,,forecast,1.03,1.05,0.19,0.8,0.98,1.02,1.05,1.09,1.36
Free Hanseatic City of Bremen,2021-01-29,,forecast,1.03,1.05,0.19,0.8,0.98,1.02,1.05,1.09,1.36
Free Hanseatic City of Bremen,2021-01-30,,forecast,1.03,1.05,0.19,0.8,0.98,1.02,1.05,1.09,1.36
Free Hanseatic City of Bremen,2021-01-31,,forecast,1.03,1.05,0.19,0.8,0.98,1.02,1.05,1.09,1.36
Free Hanseatic City of Bremen,2021-02-01,,forecast,1.03,1.05,0.19,0.8,0.98,1.02,1.05,1.09,1.36
Free Hanseatic City of Bremen,2021-02-02,,forecast,1.03,1.05,0.19,0.8,0.98,1.02,1.05,1.09,1.36
Free Hanseatic City of Bremen,2021-02-03,,forecast,1.03,1.05,0.19,0.8,0.98,1.02,1.05,1.09,1.36
Free Hanseatic City of Bremen,2021-02-04,,forecast,1.03,1.05,0.19,0.8,0.98,1.02,1.05,1.09,1.36
Free Hanseatic City of Bremen,2021-02-05,,forecast,1.03,1.05,0.19,0.8,0.98,1.02,1.05,1.09,1.36
Free Hanseatic City of Bremen,2021-02-06,,forecast,1.03,1.05,0.19,0.8,0.98,1.02,1.05,1.09,1.36
Free Hanseatic City of Bremen,2021-02-07,,forecast,1.03,1.05,0.19,0.8,0.98,1.02,1.05,1.09,1.36
Free Hanseatic City of Bremen,2021-02-08,,forecast,1.03,1.05,0.19,0.8,0.98,1.02,1.05,1.09,1.36
Free Hanseatic City of Bremen,2021-02-09,,forecast,1.03,1.05,0.19,0.8,0.98,1.02,1.05,1.09,1.36
Free Hanseatic City of Bremen,2021-02-10,,forecast,1.03,1.05,0.19,0.8,0.98,1.02,1.05,1.09,1.36
Free Hanseatic City of Hamburg,2020-10-20,,estimate,1.17,1.18,0.11,1.01,1.12,1.15,1.19,1.23,1.36
Free Hanseatic City of Hamburg,2020-10-21,,estimate,1.17,1.18,0.1,1.02,1.12,1.15,1.19,1.23,1.36
Free Hanseatic City of Hamburg,2020-10-22,,estimate,1.17,1.18,0.1,1.03,1.13,1.15,1.19,1.23,1.35
Free Hanseatic City of Hamburg,2020-10-23,,estimate,1.17,1.18,0.1,1.03,1.13,1.15,1.19,1.23,1.35
Free Hanseatic City of Hamburg,2020-10-24,,estimate,1.17,1.18,0.09,1.05,1.13,1.16,1.19,1.23,1.34
Free Hanseatic City of Hamburg,2020-10-25,,estimate,1.17,1.19,0.09,1.06,1.13,1.16,1.19,1.23,1.34
Free Hanseatic City of Hamburg,2020-10-26,,estimate,1.17,1.19,0.08,1.07,1.13,1.16,1.2,1.23,1.34
Free Hanseatic City of Hamburg,2020-10-27,,estimate,1.18,1.19,0.08,1.07,1.13,1.16,1.2,1.23,1.33
Free Hanseatic City of Hamburg,2020-10-28,,estimate,1.18,1.19,0.08,1.08,1.14,1.16,1.2,1.23,1.33
Free Hanseatic City of Hamburg,2020-10-29,,estimate,1.18,1.19,0.08,1.09,1.14,1.16,1.2,1.23,1.32
Free Hanseatic City of Hamburg,2020-10-30,,estimate,1.18,1.19,0.07,1.09,1.14,1.16,1.2,1.23,1.32
Free Hanseatic City of Hamburg,2020-10-31,,estimate,1.18,1.19,0.07,1.09,1.14,1.16,1.2,1.23,1.32
Free Hanseatic City of Hamburg,2020-11-01,,estimate,1.18,1.19,0.07,1.1,1.14,1.16,1.2,1.23,1.32
Free Hanseatic City of Hamburg,2020-11-02,,estimate,1.18,1.19,0.07,1.1,1.14,1.16,1.2,1.23,1.31
Free Hanseatic City of Hamburg,2020-11-03,,estimate,1.18,1.19,0.07,1.1,1.14,1.16,1.2,1.23,1.31
Free Hanseatic City of Hamburg,2020-11-04,,estimate,1.18,1.19,0.07,1.1,1.14,1.16,1.2,1.23,1.31
Free Hanseatic City of Hamburg,2020-11-05,,estimate,1.18,1.19,0.06,1.11,1.14,1.16,1.19,1.22,1.31
Free Hanseatic City of Hamburg,2020-11-06,,estimate,1.18,1.19,0.06,1.11,1.14,1.16,1.19,1.22,1.31
Free Hanseatic City of Hamburg,2020-11-07,,estimate,1.18,1.19,0.06,1.1,1.14,1.16,1.19,1.22,1.31
Free Hanseatic City of Hamburg,2020-11-08,,estimate,1.17,1.19,0.06,1.11,1.14,1.16,1.19,1.22,1.31
Free Hanseatic City of Hamburg,2020-11-09,,estimate,1.17,1.18,0.06,1.1,1.14,1.16,1.19,1.22,1.3
Free Hanseatic City of Hamburg,2020-11-10,,estimate,1.17,1.18,0.06,1.1,1.14,1.16,1.18,1.21,1.3
Free Hanseatic City of Hamburg,2020-11-11,,estimate,1.17,1.18,0.06,1.1,1.14,1.16,1.18,1.21,1.3
Free Hanseatic City of Hamburg,2020-11-12,,estimate,1.17,1.18,0.06,1.1,1.14,1.15,1.18,1.21,1.29
Free Hanseatic City of Hamburg,2020-11-13,,estimate,1.16,1.17,0.06,1.1,1.14,1.15,1.18,1.2,1.29
Free Hanseatic City of Hamburg,2020-11-14,,estimate,1.16,1.17,0.06,1.1,1.13,1.15,1.17,1.2,1.29
Free Hanseatic City of Hamburg,2020-11-15,,estimate,1.16,1.17,0.06,1.1,1.13,1.15,1.17,1.19,1.28
Free Hanseatic City of Hamburg,2020-11-16,,estimate,1.16,1.17,0.06,1.09,1.13,1.15,1.17,1.19,1.27
Free Hanseatic City of Hamburg,2020-11-17,,estimate,1.15,1.16,0.06,1.09,1.13,1.14,1.16,1.19,1.26
Free Hanseatic City of Hamburg,2020-11-18,,estimate,1.15,1.16,0.05,1.09,1.13,1.14,1.16,1.18,1.25
Free Hanseatic City of Hamburg,2020-11-19,,estimate,1.15,1.15,0.05,1.08,1.13,1.14,1.16,1.18,1.25
Free Hanseatic City of Hamburg,2020-11-20,,estimate,1.15,1.15,0.05,1.08,1.12,1.14,1.15,1.17,1.24
Free Hanseatic City of Hamburg,2020-11-21,,estimate,1.14,1.15,0.05,1.07,1.12,1.13,1.15,1.17,1.23
Free Hanseatic City of Hamburg,2020-11-22,,estimate,1.14,1.14,0.05,1.06,1.12,1.13,1.15,1.16,1.22
Free Hanseatic City of Hamburg,2020-11-23,,estimate,1.14,1.14,0.05,1.06,1.11,1.13,1.14,1.16,1.21
Free Hanseatic City of Hamburg,2020-11-24,,estimate,1.13,1.13,0.05,1.05,1.11,1.13,1.14,1.16,1.2
Free Hanseatic City of Hamburg,2020-11-25,,estimate,1.13,1.13,0.05,1.04,1.1,1.12,1.14,1.15,1.19
Free Hanseatic City of Hamburg,2020-11-26,,estimate,1.13,1.12,0.05,1.04,1.1,1.12,1.14,1.15,1.19
Free Hanseatic City of Hamburg,2020-11-27,,estimate,1.12,1.12,0.05,1.03,1.09,1.12,1.13,1.15,1.19
Free Hanseatic City of Hamburg,2020-11-28,,estimate,1.12,1.11,0.05,1.02,1.09,1.11,1.13,1.15,1.18
Free Hanseatic City of Hamburg,2020-11-29,,estimate,1.12,1.11,0.05,1.01,1.09,1.11,1.13,1.14,1.18
Free Hanseatic City of Hamburg,2020-11-30,,estimate,1.12,1.11,0.06,1,1.08,1.11,1.13,1.14,1.18
Free Hanseatic City of Hamburg,2020-12-01,,estimate,1.12,1.1,0.06,1,1.08,1.1,1.13,1.14,1.18
Free Hanseatic City of Hamburg,2020-12-02,,estimate,1.11,1.1,0.06,0.99,1.08,1.1,1.13,1.14,1.17
Free Hanseatic City of Hamburg,2020-12-03,,estimate,1.11,1.1,0.06,0.98,1.08,1.1,1.12,1.14,1.17
Free Hanseatic City of Hamburg,2020-12-04,,estimate,1.11,1.1,0.06,0.98,1.07,1.1,1.12,1.14,1.17
Free Hanseatic City of Hamburg,2020-12-05,,estimate,1.11,1.1,0.06,0.97,1.07,1.1,1.12,1.14,1.17
Free Hanseatic City of Hamburg,2020-12-06,,estimate,1.11,1.1,0.06,0.97,1.07,1.1,1.12,1.14,1.17
Free Hanseatic City of Hamburg,2020-12-07,,estimate,1.11,1.1,0.06,0.98,1.07,1.1,1.12,1.14,1.17
Free Hanseatic City of Hamburg,2020-12-08,,estimate,1.11,1.1,0.06,0.98,1.07,1.1,1.12,1.14,1.17
Free Hanseatic City of Hamburg,2020-12-09,,estimate,1.11,1.1,0.06,0.98,1.07,1.1,1.12,1.14,1.17
Free Hanseatic City of Hamburg,2020-12-10,,estimate,1.11,1.1,0.06,0.99,1.07,1.1,1.12,1.14,1.17
Free Hanseatic City of Hamburg,2020-12-11,,estimate,1.11,1.1,0.06,1,1.07,1.1,1.12,1.14,1.17
Free Hanseatic City of Hamburg,2020-12-12,,estimate,1.11,1.1,0.06,1,1.08,1.1,1.12,1.14,1.18
Free Hanseatic City of Hamburg,2020-12-13,,estimate,1.11,1.11,0.05,1.01,1.08,1.1,1.12,1.14,1.18
Free Hanseatic City of Hamburg,2020-12-14,,estimate,1.11,1.11,0.05,1.02,1.08,1.1,1.13,1.14,1.19
Free Hanseatic City of Hamburg,2020-12-15,,estimate,1.12,1.11,0.05,1.02,1.08,1.11,1.13,1.14,1.19
Free Hanseatic City of Hamburg,2020-12-16,,estimate,1.12,1.12,0.05,1.03,1.09,1.11,1.13,1.15,1.19
Free Hanseatic City of Hamburg,2020-12-17,,estimate,1.12,1.12,0.05,1.03,1.09,1.11,1.13,1.15,1.2
Free Hanseatic City of Hamburg,2020-12-18,,estimate,1.12,1.12,0.05,1.03,1.09,1.11,1.14,1.15,1.2
Free Hanseatic City of Hamburg,2020-12-19,,estimate,1.13,1.13,0.06,1.04,1.1,1.12,1.14,1.16,1.21
Free Hanseatic City of Hamburg,2020-12-20,,estimate,1.13,1.13,0.06,1.04,1.1,1.12,1.14,1.16,1.22
Free Hanseatic City of Hamburg,2020-12-21,,estimate,1.13,1.14,0.06,1.05,1.1,1.12,1.14,1.17,1.24
Free Hanseatic City of Hamburg,2020-12-22,,estimate,1.14,1.14,0.07,1.04,1.1,1.12,1.15,1.17,1.25
Free Hanseatic City of Hamburg,2020-12-23,,estimate,1.14,1.15,0.07,1.04,1.11,1.13,1.15,1.18,1.28
Free Hanseatic City of Hamburg,2020-12-24,,estimate,1.14,1.15,0.08,1.04,1.11,1.13,1.16,1.19,1.3
Free Hanseatic City of Hamburg,2020-12-25,,estimate based on partial data,1.14,1.16,0.09,1.04,1.11,1.13,1.16,1.19,1.32
Free Hanseatic City of Hamburg,2020-12-26,,estimate based on partial data,1.14,1.16,0.09,1.04,1.11,1.13,1.16,1.2,1.34
Free Hanseatic City of Hamburg,2020-12-27,,estimate based on partial data,1.15,1.17,0.1,1.03,1.11,1.13,1.16,1.21,1.37
Free Hanseatic City of Hamburg,2020-12-28,,estimate based on partial data,1.15,1.17,0.11,1.03,1.11,1.13,1.17,1.21,1.39
Free Hanseatic City of Hamburg,2020-12-29,,estimate based on partial data,1.15,1.17,0.12,1.03,1.11,1.13,1.17,1.22,1.42
Free Hanseatic City of Hamburg,2020-12-30,,estimate based on partial data,1.15,1.18,0.13,1.02,1.11,1.13,1.17,1.22,1.44
Free Hanseatic City of Hamburg,2020-12-31,,estimate based on partial data,1.15,1.18,0.15,1.01,1.11,1.14,1.17,1.23,1.47
Free Hanseatic City of Hamburg,2021-01-01,,estimate based on partial data,1.15,1.19,0.16,1,1.11,1.13,1.17,1.23,1.5
Free Hanseatic City of Hamburg,2021-01-02,,estimate based on partial data,1.15,1.19,0.17,1,1.11,1.14,1.18,1.24,1.52
Free Hanseatic City of Hamburg,2021-01-03,,estimate based on partial data,1.15,1.2,0.19,1,1.11,1.14,1.18,1.24,1.54
Free Hanseatic City of Hamburg,2021-01-04,,estimate based on partial data,1.15,1.2,0.2,0.99,1.11,1.14,1.18,1.25,1.58
Free Hanseatic City of Hamburg,2021-01-05,,estimate based on partial data,1.15,1.21,0.22,0.99,1.11,1.14,1.18,1.25,1.6
Free Hanseatic City of Hamburg,2021-01-06,,estimate based on partial data,1.16,1.21,0.23,0.98,1.1,1.14,1.18,1.26,1.63
Free Hanseatic City of Hamburg,2021-01-07,,estimate based on partial data,1.15,1.22,0.25,0.97,1.1,1.14,1.18,1.26,1.65
Free Hanseatic City of Hamburg,2021-01-08,,estimate based on partial data,1.16,1.22,0.27,0.96,1.1,1.14,1.18,1.26,1.68
Free Hanseatic City of Hamburg,2021-01-09,,estimate based on partial data,1.16,1.22,0.29,0.96,1.1,1.13,1.18,1.27,1.7
Free Hanseatic City of Hamburg,2021-01-10,,estimate based on partial data,1.16,1.23,0.31,0.95,1.1,1.13,1.18,1.27,1.72
Free Hanseatic City of Hamburg,2021-01-11,,estimate based on partial data,1.16,1.23,0.33,0.94,1.1,1.13,1.18,1.28,1.76
Free Hanseatic City of Hamburg,2021-01-12,,forecast,1.16,1.23,0.33,0.94,1.1,1.13,1.18,1.28,1.76
Free Hanseatic City of Hamburg,2021-01-13,,forecast,1.16,1.23,0.33,0.94,1.1,1.13,1.18,1.28,1.76
Free Hanseatic City of Hamburg,2021-01-14,,forecast,1.16,1.23,0.33,0.94,1.1,1.13,1.18,1.28,1.76
Free Hanseatic City of Hamburg,2021-01-15,,forecast,1.16,1.23,0.33,0.94,1.1,1.13,1.18,1.28,1.76
Free Hanseatic City of Hamburg,2021-01-16,,forecast,1.16,1.23,0.33,0.94,1.1,1.13,1.18,1.28,1.76
Free Hanseatic City of Hamburg,2021-01-17,,forecast,1.16,1.23,0.33,0.94,1.1,1.13,1.18,1.28,1.76
Free Hanseatic City of Hamburg,2021-01-18,,forecast,1.16,1.23,0.33,0.94,1.1,1.13,1.18,1.28,1.76
Free Hanseatic City of Hamburg,2021-01-19,,forecast,1.16,1.23,0.33,0.94,1.1,1.13,1.18,1.28,1.76
Free Hanseatic City of Hamburg,2021-01-20,,forecast,1.16,1.23,0.33,0.94,1.1,1.13,1.18,1.28,1.76
Free Hanseatic City of Hamburg,2021-01-21,,forecast,1.16,1.23,0.33,0.94,1.1,1.13,1.18,1.28,1.76
Free Hanseatic City of Hamburg,2021-01-22,,forecast,1.16,1.23,0.33,0.94,1.1,1.13,1.18,1.28,1.76
Free Hanseatic City of Hamburg,2021-01-23,,forecast,1.16,1.23,0.33,0.94,1.1,1.13,1.18,1.28,1.76
Free Hanseatic City of Hamburg,2021-01-24,,forecast,1.16,1.23,0.33,0.94,1.1,1.13,1.18,1.28,1.76
Free Hanseatic City of Hamburg,2021-01-25,,forecast,1.16,1.23,0.33,0.94,1.1,1.13,1.18,1.28,1.76
Free Hanseatic City of Hamburg,2021-01-26,,forecast,1.16,1.23,0.33,0.94,1.1,1.13,1.18,1.28,1.76
Free Hanseatic City of Hamburg,2021-01-27,,forecast,1.16,1.23,0.33,0.94,1.1,1.13,1.18,1.28,1.76
Free Hanseatic City of Hamburg,2021-01-28,,forecast,1.16,1.23,0.33,0.94,1.1,1.13,1.18,1.28,1.76
Free Hanseatic City of Hamburg,2021-01-29,,forecast,1.16,1.23,0.33,0.94,1.1,1.13,1.18,1.28,1.76
Free Hanseatic City of Hamburg,2021-01-30,,forecast,1.16,1.23,0.33,0.94,1.1,1.13,1.18,1.28,1.76
Free Hanseatic City of Hamburg,2021-01-31,,forecast,1.16,1.23,0.33,0.94,1.1,1.13,1.18,1.28,1.76
Free Hanseatic City of Hamburg,2021-02-01,,forecast,1.16,1.23,0.33,0.94,1.1,1.13,1.18,1.28,1.76
Free Hanseatic City of Hamburg,2021-02-02,,forecast,1.16,1.23,0.33,0.94,1.1,1.13,1.18,1.28,1.76
Free Hanseatic City of Hamburg,2021-02-03,,forecast,1.16,1.23,0.33,0.94,1.1,1.13,1.18,1.28,1.76
Free Hanseatic City of Hamburg,2021-02-04,,forecast,1.16,1.23,0.33,0.94,1.1,1.13,1.18,1.28,1.76
Free Hanseatic City of Hamburg,2021-02-05,,forecast,1.16,1.23,0.33,0.94,1.1,1.13,1.18,1.28,1.76
Free Hanseatic City of Hamburg,2021-02-06,,forecast,1.16,1.23,0.33,0.94,1.1,1.13,1.18,1.28,1.76
Free Hanseatic City of Hamburg,2021-02-07,,forecast,1.16,1.23,0.33,0.94,1.1,1.13,1.18,1.28,1.76
Free Hanseatic City of Hamburg,2021-02-08,,forecast,1.16,1.23,0.33,0.94,1.1,1.13,1.18,1.28,1.76
Free Hanseatic City of Hamburg,2021-02-09,,forecast,1.16,1.23,0.33,0.94,1.1,1.13,1.18,1.28,1.76
Free Hanseatic City of Hamburg,2021-02-10,,forecast,1.16,1.23,0.33,0.94,1.1,1.13,1.18,1.28,1.76
Free State of Bavaria,2020-10-20,,estimate,1.3,1.31,0.11,1.14,1.23,1.28,1.33,1.37,1.5
Free State of Bavaria,2020-10-21,,estimate,1.3,1.31,0.1,1.15,1.24,1.28,1.33,1.37,1.49
Free State of Bavaria,2020-10-22,,estimate,1.3,1.31,0.1,1.16,1.24,1.28,1.33,1.37,1.48
Free State of Bavaria,2020-10-23,,estimate,1.31,1.31,0.09,1.17,1.25,1.28,1.33,1.37,1.47
Free State of Bavaria,2020-10-24,,estimate,1.31,1.31,0.08,1.18,1.25,1.28,1.33,1.37,1.46
Free State of Bavaria,2020-10-25,,estimate,1.31,1.31,0.08,1.19,1.25,1.29,1.33,1.36,1.45
Free State of Bavaria,2020-10-26,,estimate,1.3,1.31,0.08,1.2,1.26,1.28,1.32,1.36,1.44
Free State of Bavaria,2020-10-27,,estimate,1.3,1.31,0.07,1.2,1.26,1.28,1.32,1.35,1.43
Free State of Bavaria,2020-10-28,,estimate,1.3,1.3,0.07,1.2,1.25,1.28,1.31,1.34,1.42
Free State of Bavaria,2020-10-29,,estimate,1.29,1.3,0.07,1.2,1.25,1.28,1.31,1.34,1.41
Free State of Bavaria,2020-10-30,,estimate,1.29,1.29,0.06,1.2,1.25,1.27,1.3,1.33,1.4
Free State of Bavaria,2020-10-31,,estimate,1.28,1.29,0.06,1.2,1.24,1.27,1.29,1.32,1.39
Free State of Bavaria,2020-11-01,,estimate,1.27,1.28,0.06,1.2,1.24,1.26,1.29,1.31,1.38
Free State of Bavaria,2020-11-02,,estimate,1.27,1.27,0.05,1.19,1.23,1.25,1.28,1.3,1.36
Free State of Bavaria,2020-11-03,,estimate,1.26,1.26,0.05,1.19,1.23,1.25,1.27,1.29,1.35
Free State of Bavaria,2020-11-04,,estimate,1.25,1.25,0.05,1.18,1.22,1.24,1.26,1.28,1.34
Free State of Bavaria,2020-11-05,,estimate,1.24,1.24,0.05,1.18,1.21,1.23,1.25,1.27,1.32
Free State of Bavaria,2020-11-06,,estimate,1.23,1.23,0.04,1.17,1.21,1.22,1.24,1.26,1.31
Free State of Bavaria,2020-11-07,,estimate,1.22,1.22,0.04,1.16,1.2,1.21,1.23,1.25,1.3
Free State of Bavaria,2020-11-08,,estimate,1.21,1.21,0.04,1.15,1.19,1.2,1.22,1.24,1.28
Free State of Bavaria,2020-11-09,,estimate,1.2,1.2,0.04,1.13,1.18,1.2,1.21,1.23,1.27
Free State of Bavaria,2020-11-10,,estimate,1.2,1.2,0.04,1.12,1.17,1.19,1.21,1.22,1.26
Free State of Bavaria,2020-11-11,,estimate,1.19,1.19,0.04,1.12,1.17,1.18,1.2,1.21,1.25
Free State of Bavaria,2020-11-12,,estimate,1.18,1.18,0.04,1.11,1.16,1.17,1.19,1.2,1.24
Free State of Bavaria,2020-11-13,,estimate,1.17,1.17,0.04,1.1,1.15,1.16,1.18,1.2,1.23
Free State of Bavaria,2020-11-14,,estimate,1.16,1.16,0.04,1.09,1.14,1.15,1.17,1.19,1.22
Free State of Bavaria,2020-11-15,,estimate,1.16,1.15,0.04,1.09,1.13,1.15,1.17,1.18,1.22
Free State of Bavaria,2020-11-16,,estimate,1.15,1.15,0.04,1.08,1.13,1.14,1.16,1.17,1.21
Free State of Bavaria,2020-11-17,,estimate,1.14,1.14,0.04,1.08,1.12,1.13,1.15,1.17,1.2
Free State of Bavaria,2020-11-18,,estimate,1.14,1.13,0.04,1.07,1.11,1.13,1.14,1.16,1.19
Free State of Bavaria,2020-11-19,,estimate,1.13,1.13,0.04,1.07,1.11,1.12,1.14,1.15,1.19
Free State of Bavaria,2020-11-20,,estimate,1.12,1.12,0.04,1.06,1.1,1.12,1.13,1.15,1.18
Free State of Bavaria,2020-11-21,,estimate,1.12,1.12,0.04,1.05,1.09,1.11,1.12,1.14,1.18
Free State of Bavaria,2020-11-22,,estimate,1.11,1.11,0.04,1.05,1.09,1.1,1.12,1.13,1.17
Free State of Bavaria,2020-11-23,,estimate,1.11,1.11,0.04,1.05,1.08,1.1,1.11,1.13,1.17
Free State of Bavaria,2020-11-24,,estimate,1.1,1.1,0.04,1.04,1.08,1.09,1.11,1.12,1.16
Free State of Bavaria,2020-11-25,,estimate,1.09,1.09,0.04,1.03,1.07,1.08,1.1,1.12,1.16
Free State of Bavaria,2020-11-26,,estimate,1.09,1.09,0.04,1.03,1.06,1.08,1.1,1.11,1.15
Free State of Bavaria,2020-11-27,,estimate,1.08,1.08,0.04,1.02,1.06,1.07,1.09,1.1,1.15
Free State of Bavaria,2020-11-28,,estimate,1.08,1.08,0.04,1.02,1.05,1.07,1.09,1.1,1.14
Free State of Bavaria,2020-11-29,,estimate,1.07,1.07,0.04,1.01,1.05,1.06,1.08,1.09,1.13
Free State of Bavaria,2020-11-30,,estimate,1.07,1.07,0.04,1,1.04,1.06,1.07,1.09,1.13
Free State of Bavaria,2020-12-01,,estimate,1.06,1.06,0.04,1,1.04,1.05,1.07,1.08,1.12
Free State of Bavaria,2020-12-02,,estimate,1.06,1.06,0.04,0.99,1.03,1.05,1.07,1.08,1.11
Free State of Bavaria,2020-12-03,,estimate,1.05,1.05,0.04,0.99,1.03,1.04,1.06,1.07,1.11
Free State of Bavaria,2020-12-04,,estimate,1.05,1.05,0.04,0.98,1.02,1.04,1.06,1.07,1.1
Free State of Bavaria,2020-12-05,,estimate,1.05,1.04,0.04,0.97,1.02,1.04,1.05,1.07,1.1
Free State of Bavaria,2020-12-06,,estimate,1.04,1.04,0.04,0.97,1.02,1.03,1.05,1.06,1.09
Free State of Bavaria,2020-12-07,,estimate,1.04,1.04,0.04,0.97,1.01,1.03,1.05,1.06,1.09
Free State of Bavaria,2020-12-08,,estimate,1.04,1.03,0.04,0.96,1.01,1.03,1.05,1.06,1.09
Free State of Bavaria,2020-12-09,,estimate,1.04,1.03,0.04,0.96,1.01,1.03,1.04,1.06,1.09
Free State of Bavaria,2020-12-10,,estimate,1.03,1.03,0.04,0.95,1.01,1.02,1.04,1.06,1.09
Free State of Bavaria,2020-12-11,,estimate,1.03,1.03,0.04,0.95,1.01,1.02,1.04,1.06,1.09
Free State of Bavaria,2020-12-12,,estimate,1.03,1.03,0.04,0.95,1.01,1.02,1.04,1.06,1.08
Free State of Bavaria,2020-12-13,,estimate,1.03,1.03,0.04,0.95,1.01,1.02,1.04,1.06,1.09
Free State of Bavaria,2020-12-14,,estimate,1.03,1.03,0.04,0.95,1.01,1.03,1.04,1.06,1.09
Free State of Bavaria,2020-12-15,,estimate,1.03,1.03,0.04,0.96,1.01,1.03,1.04,1.06,1.09
Free State of Bavaria,2020-12-16,,estimate,1.04,1.03,0.04,0.96,1.01,1.03,1.05,1.06,1.09
Free State of Bavaria,2020-12-17,,estimate,1.04,1.04,0.04,0.97,1.01,1.03,1.05,1.06,1.1
Free State of Bavaria,2020-12-18,,estimate,1.04,1.04,0.04,0.97,1.02,1.03,1.05,1.07,1.11
Free State of Bavaria,2020-12-19,,estimate,1.04,1.04,0.04,0.97,1.02,1.04,1.05,1.07,1.11
Free State of Bavaria,2020-12-20,,estimate,1.05,1.05,0.04,0.98,1.02,1.04,1.06,1.08,1.12
Free State of Bavaria,2020-12-21,,estimate,1.05,1.05,0.05,0.98,1.02,1.04,1.06,1.08,1.13
Free State of Bavaria,2020-12-22,,estimate,1.06,1.06,0.05,0.98,1.03,1.05,1.07,1.09,1.14
Free State of Bavaria,2020-12-23,,estimate,1.06,1.06,0.05,0.98,1.03,1.05,1.07,1.1,1.16
Free State of Bavaria,2020-12-24,,estimate,1.06,1.07,0.06,0.98,1.03,1.05,1.08,1.1,1.18
Free State of Bavaria,2020-12-25,,estimate based on partial data,1.07,1.08,0.07,0.98,1.03,1.05,1.09,1.11,1.19
Free State of Bavaria,2020-12-26,,estimate based on partial data,1.07,1.08,0.07,0.98,1.03,1.06,1.09,1.12,1.21
Free State of Bavaria,2020-12-27,,estimate based on partial data,1.08,1.09,0.08,0.97,1.03,1.06,1.1,1.13,1.23
Free State of Bavaria,2020-12-28,,estimate based on partial data,1.08,1.09,0.09,0.97,1.03,1.06,1.1,1.14,1.24
Free State of Bavaria,2020-12-29,,estimate based on partial data,1.08,1.1,0.1,0.96,1.03,1.06,1.11,1.15,1.27
Free State of Bavaria,2020-12-30,,estimate based on partial data,1.09,1.1,0.1,0.96,1.03,1.06,1.11,1.16,1.28
Free State of Bavaria,2020-12-31,,estimate based on partial data,1.09,1.11,0.11,0.95,1.03,1.07,1.11,1.17,1.3
Free State of Bavaria,2021-01-01,,estimate based on partial data,1.09,1.11,0.12,0.95,1.03,1.07,1.12,1.18,1.32
Free State of Bavaria,2021-01-02,,estimate based on partial data,1.09,1.11,0.13,0.94,1.03,1.07,1.12,1.19,1.34
Free State of Bavaria,2021-01-03,,estimate based on partial data,1.09,1.12,0.14,0.93,1.03,1.07,1.12,1.19,1.36
Free State of Bavaria,2021-01-04,,estimate based on partial data,1.1,1.12,0.15,0.93,1.02,1.07,1.13,1.2,1.39
Free State of Bavaria,2021-01-05,,estimate based on partial data,1.1,1.12,0.16,0.92,1.02,1.07,1.13,1.2,1.41
Free State of Bavaria,2021-01-06,,estimate based on partial data,1.1,1.13,0.18,0.91,1.02,1.07,1.13,1.21,1.43
Free State of Bavaria,2021-01-07,,estimate based on partial data,1.1,1.13,0.19,0.91,1.02,1.07,1.13,1.21,1.45
Free State of Bavaria,2021-01-08,,estimate based on partial data,1.1,1.13,0.2,0.89,1.02,1.07,1.14,1.22,1.48
Free State of Bavaria,2021-01-09,,estimate based on partial data,1.1,1.14,0.21,0.88,1.01,1.07,1.14,1.23,1.51
Free State of Bavaria,2021-01-10,,estimate based on partial data,1.1,1.14,0.22,0.87,1.01,1.07,1.14,1.23,1.53
Free State of Bavaria,2021-01-11,,estimate based on partial data,1.11,1.14,0.23,0.87,1.01,1.07,1.14,1.23,1.56
Free State of Bavaria,2021-01-12,,forecast,1.11,1.14,0.23,0.87,1.01,1.07,1.14,1.23,1.56
Free State of Bavaria,2021-01-13,,forecast,1.11,1.14,0.23,0.87,1.01,1.07,1.14,1.23,1.56
Free State of Bavaria,2021-01-14,,forecast,1.11,1.14,0.23,0.87,1.01,1.07,1.14,1.23,1.56
Free State of Bavaria,2021-01-15,,forecast,1.11,1.14,0.23,0.87,1.01,1.07,1.14,1.23,1.56
Free State of Bavaria,2021-01-16,,forecast,1.11,1.14,0.23,0.87,1.01,1.07,1.14,1.23,1.56
Free State of Bavaria,2021-01-17,,forecast,1.11,1.14,0.23,0.87,1.01,1.07,1.14,1.23,1.56
Free State of Bavaria,2021-01-18,,forecast,1.11,1.14,0.23,0.87,1.01,1.07,1.14,1.23,1.56
Free State of Bavaria,2021-01-19,,forecast,1.11,1.14,0.23,0.87,1.01,1.07,1.14,1.23,1.56
Free State of Bavaria,2021-01-20,,forecast,1.11,1.14,0.23,0.87,1.01,1.07,1.14,1.23,1.56
Free State of Bavaria,2021-01-21,,forecast,1.11,1.14,0.23,0.87,1.01,1.07,1.14,1.23,1.56
Free State of Bavaria,2021-01-22,,forecast,1.11,1.14,0.23,0.87,1.01,1.07,1.14,1.23,1.56
Free State of Bavaria,2021-01-23,,forecast,1.11,1.14,0.23,0.87,1.01,1.07,1.14,1.23,1.56
Free State of Bavaria,2021-01-24,,forecast,1.11,1.14,0.23,0.87,1.01,1.07,1.14,1.23,1.56
Free State of Bavaria,2021-01-25,,forecast,1.11,1.14,0.23,0.87,1.01,1.07,1.14,1.23,1.56
Free State of Bavaria,2021-01-26,,forecast,1.11,1.14,0.23,0.87,1.01,1.07,1.14,1.23,1.56
Free State of Bavaria,2021-01-27,,forecast,1.11,1.14,0.23,0.87,1.01,1.07,1.14,1.23,1.56
Free State of Bavaria,2021-01-28,,forecast,1.11,1.14,0.23,0.87,1.01,1.07,1.14,1.23,1.56
Free State of Bavaria,2021-01-29,,forecast,1.11,1.14,0.23,0.87,1.01,1.07,1.14,1.23,1.56
Free State of Bavaria,2021-01-30,,forecast,1.11,1.14,0.23,0.87,1.01,1.07,1.14,1.23,1.56
Free State of Bavaria,2021-01-31,,forecast,1.11,1.14,0.23,0.87,1.01,1.07,1.14,1.23,1.56
Free State of Bavaria,2021-02-01,,forecast,1.11,1.14,0.23,0.87,1.01,1.07,1.14,1.23,1.56
Free State of Bavaria,2021-02-02,,forecast,1.11,1.14,0.23,0.87,1.01,1.07,1.14,1.23,1.56
Free State of Bavaria,2021-02-03,,forecast,1.11,1.14,0.23,0.87,1.01,1.07,1.14,1.23,1.56
Free State of Bavaria,2021-02-04,,forecast,1.11,1.14,0.23,0.87,1.01,1.07,1.14,1.23,1.56
Free State of Bavaria,2021-02-05,,forecast,1.11,1.14,0.23,0.87,1.01,1.07,1.14,1.23,1.56
Free State of Bavaria,2021-02-06,,forecast,1.11,1.14,0.23,0.87,1.01,1.07,1.14,1.23,1.56
Free State of Bavaria,2021-02-07,,forecast,1.11,1.14,0.23,0.87,1.01,1.07,1.14,1.23,1.56
Free State of Bavaria,2021-02-08,,forecast,1.11,1.14,0.23,0.87,1.01,1.07,1.14,1.23,1.56
Free State of Bavaria,2021-02-09,,forecast,1.11,1.14,0.23,0.87,1.01,1.07,1.14,1.23,1.56
Free State of Bavaria,2021-02-10,,forecast,1.11,1.14,0.23,0.87,1.01,1.07,1.14,1.23,1.56
Free State of Saxony,2020-10-20,,estimate,1.21,1.21,0.11,1.02,1.15,1.19,1.24,1.28,1.38
Free State of Saxony,2020-10-21,,estimate,1.21,1.21,0.1,1.04,1.15,1.19,1.24,1.28,1.38
Free State of Saxony,2020-10-22,,estimate,1.22,1.22,0.1,1.05,1.16,1.19,1.24,1.28,1.37
Free State of Saxony,2020-10-23,,estimate,1.22,1.22,0.09,1.06,1.16,1.2,1.24,1.27,1.36
Free State of Saxony,2020-10-24,,estimate,1.22,1.22,0.08,1.08,1.17,1.2,1.24,1.27,1.36
Free State of Saxony,2020-10-25,,estimate,1.22,1.22,0.08,1.09,1.17,1.2,1.24,1.27,1.35
Free State of Saxony,2020-10-26,,estimate,1.22,1.22,0.07,1.1,1.18,1.21,1.24,1.27,1.35
Free State of Saxony,2020-10-27,,estimate,1.23,1.23,0.07,1.11,1.18,1.21,1.24,1.27,1.34
Free State of Saxony,2020-10-28,,estimate,1.23,1.23,0.07,1.12,1.19,1.21,1.24,1.27,1.34
Free State of Saxony,2020-10-29,,estimate,1.23,1.23,0.06,1.13,1.19,1.22,1.24,1.27,1.33
Free State of Saxony,2020-10-30,,estimate,1.23,1.23,0.06,1.14,1.19,1.22,1.25,1.27,1.33
Free State of Saxony,2020-10-31,,estimate,1.23,1.23,0.06,1.14,1.2,1.22,1.25,1.27,1.33
Free State of Saxony,2020-11-01,,estimate,1.23,1.24,0.06,1.15,1.2,1.22,1.25,1.27,1.33
Free State of Saxony,2020-11-02,,estimate,1.23,1.24,0.06,1.16,1.2,1.22,1.25,1.27,1.33
Free State of Saxony,2020-11-03,,estimate,1.24,1.24,0.05,1.16,1.21,1.22,1.25,1.27,1.33
Free State of Saxony,2020-11-04,,estimate,1.24,1.24,0.05,1.16,1.21,1.22,1.25,1.27,1.33
Free State of Saxony,2020-11-05,,estimate,1.24,1.24,0.05,1.16,1.21,1.23,1.25,1.27,1.33
Free State of Saxony,2020-11-06,,estimate,1.24,1.24,0.05,1.16,1.21,1.23,1.25,1.27,1.33
Free State of Saxony,2020-11-07,,estimate,1.24,1.24,0.05,1.16,1.21,1.23,1.25,1.27,1.33
Free State of Saxony,2020-11-08,,estimate,1.24,1.24,0.05,1.16,1.21,1.22,1.25,1.27,1.33
Free State of Saxony,2020-11-09,,estimate,1.23,1.24,0.05,1.16,1.21,1.22,1.24,1.27,1.33
Free State of Saxony,2020-11-10,,estimate,1.23,1.24,0.05,1.16,1.21,1.22,1.24,1.27,1.33
Free State of Saxony,2020-11-11,,estimate,1.23,1.23,0.05,1.16,1.2,1.22,1.24,1.26,1.33
Free State of Saxony,2020-11-12,,estimate,1.23,1.23,0.05,1.16,1.2,1.22,1.24,1.26,1.32
Free State of Saxony,2020-11-13,,estimate,1.22,1.23,0.05,1.15,1.2,1.21,1.23,1.26,1.32
Free State of Saxony,2020-11-14,,estimate,1.22,1.23,0.05,1.15,1.19,1.21,1.23,1.25,1.32
Free State of Saxony,2020-11-15,,estimate,1.22,1.22,0.05,1.14,1.19,1.2,1.23,1.25,1.31
Free State of Saxony,2020-11-16,,estimate,1.21,1.22,0.05,1.14,1.18,1.2,1.22,1.24,1.31
Free State of Saxony,2020-11-17,,estimate,1.2,1.21,0.05,1.14,1.18,1.19,1.22,1.24,1.3
Free State of Saxony,2020-11-18,,estimate,1.2,1.2,0.05,1.14,1.17,1.19,1.21,1.23,1.3
Free State of Saxony,2020-11-19,,estimate,1.19,1.2,0.05,1.13,1.17,1.18,1.2,1.23,1.29
Free State of Saxony,2020-11-20,,estimate,1.19,1.19,0.05,1.12,1.16,1.18,1.2,1.22,1.28
Free State of Saxony,2020-11-21,,estimate,1.18,1.18,0.05,1.12,1.15,1.17,1.19,1.21,1.27
Free State of Saxony,2020-11-22,,estimate,1.17,1.18,0.05,1.11,1.15,1.16,1.18,1.2,1.26
Free State of Saxony,2020-11-23,,estimate,1.16,1.17,0.05,1.1,1.14,1.15,1.17,1.19,1.25
Free State of Saxony,2020-11-24,,estimate,1.16,1.16,0.05,1.1,1.13,1.15,1.17,1.19,1.24
Free State of Saxony,2020-11-25,,estimate,1.15,1.15,0.05,1.09,1.12,1.14,1.16,1.18,1.23
Free State of Saxony,2020-11-26,,estimate,1.14,1.14,0.04,1.08,1.12,1.13,1.15,1.17,1.22
Free State of Saxony,2020-11-27,,estimate,1.13,1.14,0.04,1.07,1.11,1.12,1.14,1.16,1.21
Free State of Saxony,2020-11-28,,estimate,1.13,1.13,0.04,1.06,1.1,1.12,1.14,1.15,1.2
Free State of Saxony,2020-11-29,,estimate,1.12,1.12,0.04,1.05,1.09,1.11,1.13,1.14,1.19
Free State of Saxony,2020-11-30,,estimate,1.11,1.11,0.04,1.04,1.08,1.1,1.12,1.13,1.18
Free State of Saxony,2020-12-01,,estimate,1.1,1.1,0.04,1.03,1.08,1.1,1.11,1.13,1.17
Free State of Saxony,2020-12-02,,estimate,1.1,1.09,0.05,1.01,1.07,1.09,1.11,1.12,1.16
Free State of Saxony,2020-12-03,,estimate,1.09,1.09,0.05,1,1.06,1.08,1.1,1.11,1.15
Free State of Saxony,2020-12-04,,estimate,1.08,1.08,0.05,0.99,1.05,1.07,1.09,1.11,1.15
Free State of Saxony,2020-12-05,,estimate,1.08,1.07,0.05,0.98,1.05,1.07,1.09,1.1,1.14
Free State of Saxony,2020-12-06,,estimate,1.07,1.06,0.05,0.97,1.04,1.06,1.08,1.1,1.13
Free State of Saxony,2020-12-07,,estimate,1.06,1.06,0.05,0.96,1.03,1.05,1.07,1.09,1.13
Free State of Saxony,2020-12-08,,estimate,1.06,1.05,0.05,0.96,1.03,1.05,1.07,1.09,1.12
Free State of Saxony,2020-12-09,,estimate,1.05,1.05,0.05,0.95,1.02,1.04,1.06,1.08,1.12
Free State of Saxony,2020-12-10,,estimate,1.05,1.04,0.05,0.94,1.02,1.04,1.06,1.08,1.12
Free State of Saxony,2020-12-11,,estimate,1.05,1.04,0.05,0.94,1.01,1.03,1.06,1.07,1.11
Free State of Saxony,2020-12-12,,estimate,1.04,1.04,0.05,0.94,1.01,1.03,1.05,1.07,1.11
Free State of Saxony,2020-12-13,,estimate,1.04,1.03,0.05,0.94,1.01,1.03,1.05,1.07,1.11
Free State of Saxony,2020-12-14,,estimate,1.04,1.03,0.05,0.94,1,1.03,1.05,1.07,1.11
Free State of Saxony,2020-12-15,,estimate,1.04,1.03,0.05,0.94,1,1.02,1.05,1.06,1.1
Free State of Saxony,2020-12-16,,estimate,1.03,1.03,0.05,0.94,1,1.02,1.05,1.06,1.11
Free State of Saxony,2020-12-17,,estimate,1.03,1.03,0.05,0.95,1,1.02,1.05,1.06,1.11
Free State of Saxony,2020-12-18,,estimate,1.03,1.03,0.05,0.95,1,1.02,1.05,1.07,1.11
Free State of Saxony,2020-12-19,,estimate,1.04,1.04,0.05,0.95,1.01,1.02,1.05,1.07,1.11
Free State of Saxony,2020-12-20,,estimate,1.04,1.04,0.05,0.96,1.01,1.03,1.05,1.07,1.12
Free State of Saxony,2020-12-21,,estimate,1.04,1.04,0.05,0.96,1.01,1.03,1.05,1.08,1.12
Free State of Saxony,2020-12-22,,estimate,1.05,1.05,0.06,0.96,1.01,1.03,1.06,1.08,1.13
Free State of Saxony,2020-12-23,,estimate,1.05,1.05,0.06,0.95,1.01,1.03,1.06,1.09,1.15
Free State of Saxony,2020-12-24,,estimate,1.05,1.05,0.07,0.95,1.01,1.04,1.07,1.09,1.17
Free State of Saxony,2020-12-25,,estimate based on partial data,1.05,1.06,0.07,0.95,1.01,1.04,1.07,1.1,1.19
Free State of Saxony,2020-12-26,,estimate based on partial data,1.06,1.06,0.08,0.94,1.01,1.04,1.07,1.11,1.21
Free State of Saxony,2020-12-27,,estimate based on partial data,1.06,1.07,0.09,0.94,1.01,1.04,1.08,1.11,1.24
Free State of Saxony,2020-12-28,,estimate based on partial data,1.06,1.08,0.1,0.93,1.01,1.04,1.08,1.12,1.27
Free State of Saxony,2020-12-29,,estimate based on partial data,1.06,1.08,0.11,0.93,1.01,1.04,1.09,1.13,1.3
Free State of Saxony,2020-12-30,,estimate based on partial data,1.07,1.09,0.13,0.92,1.01,1.04,1.09,1.14,1.33
Free State of Saxony,2020-12-31,,estimate based on partial data,1.07,1.09,0.14,0.92,1.01,1.05,1.1,1.15,1.36
Free State of Saxony,2021-01-01,,estimate based on partial data,1.07,1.1,0.15,0.91,1,1.05,1.1,1.16,1.4
Free State of Saxony,2021-01-02,,estimate based on partial data,1.07,1.1,0.17,0.9,1,1.05,1.1,1.16,1.42
Free State of Saxony,2021-01-03,,estimate based on partial data,1.07,1.11,0.19,0.89,1,1.05,1.11,1.17,1.45
Free State of Saxony,2021-01-04,,estimate based on partial data,1.07,1.12,0.21,0.89,1,1.05,1.11,1.18,1.49
Free State of Saxony,2021-01-05,,estimate based on partial data,1.08,1.12,0.23,0.88,1,1.05,1.11,1.19,1.52
Free State of Saxony,2021-01-06,,estimate based on partial data,1.08,1.13,0.25,0.87,1,1.05,1.11,1.19,1.56
Free State of Saxony,2021-01-07,,estimate based on partial data,1.08,1.13,0.28,0.87,1,1.04,1.11,1.2,1.59
Free State of Saxony,2021-01-08,,estimate based on partial data,1.08,1.14,0.31,0.86,0.99,1.05,1.12,1.21,1.63
Free State of Saxony,2021-01-09,,estimate based on partial data,1.08,1.15,0.34,0.86,0.99,1.05,1.12,1.21,1.67
Free State of Saxony,2021-01-10,,estimate based on partial data,1.08,1.15,0.37,0.85,0.99,1.04,1.12,1.21,1.69
Free State of Saxony,2021-01-11,,estimate based on partial data,1.08,1.16,0.4,0.83,0.98,1.05,1.12,1.22,1.72
Free State of Saxony,2021-01-12,,forecast,1.08,1.16,0.4,0.83,0.98,1.05,1.12,1.22,1.72
Free State of Saxony,2021-01-13,,forecast,1.08,1.16,0.4,0.83,0.98,1.05,1.12,1.22,1.72
Free State of Saxony,2021-01-14,,forecast,1.08,1.16,0.4,0.83,0.98,1.05,1.12,1.22,1.72
Free State of Saxony,2021-01-15,,forecast,1.08,1.16,0.4,0.83,0.98,1.05,1.12,1.22,1.72
Free State of Saxony,2021-01-16,,forecast,1.08,1.16,0.4,0.83,0.98,1.05,1.12,1.22,1.72
Free State of Saxony,2021-01-17,,forecast,1.08,1.16,0.4,0.83,0.98,1.05,1.12,1.22,1.72
Free State of Saxony,2021-01-18,,forecast,1.08,1.16,0.4,0.83,0.98,1.05,1.12,1.22,1.72
Free State of Saxony,2021-01-19,,forecast,1.08,1.16,0.4,0.83,0.98,1.05,1.12,1.22,1.72
Free State of Saxony,2021-01-20,,forecast,1.08,1.16,0.4,0.83,0.98,1.05,1.12,1.22,1.72
Free State of Saxony,2021-01-21,,forecast,1.08,1.16,0.4,0.83,0.98,1.05,1.12,1.22,1.72
Free State of Saxony,2021-01-22,,forecast,1.08,1.16,0.4,0.83,0.98,1.05,1.12,1.22,1.72
Free State of Saxony,2021-01-23,,forecast,1.08,1.16,0.4,0.83,0.98,1.05,1.12,1.22,1.72
Free State of Saxony,2021-01-24,,forecast,1.08,1.16,0.4,0.83,0.98,1.05,1.12,1.22,1.72
Free State of Saxony,2021-01-25,,forecast,1.08,1.16,0.4,0.83,0.98,1.05,1.12,1.22,1.72
Free State of Saxony,2021-01-26,,forecast,1.08,1.16,0.4,0.83,0.98,1.05,1.12,1.22,1.72
Free State of Saxony,2021-01-27,,forecast,1.08,1.16,0.4,0.83,0.98,1.05,1.12,1.22,1.72
Free State of Saxony,2021-01-28,,forecast,1.08,1.16,0.4,0.83,0.98,1.05,1.12,1.22,1.72
Free State of Saxony,2021-01-29,,forecast,1.08,1.16,0.4,0.83,0.98,1.05,1.12,1.22,1.72
Free State of Saxony,2021-01-30,,forecast,1.08,1.16,0.4,0.83,0.98,1.05,1.12,1.22,1.72
Free State of Saxony,2021-01-31,,forecast,1.08,1.16,0.4,0.83,0.98,1.05,1.12,1.22,1.72
Free State of Saxony,2021-02-01,,forecast,1.08,1.16,0.4,0.83,0.98,1.05,1.12,1.22,1.72
Free State of Saxony,2021-02-02,,forecast,1.08,1.16,0.4,0.83,0.98,1.05,1.12,1.22,1.72
Free State of Saxony,2021-02-03,,forecast,1.08,1.16,0.4,0.83,0.98,1.05,1.12,1.22,1.72
Free State of Saxony,2021-02-04,,forecast,1.08,1.16,0.4,0.83,0.98,1.05,1.12,1.22,1.72
Free State of Saxony,2021-02-05,,forecast,1.08,1.16,0.4,0.83,0.98,1.05,1.12,1.22,1.72
Free State of Saxony,2021-02-06,,forecast,1.08,1.16,0.4,0.83,0.98,1.05,1.12,1.22,1.72
Free State of Saxony,2021-02-07,,forecast,1.08,1.16,0.4,0.83,0.98,1.05,1.12,1.22,1.72
Free State of Saxony,2021-02-08,,forecast,1.08,1.16,0.4,0.83,0.98,1.05,1.12,1.22,1.72
Free State of Saxony,2021-02-09,,forecast,1.08,1.16,0.4,0.83,0.98,1.05,1.12,1.22,1.72
Free State of Saxony,2021-02-10,,forecast,1.08,1.16,0.4,0.83,0.98,1.05,1.12,1.22,1.72
Free State of Thüringia,2020-10-20,,estimate,1.28,1.3,0.14,1.12,1.21,1.25,1.31,1.38,1.56
Free State of Thüringia,2020-10-21,,estimate,1.28,1.31,0.13,1.14,1.22,1.26,1.32,1.37,1.55
Free State of Thüringia,2020-10-22,,estimate,1.29,1.31,0.12,1.15,1.22,1.26,1.32,1.38,1.54
Free State of Thüringia,2020-10-23,,estimate,1.29,1.31,0.12,1.16,1.23,1.27,1.32,1.38,1.53
Free State of Thüringia,2020-10-24,,estimate,1.29,1.31,0.12,1.16,1.23,1.27,1.32,1.38,1.52
Free State of Thüringia,2020-10-25,,estimate,1.3,1.31,0.11,1.16,1.23,1.27,1.33,1.38,1.52
Free State of Thüringia,2020-10-26,,estimate,1.3,1.32,0.11,1.17,1.24,1.27,1.33,1.38,1.52
Free State of Thüringia,2020-10-27,,estimate,1.3,1.32,0.11,1.17,1.24,1.27,1.33,1.38,1.52
Free State of Thüringia,2020-10-28,,estimate,1.29,1.31,0.11,1.17,1.24,1.27,1.33,1.37,1.52
Free State of Thüringia,2020-10-29,,estimate,1.29,1.31,0.11,1.17,1.24,1.27,1.32,1.37,1.51
Free State of Thüringia,2020-10-30,,estimate,1.29,1.31,0.1,1.17,1.24,1.27,1.32,1.36,1.49
Free State of Thüringia,2020-10-31,,estimate,1.29,1.3,0.1,1.17,1.23,1.27,1.31,1.35,1.48
Free State of Thüringia,2020-11-01,,estimate,1.28,1.3,0.1,1.17,1.23,1.26,1.31,1.34,1.47
Free State of Thüringia,2020-11-02,,estimate,1.28,1.29,0.09,1.17,1.23,1.26,1.3,1.34,1.46
Free State of Thüringia,2020-11-03,,estimate,1.28,1.29,0.08,1.17,1.23,1.26,1.29,1.33,1.43
Free State of Thüringia,2020-11-04,,estimate,1.27,1.28,0.08,1.17,1.22,1.25,1.29,1.32,1.42
Free State of Thüringia,2020-11-05,,estimate,1.26,1.27,0.07,1.17,1.22,1.24,1.28,1.31,1.39
Free State of Thüringia,2020-11-06,,estimate,1.25,1.26,0.07,1.17,1.21,1.24,1.27,1.3,1.37
Free State of Thüringia,2020-11-07,,estimate,1.25,1.25,0.06,1.16,1.21,1.23,1.26,1.29,1.36
Free State of Thüringia,2020-11-08,,estimate,1.24,1.24,0.06,1.15,1.2,1.22,1.25,1.28,1.35
Free State of Thüringia,2020-11-09,,estimate,1.23,1.23,0.06,1.15,1.2,1.22,1.24,1.27,1.33
Free State of Thüringia,2020-11-10,,estimate,1.23,1.23,0.06,1.14,1.19,1.21,1.24,1.26,1.32
Free State of Thüringia,2020-11-11,,estimate,1.22,1.22,0.06,1.12,1.19,1.21,1.23,1.25,1.31
Free State of Thüringia,2020-11-12,,estimate,1.21,1.21,0.06,1.12,1.18,1.2,1.23,1.25,1.3
Free State of Thüringia,2020-11-13,,estimate,1.21,1.21,0.06,1.11,1.18,1.2,1.22,1.24,1.29
Free State of Thüringia,2020-11-14,,estimate,1.2,1.2,0.06,1.1,1.17,1.19,1.21,1.23,1.28
Free State of Thüringia,2020-11-15,,estimate,1.2,1.19,0.06,1.1,1.17,1.19,1.21,1.23,1.28
Free State of Thüringia,2020-11-16,,estimate,1.19,1.19,0.06,1.1,1.17,1.18,1.2,1.22,1.27
Free State of Thüringia,2020-11-17,,estimate,1.19,1.19,0.06,1.09,1.16,1.18,1.2,1.22,1.26
Free State of Thüringia,2020-11-18,,estimate,1.19,1.18,0.05,1.09,1.16,1.18,1.2,1.21,1.26
Free State of Thüringia,2020-11-19,,estimate,1.18,1.18,0.05,1.09,1.16,1.17,1.19,1.21,1.26
Free State of Thüringia,2020-11-20,,estimate,1.18,1.18,0.05,1.09,1.15,1.17,1.19,1.21,1.25
Free State of Thüringia,2020-11-21,,estimate,1.18,1.18,0.05,1.09,1.15,1.17,1.19,1.2,1.25
Free State of Thüringia,2020-11-22,,estimate,1.17,1.17,0.05,1.1,1.15,1.17,1.18,1.2,1.25
Free State of Thüringia,2020-11-23,,estimate,1.17,1.17,0.05,1.09,1.15,1.16,1.18,1.2,1.25
Free State of Thüringia,2020-11-24,,estimate,1.17,1.17,0.05,1.09,1.14,1.16,1.18,1.19,1.25
Free State of Thüringia,2020-11-25,,estimate,1.17,1.17,0.05,1.09,1.14,1.16,1.18,1.19,1.25
Free State of Thüringia,2020-11-26,,estimate,1.17,1.17,0.05,1.09,1.14,1.16,1.17,1.19,1.25
Free State of Thüringia,2020-11-27,,estimate,1.16,1.17,0.05,1.09,1.13,1.15,1.17,1.19,1.25
Free State of Thüringia,2020-11-28,,estimate,1.16,1.16,0.05,1.09,1.13,1.15,1.17,1.19,1.25
Free State of Thüringia,2020-11-29,,estimate,1.16,1.16,0.05,1.08,1.13,1.15,1.17,1.19,1.25
Free State of Thüringia,2020-11-30,,estimate,1.16,1.16,0.06,1.08,1.13,1.15,1.17,1.18,1.25
Free State of Thüringia,2020-12-01,,estimate,1.15,1.16,0.06,1.08,1.12,1.14,1.16,1.18,1.24
Free State of Thüringia,2020-12-02,,estimate,1.15,1.15,0.06,1.07,1.12,1.14,1.16,1.18,1.24
Free State of Thüringia,2020-12-03,,estimate,1.15,1.15,0.06,1.07,1.12,1.14,1.16,1.17,1.23
Free State of Thüringia,2020-12-04,,estimate,1.15,1.14,0.05,1.06,1.12,1.13,1.15,1.17,1.22
Free State of Thüringia,2020-12-05,,estimate,1.14,1.14,0.05,1.06,1.11,1.13,1.15,1.17,1.22
Free State of Thüringia,2020-12-06,,estimate,1.14,1.14,0.05,1.05,1.11,1.13,1.15,1.17,1.21
Free State of Thüringia,2020-12-07,,estimate,1.14,1.13,0.05,1.04,1.1,1.13,1.15,1.16,1.2
Free State of Thüringia,2020-12-08,,estimate,1.13,1.13,0.05,1.04,1.1,1.12,1.14,1.16,1.2
Free State of Thüringia,2020-12-09,,estimate,1.13,1.12,0.05,1.03,1.1,1.12,1.14,1.16,1.19
Free State of Thüringia,2020-12-10,,estimate,1.13,1.12,0.05,1.02,1.09,1.12,1.14,1.16,1.19
Free State of Thüringia,2020-12-11,,estimate,1.13,1.12,0.05,1.02,1.09,1.12,1.14,1.15,1.19
Free State of Thüringia,2020-12-12,,estimate,1.13,1.12,0.06,1.01,1.09,1.11,1.14,1.15,1.19
Free State of Thüringia,2020-12-13,,estimate,1.13,1.11,0.06,1,1.09,1.11,1.14,1.15,1.19
Free State of Thüringia,2020-12-14,,estimate,1.12,1.11,0.06,1,1.09,1.11,1.14,1.15,1.19
Free State of Thüringia,2020-12-15,,estimate,1.12,1.11,0.06,1.01,1.09,1.11,1.14,1.15,1.19
Free State of Thüringia,2020-12-16,,estimate,1.12,1.12,0.06,1.01,1.09,1.11,1.14,1.15,1.19
Free State of Thüringia,2020-12-17,,estimate,1.12,1.12,0.06,1.01,1.09,1.11,1.14,1.16,1.19
Free State of Thüringia,2020-12-18,,estimate,1.13,1.12,0.06,1.02,1.09,1.11,1.14,1.16,1.2
Free State of Thüringia,2020-12-19,,estimate,1.13,1.12,0.06,1.02,1.09,1.12,1.14,1.16,1.2
Free State of Thüringia,2020-12-20,,estimate,1.13,1.13,0.06,1.03,1.1,1.12,1.14,1.16,1.21
Free State of Thüringia,2020-12-21,,estimate,1.13,1.13,0.06,1.04,1.1,1.12,1.15,1.17,1.22
Free State of Thüringia,2020-12-22,,estimate,1.14,1.14,0.06,1.04,1.1,1.13,1.15,1.17,1.23
Free State of Thüringia,2020-12-23,,estimate,1.14,1.14,0.06,1.04,1.1,1.13,1.16,1.18,1.24
Free State of Thüringia,2020-12-24,,estimate,1.15,1.15,0.07,1.04,1.11,1.13,1.16,1.19,1.26
Free State of Thüringia,2020-12-25,,estimate based on partial data,1.15,1.16,0.07,1.05,1.11,1.14,1.17,1.2,1.28
Free State of Thüringia,2020-12-26,,estimate based on partial data,1.16,1.16,0.08,1.05,1.11,1.14,1.17,1.2,1.31
Free State of Thüringia,2020-12-27,,estimate based on partial data,1.16,1.17,0.09,1.04,1.11,1.14,1.18,1.21,1.34
Free State of Thüringia,2020-12-28,,estimate based on partial data,1.16,1.18,0.1,1.04,1.11,1.15,1.18,1.22,1.37
Free State of Thüringia,2020-12-29,,estimate based on partial data,1.16,1.18,0.11,1.04,1.11,1.15,1.19,1.23,1.4
Free State of Thüringia,2020-12-30,,estimate based on partial data,1.17,1.19,0.13,1.03,1.11,1.15,1.19,1.24,1.43
Free State of Thüringia,2020-12-31,,estimate based on partial data,1.17,1.2,0.14,1.03,1.11,1.15,1.19,1.25,1.47
Free State of Thüringia,2021-01-01,,estimate based on partial data,1.17,1.21,0.16,1.02,1.11,1.15,1.2,1.26,1.51
Free State of Thüringia,2021-01-02,,estimate based on partial data,1.18,1.21,0.18,1.02,1.11,1.15,1.2,1.27,1.56
Free State of Thüringia,2021-01-03,,estimate based on partial data,1.18,1.22,0.2,1.01,1.11,1.15,1.2,1.27,1.59
Free State of Thüringia,2021-01-04,,estimate based on partial data,1.18,1.23,0.21,1,1.11,1.15,1.2,1.28,1.63
Free State of Thüringia,2021-01-05,,estimate based on partial data,1.18,1.23,0.23,1,1.11,1.15,1.21,1.29,1.67
Free State of Thüringia,2021-01-06,,estimate based on partial data,1.18,1.24,0.25,0.99,1.11,1.15,1.21,1.29,1.7
Free State of Thüringia,2021-01-07,,estimate based on partial data,1.18,1.25,0.28,0.98,1.1,1.15,1.21,1.3,1.74
Free State of Thüringia,2021-01-08,,estimate based on partial data,1.18,1.25,0.3,0.97,1.1,1.15,1.21,1.31,1.79
Free State of Thüringia,2021-01-09,,estimate based on partial data,1.18,1.26,0.32,0.96,1.1,1.15,1.21,1.31,1.82
Free State of Thüringia,2021-01-10,,estimate based on partial data,1.18,1.26,0.35,0.95,1.1,1.15,1.21,1.31,1.85
Free State of Thüringia,2021-01-11,,estimate based on partial data,1.18,1.27,0.38,0.94,1.09,1.15,1.22,1.32,1.88
Free State of Thüringia,2021-01-12,,forecast,1.18,1.27,0.38,0.94,1.09,1.15,1.22,1.32,1.88
Free State of Thüringia,2021-01-13,,forecast,1.18,1.27,0.38,0.94,1.09,1.15,1.22,1.32,1.88
Free State of Thüringia,2021-01-14,,forecast,1.18,1.27,0.38,0.94,1.09,1.15,1.22,1.32,1.88
Free State of Thüringia,2021-01-15,,forecast,1.18,1.27,0.38,0.94,1.09,1.15,1.22,1.32,1.88
Free State of Thüringia,2021-01-16,,forecast,1.18,1.27,0.38,0.94,1.09,1.15,1.22,1.32,1.88
Free State of Thüringia,2021-01-17,,forecast,1.18,1.27,0.38,0.94,1.09,1.15,1.22,1.32,1.88
Free State of Thüringia,2021-01-18,,forecast,1.18,1.27,0.38,0.94,1.09,1.15,1.22,1.32,1.88
Free State of Thüringia,2021-01-19,,forecast,1.18,1.27,0.38,0.94,1.09,1.15,1.22,1.32,1.88
Free State of Thüringia,2021-01-20,,forecast,1.18,1.27,0.38,0.94,1.09,1.15,1.22,1.32,1.88
Free State of Thüringia,2021-01-21,,forecast,1.18,1.27,0.38,0.94,1.09,1.15,1.22,1.32,1.88
Free State of Thüringia,2021-01-22,,forecast,1.18,1.27,0.38,0.94,1.09,1.15,1.22,1.32,1.88
Free State of Thüringia,2021-01-23,,forecast,1.18,1.27,0.38,0.94,1.09,1.15,1.22,1.32,1.88
Free State of Thüringia,2021-01-24,,forecast,1.18,1.27,0.38,0.94,1.09,1.15,1.22,1.32,1.88
Free State of Thüringia,2021-01-25,,forecast,1.18,1.27,0.38,0.94,1.09,1.15,1.22,1.32,1.88
Free State of Thüringia,2021-01-26,,forecast,1.18,1.27,0.38,0.94,1.09,1.15,1.22,1.32,1.88
Free State of Thüringia,2021-01-27,,forecast,1.18,1.27,0.38,0.94,1.09,1.15,1.22,1.32,1.88
Free State of Thüringia,2021-01-28,,forecast,1.18,1.27,0.38,0.94,1.09,1.15,1.22,1.32,1.88
Free State of Thüringia,2021-01-29,,forecast,1.18,1.27,0.38,0.94,1.09,1.15,1.22,1.32,1.88
Free State of Thüringia,2021-01-30,,forecast,1.18,1.27,0.38,0.94,1.09,1.15,1.22,1.32,1.88
Free State of Thüringia,2021-01-31,,forecast,1.18,1.27,0.38,0.94,1.09,1.15,1.22,1.32,1.88
Free State of Thüringia,2021-02-01,,forecast,1.18,1.27,0.38,0.94,1.09,1.15,1.22,1.32,1.88
Free State of Thüringia,2021-02-02,,forecast,1.18,1.27,0.38,0.94,1.09,1.15,1.22,1.32,1.88
Free State of Thüringia,2021-02-03,,forecast,1.18,1.27,0.38,0.94,1.09,1.15,1.22,1.32,1.88
Free State of Thüringia,2021-02-04,,forecast,1.18,1.27,0.38,0.94,1.09,1.15,1.22,1.32,1.88
Free State of Thüringia,2021-02-05,,forecast,1.18,1.27,0.38,0.94,1.09,1.15,1.22,1.32,1.88
Free State of Thüringia,2021-02-06,,forecast,1.18,1.27,0.38,0.94,1.09,1.15,1.22,1.32,1.88
Free State of Thüringia,2021-02-07,,forecast,1.18,1.27,0.38,0.94,1.09,1.15,1.22,1.32,1.88
Free State of Thüringia,2021-02-08,,forecast,1.18,1.27,0.38,0.94,1.09,1.15,1.22,1.32,1.88
Free State of Thüringia,2021-02-09,,forecast,1.18,1.27,0.38,0.94,1.09,1.15,1.22,1.32,1.88
Free State of Thüringia,2021-02-10,,forecast,1.18,1.27,0.38,0.94,1.09,1.15,1.22,1.32,1.88
Germany,2020-10-20,,estimate,1.22,1.23,0.08,1.12,1.18,1.21,1.24,1.28,1.38
Germany,2020-10-21,,estimate,1.22,1.23,0.07,1.13,1.18,1.21,1.24,1.27,1.36
Germany,2020-10-22,,estimate,1.22,1.23,0.07,1.13,1.18,1.21,1.24,1.27,1.35
Germany,2020-10-23,,estimate,1.22,1.23,0.06,1.14,1.18,1.21,1.23,1.26,1.34
Germany,2020-10-24,,estimate,1.22,1.22,0.06,1.14,1.18,1.2,1.23,1.26,1.32
Germany,2020-10-25,,estimate,1.21,1.22,0.05,1.15,1.18,1.2,1.23,1.25,1.31
Germany,2020-10-26,,estimate,1.21,1.22,0.05,1.15,1.18,1.2,1.23,1.24,1.3
Germany,2020-10-27,,estimate,1.21,1.21,0.04,1.15,1.18,1.2,1.22,1.24,1.29
Germany,2020-10-28,,estimate,1.21,1.21,0.04,1.15,1.18,1.2,1.22,1.23,1.28
Germany,2020-10-29,,estimate,1.2,1.21,0.04,1.15,1.18,1.19,1.21,1.23,1.27
Germany,2020-10-30,,estimate,1.2,1.2,0.03,1.15,1.18,1.19,1.21,1.22,1.26
Germany,2020-10-31,,estimate,1.2,1.2,0.03,1.15,1.18,1.19,1.2,1.22,1.25
Germany,2020-11-01,,estimate,1.19,1.19,0.03,1.15,1.17,1.18,1.2,1.21,1.24
Germany,2020-11-02,,estimate,1.19,1.19,0.03,1.14,1.17,1.18,1.19,1.21,1.23
Germany,2020-11-03,,estimate,1.18,1.18,0.03,1.14,1.17,1.18,1.19,1.2,1.23
Germany,2020-11-04,,estimate,1.18,1.18,0.03,1.14,1.16,1.17,1.19,1.2,1.22
Germany,2020-11-05,,estimate,1.18,1.18,0.03,1.13,1.16,1.17,1.18,1.19,1.22
Germany,2020-11-06,,estimate,1.17,1.17,0.03,1.13,1.16,1.17,1.18,1.19,1.21
Germany,2020-11-07,,estimate,1.17,1.17,0.03,1.13,1.15,1.16,1.17,1.18,1.21
Germany,2020-11-08,,estimate,1.16,1.16,0.03,1.12,1.15,1.16,1.17,1.18,1.2
Germany,2020-11-09,,estimate,1.16,1.16,0.03,1.12,1.15,1.16,1.17,1.18,1.2
Germany,2020-11-10,,estimate,1.16,1.16,0.03,1.12,1.14,1.15,1.16,1.17,1.19
Germany,2020-11-11,,estimate,1.15,1.15,0.03,1.11,1.14,1.15,1.16,1.17,1.19
Germany,2020-11-12,,estimate,1.15,1.15,0.03,1.11,1.14,1.15,1.16,1.16,1.19
Germany,2020-11-13,,estimate,1.15,1.15,0.02,1.1,1.13,1.14,1.15,1.16,1.19
Germany,2020-11-14,,estimate,1.15,1.14,0.02,1.1,1.13,1.14,1.15,1.16,1.18
Germany,2020-11-15,,estimate,1.14,1.14,0.02,1.1,1.13,1.14,1.15,1.16,1.18
Germany,2020-11-16,,estimate,1.14,1.14,0.02,1.1,1.12,1.13,1.14,1.15,1.18
Germany,2020-11-17,,estimate,1.14,1.14,0.02,1.1,1.12,1.13,1.14,1.15,1.17
Germany,2020-11-18,,estimate,1.13,1.13,0.02,1.1,1.12,1.13,1.14,1.15,1.17
Germany,2020-11-19,,estimate,1.13,1.13,0.02,1.09,1.12,1.12,1.13,1.14,1.17
Germany,2020-11-20,,estimate,1.13,1.13,0.02,1.09,1.11,1.12,1.13,1.14,1.17
Germany,2020-11-21,,estimate,1.12,1.12,0.02,1.09,1.11,1.12,1.13,1.14,1.16
Germany,2020-11-22,,estimate,1.12,1.12,0.02,1.09,1.11,1.12,1.13,1.14,1.16
Germany,2020-11-23,,estimate,1.12,1.12,0.02,1.08,1.1,1.11,1.12,1.13,1.16
Germany,2020-11-24,,estimate,1.11,1.12,0.02,1.08,1.1,1.11,1.12,1.13,1.16
Germany,2020-11-25,,estimate,1.11,1.11,0.02,1.08,1.1,1.11,1.12,1.13,1.16
Germany,2020-11-26,,estimate,1.11,1.11,0.02,1.07,1.09,1.1,1.11,1.12,1.15
Germany,2020-11-27,,estimate,1.1,1.11,0.02,1.07,1.09,1.1,1.11,1.12,1.15
Germany,2020-11-28,,estimate,1.1,1.1,0.02,1.07,1.09,1.1,1.11,1.12,1.14
Germany,2020-11-29,,estimate,1.1,1.1,0.02,1.06,1.08,1.09,1.1,1.11,1.14
Germany,2020-11-30,,estimate,1.09,1.1,0.02,1.06,1.08,1.09,1.1,1.11,1.14
Germany,2020-12-01,,estimate,1.09,1.09,0.02,1.06,1.08,1.09,1.1,1.1,1.13
Germany,2020-12-02,,estimate,1.09,1.09,0.02,1.05,1.07,1.08,1.09,1.1,1.13
Germany,2020-12-03,,estimate,1.08,1.08,0.02,1.05,1.07,1.08,1.09,1.1,1.12
Germany,2020-12-04,,estimate,1.08,1.08,0.02,1.04,1.07,1.08,1.09,1.09,1.12
Germany,2020-12-05,,estimate,1.08,1.08,0.02,1.04,1.06,1.07,1.08,1.09,1.11
Germany,2020-12-06,,estimate,1.07,1.07,0.02,1.03,1.06,1.07,1.08,1.09,1.11
Germany,2020-12-07,,estimate,1.07,1.07,0.02,1.03,1.06,1.07,1.08,1.08,1.11
Germany,2020-12-08,,estimate,1.07,1.07,0.03,1.02,1.05,1.06,1.07,1.08,1.1
Germany,2020-12-09,,estimate,1.07,1.06,0.03,1.02,1.05,1.06,1.07,1.08,1.1
Germany,2020-12-10,,estimate,1.06,1.06,0.03,1.01,1.05,1.06,1.07,1.08,1.1
Germany,2020-12-11,,estimate,1.06,1.06,0.03,1.01,1.04,1.06,1.07,1.08,1.1
Germany,2020-12-12,,estimate,1.06,1.06,0.03,1,1.04,1.05,1.07,1.07,1.09
Germany,2020-12-13,,estimate,1.06,1.06,0.03,1,1.04,1.05,1.07,1.07,1.09
Germany,2020-12-14,,estimate,1.06,1.05,0.03,1,1.04,1.05,1.06,1.07,1.09
Germany,2020-12-15,,estimate,1.06,1.05,0.03,1,1.04,1.05,1.06,1.07,1.09
Germany,2020-12-16,,estimate,1.06,1.06,0.03,1,1.04,1.05,1.07,1.07,1.09
Germany,2020-12-17,,estimate,1.06,1.06,0.03,1,1.04,1.05,1.07,1.07,1.1
Germany,2020-12-18,,estimate,1.06,1.06,0.03,1.01,1.04,1.05,1.07,1.08,1.1
Germany,2020-12-19,,estimate,1.06,1.06,0.03,1.01,1.04,1.06,1.07,1.08,1.1
Germany,2020-12-20,,estimate,1.06,1.06,0.03,1.02,1.05,1.06,1.07,1.08,1.1
Germany,2020-12-21,,estimate,1.07,1.07,0.03,1.02,1.05,1.06,1.07,1.08,1.11
Germany,2020-12-22,,estimate,1.07,1.07,0.03,1.02,1.05,1.06,1.07,1.09,1.12
Germany,2020-12-23,,estimate,1.07,1.07,0.03,1.02,1.05,1.07,1.08,1.09,1.12
Germany,2020-12-24,,estimate,1.07,1.08,0.03,1.02,1.05,1.07,1.08,1.1,1.13
Germany,2020-12-25,,estimate based on partial data,1.08,1.08,0.04,1.02,1.06,1.07,1.09,1.1,1.15
Germany,2020-12-26,,estimate based on partial data,1.08,1.08,0.04,1.02,1.06,1.07,1.09,1.11,1.16
Germany,2020-12-27,,estimate based on partial data,1.08,1.09,0.05,1.02,1.06,1.07,1.09,1.12,1.18
Germany,2020-12-28,,estimate based on partial data,1.09,1.09,0.06,1.02,1.06,1.08,1.1,1.12,1.19
Germany,2020-12-29,,estimate based on partial data,1.09,1.1,0.06,1.01,1.06,1.08,1.1,1.13,1.21
Germany,2020-12-30,,estimate based on partial data,1.09,1.1,0.07,1.01,1.06,1.08,1.11,1.13,1.23
Germany,2020-12-31,,estimate based on partial data,1.09,1.11,0.07,1.01,1.06,1.08,1.11,1.14,1.25
Germany,2021-01-01,,estimate based on partial data,1.09,1.11,0.08,1,1.06,1.08,1.11,1.15,1.27
Germany,2021-01-02,,estimate based on partial data,1.1,1.11,0.09,1,1.06,1.08,1.12,1.15,1.29
Germany,2021-01-03,,estimate based on partial data,1.1,1.12,0.1,1,1.06,1.08,1.12,1.16,1.3
Germany,2021-01-04,,estimate based on partial data,1.1,1.12,0.1,0.99,1.05,1.08,1.12,1.16,1.32
Germany,2021-01-05,,estimate based on partial data,1.1,1.12,0.11,0.99,1.05,1.08,1.12,1.17,1.34
Germany,2021-01-06,,estimate based on partial data,1.1,1.12,0.12,0.98,1.05,1.08,1.13,1.17,1.35
Germany,2021-01-07,,estimate based on partial data,1.1,1.13,0.13,0.97,1.05,1.08,1.13,1.17,1.37
Germany,2021-01-08,,estimate based on partial data,1.11,1.13,0.14,0.97,1.05,1.08,1.13,1.18,1.38
Germany,2021-01-09,,estimate based on partial data,1.11,1.13,0.14,0.96,1.05,1.08,1.13,1.18,1.4
Germany,2021-01-10,,estimate based on partial data,1.11,1.13,0.15,0.96,1.05,1.08,1.13,1.19,1.41
Germany,2021-01-11,,estimate based on partial data,1.11,1.14,0.16,0.95,1.05,1.08,1.13,1.19,1.43
Germany,2021-01-12,,forecast,1.11,1.14,0.16,0.95,1.05,1.08,1.13,1.19,1.43
Germany,2021-01-13,,forecast,1.11,1.14,0.16,0.95,1.05,1.08,1.13,1.19,1.43
Germany,2021-01-14,,forecast,1.11,1.14,0.16,0.95,1.05,1.08,1.13,1.19,1.43
Germany,2021-01-15,,forecast,1.11,1.14,0.16,0.95,1.05,1.08,1.13,1.19,1.43
Germany,2021-01-16,,forecast,1.11,1.14,0.16,0.95,1.05,1.08,1.13,1.19,1.43
Germany,2021-01-17,,forecast,1.11,1.14,0.16,0.95,1.05,1.08,1.13,1.19,1.43
Germany,2021-01-18,,forecast,1.11,1.14,0.16,0.95,1.05,1.08,1.13,1.19,1.43
Germany,2021-01-19,,forecast,1.11,1.14,0.16,0.95,1.05,1.08,1.13,1.19,1.43
Germany,2021-01-20,,forecast,1.11,1.14,0.16,0.95,1.05,1.08,1.13,1.19,1.43
Germany,2021-01-21,,forecast,1.11,1.14,0.16,0.95,1.05,1.08,1.13,1.19,1.43
Germany,2021-01-22,,forecast,1.11,1.14,0.16,0.95,1.05,1.08,1.13,1.19,1.43
Germany,2021-01-23,,forecast,1.11,1.14,0.16,0.95,1.05,1.08,1.13,1.19,1.43
Germany,2021-01-24,,forecast,1.11,1.14,0.16,0.95,1.05,1.08,1.13,1.19,1.43
Germany,2021-01-25,,forecast,1.11,1.14,0.16,0.95,1.05,1.08,1.13,1.19,1.43
Germany,2021-01-26,,forecast,1.11,1.14,0.16,0.95,1.05,1.08,1.13,1.19,1.43
Germany,2021-01-27,,forecast,1.11,1.14,0.16,0.95,1.05,1.08,1.13,1.19,1.43
Germany,2021-01-28,,forecast,1.11,1.14,0.16,0.95,1.05,1.08,1.13,1.19,1.43
Germany,2021-01-29,,forecast,1.11,1.14,0.16,0.95,1.05,1.08,1.13,1.19,1.43
Germany,2021-01-30,,forecast,1.11,1.14,0.16,0.95,1.05,1.08,1.13,1.19,1.43
Germany,2021-01-31,,forecast,1.11,1.14,0.16,0.95,1.05,1.08,1.13,1.19,1.43
Germany,2021-02-01,,forecast,1.11,1.14,0.16,0.95,1.05,1.08,1.13,1.19,1.43
Germany,2021-02-02,,forecast,1.11,1.14,0.16,0.95,1.05,1.08,1.13,1.19,1.43
Germany,2021-02-03,,forecast,1.11,1.14,0.16,0.95,1.05,1.08,1.13,1.19,1.43
Germany,2021-02-04,,forecast,1.11,1.14,0.16,0.95,1.05,1.08,1.13,1.19,1.43
Germany,2021-02-05,,forecast,1.11,1.14,0.16,0.95,1.05,1.08,1.13,1.19,1.43
Germany,2021-02-06,,forecast,1.11,1.14,0.16,0.95,1.05,1.08,1.13,1.19,1.43
Germany,2021-02-07,,forecast,1.11,1.14,0.16,0.95,1.05,1.08,1.13,1.19,1.43
Germany,2021-02-08,,forecast,1.11,1.14,0.16,0.95,1.05,1.08,1.13,1.19,1.43
Germany,2021-02-09,,forecast,1.11,1.14,0.16,0.95,1.05,1.08,1.13,1.19,1.43
Germany,2021-02-10,,forecast,1.11,1.14,0.16,0.95,1.05,1.08,1.13,1.19,1.43
Hesse State,2020-10-20,,estimate,1.17,1.18,0.07,1.08,1.13,1.15,1.19,1.22,1.32
Hesse State,2020-10-21,,estimate,1.17,1.18,0.07,1.08,1.13,1.15,1.19,1.22,1.31
Hesse State,2020-10-22,,estimate,1.17,1.18,0.07,1.09,1.13,1.15,1.19,1.22,1.3
Hesse State,2020-10-23,,estimate,1.17,1.18,0.06,1.09,1.13,1.15,1.19,1.22,1.29
Hesse State,2020-10-24,,estimate,1.17,1.18,0.06,1.09,1.13,1.15,1.19,1.21,1.29
Hesse State,2020-10-25,,estimate,1.17,1.17,0.06,1.1,1.13,1.15,1.18,1.21,1.28
Hesse State,2020-10-26,,estimate,1.17,1.17,0.05,1.1,1.13,1.15,1.18,1.21,1.27
Hesse State,2020-10-27,,estimate,1.17,1.17,0.05,1.1,1.13,1.15,1.18,1.2,1.26
Hesse State,2020-10-28,,estimate,1.16,1.17,0.05,1.1,1.13,1.15,1.18,1.2,1.26
Hesse State,2020-10-29,,estimate,1.16,1.17,0.05,1.1,1.13,1.15,1.17,1.19,1.25
Hesse State,2020-10-30,,estimate,1.16,1.16,0.04,1.1,1.13,1.15,1.17,1.19,1.24
Hesse State,2020-10-31,,estimate,1.16,1.16,0.04,1.1,1.13,1.15,1.17,1.19,1.24
Hesse State,2020-11-01,,estimate,1.16,1.16,0.04,1.1,1.13,1.15,1.17,1.18,1.23
Hesse State,2020-11-02,,estimate,1.15,1.16,0.04,1.1,1.13,1.15,1.16,1.18,1.22
Hesse State,2020-11-03,,estimate,1.15,1.15,0.04,1.1,1.13,1.14,1.16,1.18,1.22
Hesse State,2020-11-04,,estimate,1.15,1.15,0.03,1.1,1.13,1.14,1.16,1.17,1.21
Hesse State,2020-11-05,,estimate,1.15,1.15,0.03,1.1,1.12,1.14,1.15,1.17,1.2
Hesse State,2020-11-06,,estimate,1.14,1.14,0.03,1.1,1.12,1.13,1.15,1.16,1.2
Hesse State,2020-11-07,,estimate,1.14,1.14,0.03,1.1,1.12,1.13,1.15,1.16,1.19
Hesse State,2020-11-08,,estimate,1.14,1.14,0.03,1.09,1.12,1.13,1.14,1.16,1.19
Hesse State,2020-11-09,,estimate,1.13,1.13,0.03,1.09,1.12,1.13,1.14,1.15,1.18
Hesse State,2020-11-10,,estimate,1.13,1.13,0.03,1.09,1.12,1.13,1.14,1.15,1.18
Hesse State,2020-11-11,,estimate,1.13,1.13,0.03,1.08,1.11,1.12,1.13,1.15,1.18
Hesse State,2020-11-12,,estimate,1.13,1.13,0.03,1.08,1.11,1.12,1.13,1.14,1.17
Hesse State,2020-11-13,,estimate,1.12,1.12,0.03,1.08,1.11,1.12,1.13,1.14,1.17
Hesse State,2020-11-14,,estimate,1.12,1.12,0.03,1.07,1.11,1.12,1.13,1.14,1.16
Hesse State,2020-11-15,,estimate,1.12,1.12,0.03,1.07,1.1,1.11,1.13,1.14,1.16
Hesse State,2020-11-16,,estimate,1.12,1.12,0.03,1.07,1.1,1.11,1.12,1.13,1.16
Hesse State,2020-11-17,,estimate,1.12,1.11,0.03,1.06,1.1,1.11,1.12,1.13,1.16
Hesse State,2020-11-18,,estimate,1.11,1.11,0.03,1.06,1.1,1.11,1.12,1.13,1.15
Hesse State,2020-11-19,,estimate,1.11,1.11,0.03,1.06,1.1,1.11,1.12,1.13,1.15
Hesse State,2020-11-20,,estimate,1.11,1.11,0.03,1.06,1.1,1.11,1.12,1.13,1.15
Hesse State,2020-11-21,,estimate,1.11,1.11,0.03,1.06,1.09,1.1,1.11,1.12,1.15
Hesse State,2020-11-22,,estimate,1.11,1.11,0.03,1.06,1.09,1.1,1.11,1.12,1.15
Hesse State,2020-11-23,,estimate,1.11,1.11,0.03,1.06,1.09,1.1,1.11,1.12,1.15
Hesse State,2020-11-24,,estimate,1.11,1.1,0.03,1.06,1.09,1.1,1.11,1.12,1.14
Hesse State,2020-11-25,,estimate,1.1,1.1,0.03,1.06,1.09,1.1,1.11,1.12,1.14
Hesse State,2020-11-26,,estimate,1.1,1.1,0.03,1.06,1.09,1.1,1.11,1.12,1.14
Hesse State,2020-11-27,,estimate,1.1,1.1,0.03,1.06,1.09,1.1,1.11,1.12,1.14
Hesse State,2020-11-28,,estimate,1.1,1.1,0.03,1.06,1.09,1.1,1.11,1.12,1.14
Hesse State,2020-11-29,,estimate,1.1,1.1,0.03,1.06,1.09,1.1,1.11,1.11,1.14
Hesse State,2020-11-30,,estimate,1.1,1.1,0.03,1.06,1.08,1.09,1.11,1.11,1.14
Hesse State,2020-12-01,,estimate,1.1,1.1,0.03,1.06,1.08,1.09,1.1,1.11,1.14
Hesse State,2020-12-02,,estimate,1.1,1.1,0.03,1.06,1.08,1.09,1.1,1.11,1.14
Hesse State,2020-12-03,,estimate,1.1,1.1,0.03,1.05,1.08,1.09,1.1,1.11,1.14
Hesse State,2020-12-04,,estimate,1.1,1.1,0.03,1.05,1.08,1.09,1.1,1.11,1.14
Hesse State,2020-12-05,,estimate,1.09,1.09,0.03,1.05,1.08,1.09,1.1,1.11,1.14
Hesse State,2020-12-06,,estimate,1.09,1.09,0.03,1.05,1.08,1.09,1.1,1.11,1.14
Hesse State,2020-12-07,,estimate,1.09,1.09,0.03,1.05,1.07,1.08,1.1,1.11,1.14
Hesse State,2020-12-08,,estimate,1.09,1.09,0.03,1.05,1.07,1.08,1.1,1.1,1.14
Hesse State,2020-12-09,,estimate,1.09,1.09,0.03,1.05,1.07,1.08,1.09,1.1,1.13
Hesse State,2020-12-10,,estimate,1.09,1.09,0.03,1.04,1.07,1.08,1.09,1.1,1.13
Hesse State,2020-12-11,,estimate,1.08,1.08,0.03,1.04,1.07,1.08,1.09,1.1,1.13
Hesse State,2020-12-12,,estimate,1.08,1.08,0.03,1.04,1.07,1.08,1.09,1.1,1.13
Hesse State,2020-12-13,,estimate,1.08,1.08,0.03,1.04,1.06,1.07,1.09,1.1,1.13
Hesse State,2020-12-14,,estimate,1.08,1.08,0.03,1.03,1.06,1.07,1.09,1.1,1.12
Hesse State,2020-12-15,,estimate,1.08,1.08,0.03,1.03,1.06,1.07,1.08,1.09,1.12
Hesse State,2020-12-16,,estimate,1.08,1.07,0.03,1.03,1.06,1.07,1.08,1.09,1.12
Hesse State,2020-12-17,,estimate,1.07,1.07,0.03,1.02,1.05,1.07,1.08,1.09,1.12
Hesse State,2020-12-18,,estimate,1.07,1.07,0.03,1.02,1.05,1.06,1.08,1.09,1.12
Hesse State,2020-12-19,,estimate,1.07,1.07,0.03,1.01,1.05,1.06,1.08,1.09,1.12
Hesse State,2020-12-20,,estimate,1.07,1.07,0.03,1.01,1.04,1.06,1.08,1.09,1.12
Hesse State,2020-12-21,,estimate,1.07,1.06,0.04,1,1.04,1.06,1.07,1.09,1.12
Hesse State,2020-12-22,,estimate,1.06,1.06,0.04,0.99,1.04,1.06,1.07,1.09,1.12
Hesse State,2020-12-23,,estimate,1.06,1.06,0.04,0.98,1.03,1.05,1.07,1.09,1.12
Hesse State,2020-12-24,,estimate,1.06,1.06,0.04,0.98,1.03,1.05,1.07,1.09,1.12
Hesse State,2020-12-25,,estimate based on partial data,1.06,1.05,0.05,0.97,1.03,1.05,1.07,1.09,1.12
Hesse State,2020-12-26,,estimate based on partial data,1.06,1.05,0.05,0.96,1.02,1.05,1.07,1.09,1.12
Hesse State,2020-12-27,,estimate based on partial data,1.06,1.05,0.06,0.95,1.02,1.05,1.07,1.09,1.13
Hesse State,2020-12-28,,estimate based on partial data,1.06,1.05,0.06,0.94,1.02,1.04,1.07,1.09,1.13
Hesse State,2020-12-29,,estimate based on partial data,1.06,1.05,0.06,0.93,1.01,1.04,1.07,1.09,1.13
Hesse State,2020-12-30,,estimate based on partial data,1.06,1.05,0.07,0.92,1.01,1.04,1.07,1.09,1.14
Hesse State,2020-12-31,,estimate based on partial data,1.06,1.05,0.07,0.91,1.01,1.04,1.07,1.09,1.15
Hesse State,2021-01-01,,estimate based on partial data,1.06,1.05,0.08,0.9,1.01,1.04,1.07,1.09,1.15
Hesse State,2021-01-02,,estimate based on partial data,1.06,1.04,0.08,0.89,1,1.04,1.07,1.09,1.16
Hesse State,2021-01-03,,estimate based on partial data,1.06,1.04,0.09,0.88,1,1.04,1.07,1.09,1.16
Hesse State,2021-01-04,,estimate based on partial data,1.05,1.04,0.09,0.87,1,1.04,1.07,1.1,1.17
Hesse State,2021-01-05,,estimate based on partial data,1.05,1.04,0.09,0.86,1,1.04,1.07,1.1,1.17
Hesse State,2021-01-06,,estimate based on partial data,1.05,1.04,0.1,0.86,1,1.03,1.07,1.1,1.18
Hesse State,2021-01-07,,estimate based on partial data,1.05,1.04,0.1,0.85,0.99,1.03,1.07,1.1,1.19
Hesse State,2021-01-08,,estimate based on partial data,1.05,1.04,0.11,0.84,0.99,1.03,1.07,1.1,1.19
Hesse State,2021-01-09,,estimate based on partial data,1.05,1.04,0.11,0.83,0.99,1.03,1.07,1.1,1.2
Hesse State,2021-01-10,,estimate based on partial data,1.06,1.04,0.12,0.83,0.99,1.03,1.07,1.1,1.21
Hesse State,2021-01-11,,estimate based on partial data,1.06,1.04,0.12,0.82,0.99,1.03,1.07,1.1,1.21
Hesse State,2021-01-12,,forecast,1.06,1.04,0.12,0.82,0.99,1.03,1.07,1.1,1.21
Hesse State,2021-01-13,,forecast,1.06,1.04,0.12,0.82,0.99,1.03,1.07,1.1,1.21
Hesse State,2021-01-14,,forecast,1.06,1.04,0.12,0.82,0.99,1.03,1.07,1.1,1.21
Hesse State,2021-01-15,,forecast,1.06,1.04,0.12,0.82,0.99,1.03,1.07,1.1,1.21
Hesse State,2021-01-16,,forecast,1.06,1.04,0.12,0.82,0.99,1.03,1.07,1.1,1.21
Hesse State,2021-01-17,,forecast,1.06,1.04,0.12,0.82,0.99,1.03,1.07,1.1,1.21
Hesse State,2021-01-18,,forecast,1.06,1.04,0.12,0.82,0.99,1.03,1.07,1.1,1.21
Hesse State,2021-01-19,,forecast,1.06,1.04,0.12,0.82,0.99,1.03,1.07,1.1,1.21
Hesse State,2021-01-20,,forecast,1.06,1.04,0.12,0.82,0.99,1.03,1.07,1.1,1.21
Hesse State,2021-01-21,,forecast,1.06,1.04,0.12,0.82,0.99,1.03,1.07,1.1,1.21
Hesse State,2021-01-22,,forecast,1.06,1.04,0.12,0.82,0.99,1.03,1.07,1.1,1.21
Hesse State,2021-01-23,,forecast,1.06,1.04,0.12,0.82,0.99,1.03,1.07,1.1,1.21
Hesse State,2021-01-24,,forecast,1.06,1.04,0.12,0.82,0.99,1.03,1.07,1.1,1.21
Hesse State,2021-01-25,,forecast,1.06,1.04,0.12,0.82,0.99,1.03,1.07,1.1,1.21
Hesse State,2021-01-26,,forecast,1.06,1.04,0.12,0.82,0.99,1.03,1.07,1.1,1.21
Hesse State,2021-01-27,,forecast,1.06,1.04,0.12,0.82,0.99,1.03,1.07,1.1,1.21
Hesse State,2021-01-28,,forecast,1.06,1.04,0.12,0.82,0.99,1.03,1.07,1.1,1.21
Hesse State,2021-01-29,,forecast,1.06,1.04,0.12,0.82,0.99,1.03,1.07,1.1,1.21
Hesse State,2021-01-30,,forecast,1.06,1.04,0.12,0.82,0.99,1.03,1.07,1.1,1.21
Hesse State,2021-01-31,,forecast,1.06,1.04,0.12,0.82,0.99,1.03,1.07,1.1,1.21
Hesse State,2021-02-01,,forecast,1.06,1.04,0.12,0.82,0.99,1.03,1.07,1.1,1.21
Hesse State,2021-02-02,,forecast,1.06,1.04,0.12,0.82,0.99,1.03,1.07,1.1,1.21
Hesse State,2021-02-03,,forecast,1.06,1.04,0.12,0.82,0.99,1.03,1.07,1.1,1.21
Hesse State,2021-02-04,,forecast,1.06,1.04,0.12,0.82,0.99,1.03,1.07,1.1,1.21
Hesse State,2021-02-05,,forecast,1.06,1.04,0.12,0.82,0.99,1.03,1.07,1.1,1.21
Hesse State,2021-02-06,,forecast,1.06,1.04,0.12,0.82,0.99,1.03,1.07,1.1,1.21
Hesse State,2021-02-07,,forecast,1.06,1.04,0.12,0.82,0.99,1.03,1.07,1.1,1.21
Hesse State,2021-02-08,,forecast,1.06,1.04,0.12,0.82,0.99,1.03,1.07,1.1,1.21
Hesse State,2021-02-09,,forecast,1.06,1.04,0.12,0.82,0.99,1.03,1.07,1.1,1.21
Hesse State,2021-02-10,,forecast,1.06,1.04,0.12,0.82,0.99,1.03,1.07,1.1,1.21
Kujawsko-Pomorskie,2020-10-22,,estimate,1.22,1.23,0.13,1.05,1.14,1.19,1.25,1.31,1.48
Kujawsko-Pomorskie,2020-10-23,,estimate,1.22,1.24,0.13,1.06,1.14,1.19,1.26,1.32,1.47
Kujawsko-Pomorskie,2020-10-24,,estimate,1.23,1.24,0.12,1.07,1.15,1.2,1.26,1.32,1.46
Kujawsko-Pomorskie,2020-10-25,,estimate,1.23,1.24,0.12,1.07,1.15,1.2,1.26,1.31,1.45
Kujawsko-Pomorskie,2020-10-26,,estimate,1.23,1.24,0.12,1.07,1.15,1.2,1.26,1.31,1.45
Kujawsko-Pomorskie,2020-10-27,,estimate,1.22,1.24,0.12,1.07,1.15,1.19,1.25,1.31,1.44
Kujawsko-Pomorskie,2020-10-28,,estimate,1.22,1.23,0.12,1.07,1.15,1.19,1.25,1.3,1.44
Kujawsko-Pomorskie,2020-10-29,,estimate,1.21,1.23,0.12,1.07,1.15,1.19,1.24,1.29,1.43
Kujawsko-Pomorskie,2020-10-30,,estimate,1.21,1.22,0.11,1.07,1.14,1.18,1.23,1.28,1.42
Kujawsko-Pomorskie,2020-10-31,,estimate,1.2,1.21,0.11,1.07,1.14,1.17,1.22,1.26,1.4
Kujawsko-Pomorskie,2020-11-01,,estimate,1.19,1.2,0.1,1.07,1.13,1.17,1.21,1.25,1.38
Kujawsko-Pomorskie,2020-11-02,,estimate,1.18,1.19,0.09,1.07,1.13,1.16,1.2,1.24,1.36
Kujawsko-Pomorskie,2020-11-03,,estimate,1.17,1.18,0.09,1.06,1.12,1.15,1.19,1.22,1.33
Kujawsko-Pomorskie,2020-11-04,,estimate,1.16,1.17,0.08,1.06,1.12,1.14,1.18,1.21,1.3
Kujawsko-Pomorskie,2020-11-05,,estimate,1.15,1.16,0.07,1.06,1.11,1.13,1.17,1.2,1.28
Kujawsko-Pomorskie,2020-11-06,,estimate,1.14,1.14,0.06,1.05,1.1,1.12,1.15,1.18,1.25
Kujawsko-Pomorskie,2020-11-07,,estimate,1.13,1.13,0.06,1.04,1.09,1.12,1.14,1.17,1.23
Kujawsko-Pomorskie,2020-11-08,,estimate,1.12,1.12,0.06,1.03,1.09,1.11,1.13,1.16,1.21
Kujawsko-Pomorskie,2020-11-09,,estimate,1.11,1.11,0.06,1.01,1.08,1.1,1.12,1.14,1.19
Kujawsko-Pomorskie,2020-11-10,,estimate,1.1,1.1,0.06,1,1.07,1.09,1.11,1.13,1.18
Kujawsko-Pomorskie,2020-11-11,,estimate,1.09,1.09,0.06,0.98,1.06,1.08,1.1,1.12,1.17
Kujawsko-Pomorskie,2020-11-12,,estimate,1.09,1.08,0.06,0.97,1.06,1.07,1.1,1.12,1.16
Kujawsko-Pomorskie,2020-11-13,,estimate,1.08,1.07,0.07,0.96,1.05,1.07,1.09,1.11,1.15
Kujawsko-Pomorskie,2020-11-14,,estimate,1.07,1.06,0.06,0.95,1.04,1.06,1.08,1.1,1.14
Kujawsko-Pomorskie,2020-11-15,,estimate,1.07,1.06,0.06,0.94,1.03,1.06,1.08,1.1,1.13
Kujawsko-Pomorskie,2020-11-16,,estimate,1.06,1.05,0.06,0.94,1.03,1.05,1.07,1.09,1.13
Kujawsko-Pomorskie,2020-11-17,,estimate,1.06,1.05,0.06,0.94,1.02,1.05,1.07,1.08,1.12
Kujawsko-Pomorskie,2020-11-18,,estimate,1.05,1.04,0.06,0.94,1.02,1.04,1.06,1.08,1.12
Kujawsko-Pomorskie,2020-11-19,,estimate,1.05,1.04,0.05,0.94,1.02,1.04,1.06,1.07,1.11
Kujawsko-Pomorskie,2020-11-20,,estimate,1.04,1.04,0.05,0.95,1.01,1.03,1.05,1.07,1.11
Kujawsko-Pomorskie,2020-11-21,,estimate,1.04,1.04,0.05,0.95,1.01,1.03,1.05,1.07,1.11
Kujawsko-Pomorskie,2020-11-22,,estimate,1.04,1.04,0.05,0.95,1.01,1.03,1.05,1.06,1.11
Kujawsko-Pomorskie,2020-11-23,,estimate,1.04,1.03,0.05,0.95,1.01,1.02,1.05,1.06,1.11
Kujawsko-Pomorskie,2020-11-24,,estimate,1.03,1.03,0.06,0.95,1,1.02,1.04,1.06,1.11
Kujawsko-Pomorskie,2020-11-25,,estimate,1.03,1.03,0.06,0.95,1,1.02,1.04,1.06,1.11
Kujawsko-Pomorskie,2020-11-26,,estimate,1.03,1.03,0.06,0.95,1,1.02,1.04,1.06,1.11
Kujawsko-Pomorskie,2020-11-27,,estimate,1.03,1.03,0.06,0.94,0.99,1.02,1.03,1.05,1.12
Kujawsko-Pomorskie,2020-11-28,,estimate,1.02,1.03,0.06,0.94,0.99,1.01,1.03,1.05,1.12
Kujawsko-Pomorskie,2020-11-29,,estimate,1.02,1.02,0.06,0.94,0.99,1.01,1.03,1.05,1.12
Kujawsko-Pomorskie,2020-11-30,,estimate,1.02,1.02,0.06,0.94,0.99,1.01,1.03,1.05,1.12
Kujawsko-Pomorskie,2020-12-01,,estimate,1.02,1.02,0.06,0.94,0.98,1,1.03,1.04,1.11
Kujawsko-Pomorskie,2020-12-02,,estimate,1.01,1.01,0.06,0.93,0.98,1,1.02,1.04,1.11
Kujawsko-Pomorskie,2020-12-03,,estimate,1.01,1.01,0.06,0.93,0.98,1,1.02,1.04,1.1
Kujawsko-Pomorskie,2020-12-04,,estimate,1.01,1.01,0.05,0.92,0.98,1,1.02,1.04,1.09
Kujawsko-Pomorskie,2020-12-05,,estimate,1,1,0.05,0.92,0.97,0.99,1.02,1.03,1.09
Kujawsko-Pomorskie,2020-12-06,,estimate,1,1,0.05,0.92,0.97,0.99,1.01,1.03,1.08
Kujawsko-Pomorskie,2020-12-07,,estimate,1,1,0.05,0.91,0.97,0.99,1.01,1.03,1.08
Kujawsko-Pomorskie,2020-12-08,,estimate,1,0.99,0.05,0.91,0.97,0.98,1.01,1.03,1.07
Kujawsko-Pomorskie,2020-12-09,,estimate,0.99,0.99,0.05,0.9,0.96,0.98,1.01,1.02,1.07
Kujawsko-Pomorskie,2020-12-10,,estimate,0.99,0.99,0.05,0.89,0.96,0.98,1,1.02,1.07
Kujawsko-Pomorskie,2020-12-11,,estimate,0.99,0.99,0.06,0.89,0.96,0.98,1,1.02,1.07
Kujawsko-Pomorskie,2020-12-12,,estimate,0.99,0.98,0.06,0.88,0.96,0.98,1,1.02,1.06
Kujawsko-Pomorskie,2020-12-13,,estimate,0.99,0.98,0.06,0.88,0.95,0.98,1,1.02,1.06
Kujawsko-Pomorskie,2020-12-14,,estimate,0.99,0.98,0.06,0.88,0.95,0.98,1,1.02,1.06
Kujawsko-Pomorskie,2020-12-15,,estimate,0.99,0.98,0.06,0.88,0.95,0.98,1,1.02,1.06
Kujawsko-Pomorskie,2020-12-16,,estimate,0.99,0.98,0.06,0.88,0.95,0.97,1,1.02,1.07
Kujawsko-Pomorskie,2020-12-17,,estimate,0.99,0.98,0.06,0.88,0.95,0.97,1,1.02,1.07
Kujawsko-Pomorskie,2020-12-18,,estimate,0.99,0.99,0.06,0.88,0.95,0.97,1,1.03,1.07
Kujawsko-Pomorskie,2020-12-19,,estimate,0.99,0.99,0.06,0.89,0.95,0.98,1,1.03,1.08
Kujawsko-Pomorskie,2020-12-20,,estimate,0.99,0.99,0.06,0.89,0.96,0.98,1.01,1.03,1.08
Kujawsko-Pomorskie,2020-12-21,,estimate,0.99,0.99,0.06,0.89,0.96,0.98,1.01,1.03,1.09
Kujawsko-Pomorskie,2020-12-22,,estimate,1,1,0.06,0.89,0.96,0.98,1.01,1.04,1.1
Kujawsko-Pomorskie,2020-12-23,,estimate,1,1,0.07,0.89,0.96,0.98,1.02,1.04,1.11
Kujawsko-Pomorskie,2020-12-24,,estimate,1.01,1,0.07,0.89,0.96,0.99,1.02,1.05,1.12
Kujawsko-Pomorskie,2020-12-25,,estimate,1.01,1.01,0.08,0.89,0.96,0.99,1.03,1.05,1.13
Kujawsko-Pomorskie,2020-12-26,,estimate based on partial data,1.01,1.01,0.08,0.89,0.96,0.99,1.03,1.06,1.16
Kujawsko-Pomorskie,2020-12-27,,estimate based on partial data,1.01,1.02,0.09,0.88,0.96,1,1.03,1.07,1.18
Kujawsko-Pomorskie,2020-12-28,,estimate based on partial data,1.02,1.02,0.1,0.87,0.96,1,1.04,1.08,1.2
Kujawsko-Pomorskie,2020-12-29,,estimate based on partial data,1.02,1.03,0.11,0.87,0.96,1,1.04,1.08,1.23
Kujawsko-Pomorskie,2020-12-30,,estimate based on partial data,1.02,1.03,0.12,0.86,0.96,1,1.04,1.09,1.27
Kujawsko-Pomorskie,2020-12-31,,estimate based on partial data,1.02,1.04,0.14,0.85,0.96,1,1.05,1.09,1.3
Kujawsko-Pomorskie,2021-01-01,,estimate based on partial data,1.02,1.04,0.15,0.84,0.96,1,1.05,1.1,1.32
Kujawsko-Pomorskie,2021-01-02,,estimate based on partial data,1.02,1.05,0.17,0.83,0.95,1,1.05,1.11,1.36
Kujawsko-Pomorskie,2021-01-03,,estimate based on partial data,1.02,1.05,0.18,0.83,0.95,0.99,1.05,1.11,1.39
Kujawsko-Pomorskie,2021-01-04,,estimate based on partial data,1.02,1.06,0.2,0.82,0.95,0.99,1.05,1.12,1.42
Kujawsko-Pomorskie,2021-01-05,,estimate based on partial data,1.03,1.06,0.23,0.81,0.95,0.99,1.06,1.13,1.46
Kujawsko-Pomorskie,2021-01-06,,estimate based on partial data,1.03,1.07,0.25,0.79,0.94,0.99,1.06,1.13,1.49
Kujawsko-Pomorskie,2021-01-07,,estimate based on partial data,1.03,1.08,0.28,0.78,0.94,0.99,1.06,1.14,1.52
Kujawsko-Pomorskie,2021-01-08,,estimate based on partial data,1.03,1.08,0.31,0.78,0.94,0.99,1.06,1.15,1.56
Kujawsko-Pomorskie,2021-01-09,,estimate based on partial data,1.03,1.09,0.34,0.77,0.93,0.99,1.07,1.15,1.6
Kujawsko-Pomorskie,2021-01-10,,estimate based on partial data,1.03,1.1,0.37,0.76,0.93,0.99,1.07,1.16,1.65
Kujawsko-Pomorskie,2021-01-11,,estimate based on partial data,1.03,1.1,0.4,0.75,0.93,0.99,1.07,1.16,1.67
Kujawsko-Pomorskie,2021-01-12,,estimate based on partial data,1.03,1.11,0.44,0.74,0.93,0.99,1.07,1.16,1.7
Kujawsko-Pomorskie,2021-01-13,,forecast,1.03,1.11,0.44,0.74,0.93,0.99,1.07,1.16,1.7
Kujawsko-Pomorskie,2021-01-14,,forecast,1.03,1.11,0.44,0.74,0.93,0.99,1.07,1.16,1.7
Kujawsko-Pomorskie,2021-01-15,,forecast,1.03,1.11,0.44,0.74,0.93,0.99,1.07,1.16,1.7
Kujawsko-Pomorskie,2021-01-16,,forecast,1.03,1.11,0.44,0.74,0.93,0.99,1.07,1.16,1.7
Kujawsko-Pomorskie,2021-01-17,,forecast,1.03,1.11,0.44,0.74,0.93,0.99,1.07,1.16,1.7
Kujawsko-Pomorskie,2021-01-18,,forecast,1.03,1.11,0.44,0.74,0.93,0.99,1.07,1.16,1.7
Kujawsko-Pomorskie,2021-01-19,,forecast,1.03,1.11,0.44,0.74,0.93,0.99,1.07,1.16,1.7
Kujawsko-Pomorskie,2021-01-20,,forecast,1.03,1.11,0.44,0.74,0.93,0.99,1.07,1.16,1.7
Kujawsko-Pomorskie,2021-01-21,,forecast,1.03,1.11,0.44,0.74,0.93,0.99,1.07,1.16,1.7
Kujawsko-Pomorskie,2021-01-22,,forecast,1.03,1.11,0.44,0.74,0.93,0.99,1.07,1.16,1.7
Kujawsko-Pomorskie,2021-01-23,,forecast,1.03,1.11,0.44,0.74,0.93,0.99,1.07,1.16,1.7
Kujawsko-Pomorskie,2021-01-24,,forecast,1.03,1.11,0.44,0.74,0.93,0.99,1.07,1.16,1.7
Kujawsko-Pomorskie,2021-01-25,,forecast,1.03,1.11,0.44,0.74,0.93,0.99,1.07,1.16,1.7
Kujawsko-Pomorskie,2021-01-26,,forecast,1.03,1.11,0.44,0.74,0.93,0.99,1.07,1.16,1.7
Kujawsko-Pomorskie,2021-01-27,,forecast,1.03,1.11,0.44,0.74,0.93,0.99,1.07,1.16,1.7
Kujawsko-Pomorskie,2021-01-28,,forecast,1.03,1.11,0.44,0.74,0.93,0.99,1.07,1.16,1.7
Kujawsko-Pomorskie,2021-01-29,,forecast,1.03,1.11,0.44,0.74,0.93,0.99,1.07,1.16,1.7
Kujawsko-Pomorskie,2021-01-30,,forecast,1.03,1.11,0.44,0.74,0.93,0.99,1.07,1.16,1.7
Kujawsko-Pomorskie,2021-01-31,,forecast,1.03,1.11,0.44,0.74,0.93,0.99,1.07,1.16,1.7
Kujawsko-Pomorskie,2021-02-01,,forecast,1.03,1.11,0.44,0.74,0.93,0.99,1.07,1.16,1.7
Kujawsko-Pomorskie,2021-02-02,,forecast,1.03,1.11,0.44,0.74,0.93,0.99,1.07,1.16,1.7
Kujawsko-Pomorskie,2021-02-03,,forecast,1.03,1.11,0.44,0.74,0.93,0.99,1.07,1.16,1.7
Kujawsko-Pomorskie,2021-02-04,,forecast,1.03,1.11,0.44,0.74,0.93,0.99,1.07,1.16,1.7
Kujawsko-Pomorskie,2021-02-05,,forecast,1.03,1.11,0.44,0.74,0.93,0.99,1.07,1.16,1.7
Kujawsko-Pomorskie,2021-02-06,,forecast,1.03,1.11,0.44,0.74,0.93,0.99,1.07,1.16,1.7
Kujawsko-Pomorskie,2021-02-07,,forecast,1.03,1.11,0.44,0.74,0.93,0.99,1.07,1.16,1.7
Kujawsko-Pomorskie,2021-02-08,,forecast,1.03,1.11,0.44,0.74,0.93,0.99,1.07,1.16,1.7
Kujawsko-Pomorskie,2021-02-09,,forecast,1.03,1.11,0.44,0.74,0.93,0.99,1.07,1.16,1.7
Kujawsko-Pomorskie,2021-02-10,,forecast,1.03,1.11,0.44,0.74,0.93,0.99,1.07,1.16,1.7
Lodzkie,2020-10-21,,estimate,1.13,1.14,0.17,0.87,1.02,1.09,1.17,1.24,1.42
Lodzkie,2020-10-22,,estimate,1.14,1.14,0.15,0.89,1.04,1.1,1.18,1.24,1.4
Lodzkie,2020-10-23,,estimate,1.15,1.15,0.14,0.92,1.06,1.12,1.18,1.24,1.39
Lodzkie,2020-10-24,,estimate,1.16,1.16,0.14,0.94,1.07,1.13,1.19,1.25,1.38
Lodzkie,2020-10-25,,estimate,1.17,1.17,0.13,0.96,1.09,1.14,1.2,1.26,1.39
Lodzkie,2020-10-26,,estimate,1.18,1.18,0.13,0.98,1.1,1.15,1.21,1.27,1.39
Lodzkie,2020-10-27,,estimate,1.19,1.2,0.12,1,1.12,1.17,1.22,1.27,1.39
Lodzkie,2020-10-28,,estimate,1.21,1.21,0.12,1.01,1.13,1.18,1.24,1.29,1.4
Lodzkie,2020-10-29,,estimate,1.22,1.22,0.12,1.03,1.15,1.19,1.25,1.3,1.41
Lodzkie,2020-10-30,,estimate,1.23,1.23,0.11,1.05,1.16,1.21,1.26,1.31,1.42
Lodzkie,2020-10-31,,estimate,1.24,1.24,0.11,1.07,1.18,1.22,1.27,1.32,1.43
Lodzkie,2020-11-01,,estimate,1.25,1.26,0.11,1.09,1.19,1.23,1.28,1.32,1.44
Lodzkie,2020-11-02,,estimate,1.26,1.27,0.1,1.11,1.2,1.24,1.29,1.33,1.45
Lodzkie,2020-11-03,,estimate,1.27,1.27,0.1,1.12,1.21,1.25,1.29,1.34,1.46
Lodzkie,2020-11-04,,estimate,1.27,1.28,0.1,1.13,1.21,1.25,1.3,1.34,1.47
Lodzkie,2020-11-05,,estimate,1.28,1.29,0.1,1.13,1.22,1.25,1.3,1.35,1.47
Lodzkie,2020-11-06,,estimate,1.28,1.29,0.11,1.13,1.21,1.25,1.3,1.35,1.48
Lodzkie,2020-11-07,,estimate,1.27,1.29,0.11,1.13,1.21,1.25,1.3,1.35,1.48
Lodzkie,2020-11-08,,estimate,1.27,1.28,0.11,1.12,1.2,1.24,1.3,1.34,1.49
Lodzkie,2020-11-09,,estimate,1.26,1.27,0.12,1.11,1.19,1.23,1.29,1.33,1.48
Lodzkie,2020-11-10,,estimate,1.25,1.26,0.12,1.09,1.18,1.22,1.28,1.32,1.47
Lodzkie,2020-11-11,,estimate,1.23,1.24,0.12,1.08,1.16,1.2,1.26,1.31,1.45
Lodzkie,2020-11-12,,estimate,1.21,1.22,0.12,1.06,1.14,1.18,1.24,1.29,1.43
Lodzkie,2020-11-13,,estimate,1.19,1.2,0.12,1.04,1.12,1.16,1.21,1.26,1.41
Lodzkie,2020-11-14,,estimate,1.16,1.17,0.11,1.02,1.1,1.14,1.19,1.23,1.38
Lodzkie,2020-11-15,,estimate,1.13,1.15,0.11,1,1.07,1.11,1.16,1.2,1.34
Lodzkie,2020-11-16,,estimate,1.1,1.12,0.1,0.97,1.05,1.08,1.13,1.17,1.31
Lodzkie,2020-11-17,,estimate,1.07,1.09,0.1,0.94,1.02,1.05,1.1,1.14,1.26
Lodzkie,2020-11-18,,estimate,1.05,1.05,0.09,0.91,0.99,1.03,1.07,1.11,1.21
Lodzkie,2020-11-19,,estimate,1.02,1.02,0.09,0.89,0.97,1,1.04,1.07,1.17
Lodzkie,2020-11-20,,estimate,0.99,0.99,0.08,0.86,0.94,0.97,1.01,1.04,1.13
Lodzkie,2020-11-21,,estimate,0.96,0.96,0.08,0.83,0.91,0.94,0.98,1.01,1.1
Lodzkie,2020-11-22,,estimate,0.93,0.93,0.08,0.79,0.89,0.92,0.95,0.99,1.06
Lodzkie,2020-11-23,,estimate,0.91,0.91,0.08,0.76,0.86,0.89,0.93,0.96,1.04
Lodzkie,2020-11-24,,estimate,0.89,0.88,0.08,0.74,0.83,0.87,0.91,0.94,1.01
Lodzkie,2020-11-25,,estimate,0.87,0.86,0.08,0.72,0.81,0.84,0.89,0.92,0.99
Lodzkie,2020-11-26,,estimate,0.85,0.84,0.09,0.7,0.79,0.83,0.87,0.9,0.97
Lodzkie,2020-11-27,,estimate,0.83,0.83,0.09,0.68,0.77,0.81,0.85,0.89,0.96
Lodzkie,2020-11-28,,estimate,0.81,0.81,0.09,0.66,0.75,0.79,0.84,0.87,0.95
Lodzkie,2020-11-29,,estimate,0.8,0.8,0.09,0.65,0.74,0.78,0.82,0.86,0.94
Lodzkie,2020-11-30,,estimate,0.79,0.79,0.09,0.64,0.73,0.77,0.81,0.85,0.94
Lodzkie,2020-12-01,,estimate,0.79,0.78,0.09,0.63,0.72,0.76,0.81,0.85,0.93
Lodzkie,2020-12-02,,estimate,0.78,0.78,0.09,0.62,0.72,0.76,0.8,0.84,0.93
Lodzkie,2020-12-03,,estimate,0.78,0.78,0.09,0.62,0.72,0.76,0.8,0.84,0.93
Lodzkie,2020-12-04,,estimate,0.78,0.78,0.09,0.62,0.72,0.76,0.8,0.84,0.92
Lodzkie,2020-12-05,,estimate,0.78,0.78,0.09,0.62,0.72,0.76,0.81,0.84,0.93
Lodzkie,2020-12-06,,estimate,0.79,0.79,0.09,0.63,0.73,0.77,0.81,0.85,0.93
Lodzkie,2020-12-07,,estimate,0.8,0.79,0.09,0.64,0.74,0.77,0.82,0.86,0.94
Lodzkie,2020-12-08,,estimate,0.81,0.8,0.09,0.64,0.75,0.78,0.83,0.87,0.94
Lodzkie,2020-12-09,,estimate,0.82,0.82,0.09,0.65,0.76,0.8,0.84,0.88,0.95
Lodzkie,2020-12-10,,estimate,0.83,0.83,0.09,0.67,0.77,0.81,0.86,0.89,0.97
Lodzkie,2020-12-11,,estimate,0.85,0.85,0.09,0.69,0.79,0.83,0.87,0.91,0.98
Lodzkie,2020-12-12,,estimate,0.87,0.87,0.09,0.72,0.81,0.85,0.89,0.92,1.01
Lodzkie,2020-12-13,,estimate,0.89,0.89,0.09,0.73,0.83,0.87,0.91,0.94,1.04
Lodzkie,2020-12-14,,estimate,0.91,0.91,0.09,0.76,0.86,0.89,0.93,0.96,1.06
Lodzkie,2020-12-15,,estimate,0.93,0.93,0.09,0.79,0.88,0.91,0.95,0.98,1.09
Lodzkie,2020-12-16,,estimate,0.95,0.96,0.09,0.82,0.9,0.94,0.98,1.01,1.12
Lodzkie,2020-12-17,,estimate,0.98,0.99,0.1,0.84,0.92,0.96,1,1.04,1.15
Lodzkie,2020-12-18,,estimate,1,1.01,0.1,0.87,0.95,0.98,1.03,1.07,1.2
Lodzkie,2020-12-19,,estimate,1.03,1.04,0.11,0.89,0.97,1.01,1.06,1.1,1.23
Lodzkie,2020-12-20,,estimate,1.06,1.07,0.12,0.91,0.99,1.03,1.09,1.14,1.27
Lodzkie,2020-12-21,,estimate,1.09,1.1,0.12,0.92,1.02,1.06,1.12,1.17,1.31
Lodzkie,2020-12-22,,estimate,1.11,1.13,0.13,0.92,1.04,1.08,1.15,1.21,1.36
Lodzkie,2020-12-23,,estimate,1.14,1.15,0.15,0.93,1.06,1.11,1.18,1.24,1.41
Lodzkie,2020-12-24,,estimate,1.17,1.18,0.16,0.94,1.07,1.13,1.21,1.28,1.45
Lodzkie,2020-12-25,,estimate,1.19,1.2,0.17,0.94,1.09,1.15,1.23,1.3,1.49
Lodzkie,2020-12-26,,estimate based on partial data,1.22,1.23,0.18,0.94,1.11,1.17,1.26,1.34,1.54
Lodzkie,2020-12-27,,estimate based on partial data,1.24,1.24,0.2,0.93,1.11,1.19,1.28,1.37,1.57
Lodzkie,2020-12-28,,estimate based on partial data,1.26,1.26,0.21,0.93,1.12,1.2,1.31,1.39,1.61
Lodzkie,2020-12-29,,estimate based on partial data,1.28,1.28,0.23,0.92,1.12,1.22,1.32,1.42,1.66
Lodzkie,2020-12-30,,estimate based on partial data,1.28,1.29,0.25,0.9,1.13,1.22,1.34,1.45,1.7
Lodzkie,2020-12-31,,estimate based on partial data,1.29,1.3,0.27,0.88,1.13,1.22,1.36,1.47,1.75
Lodzkie,2021-01-01,,estimate based on partial data,1.29,1.31,0.29,0.87,1.12,1.22,1.37,1.49,1.79
Lodzkie,2021-01-02,,estimate based on partial data,1.3,1.32,0.31,0.85,1.11,1.22,1.38,1.5,1.86
Lodzkie,2021-01-03,,estimate based on partial data,1.29,1.32,0.34,0.83,1.1,1.22,1.39,1.52,1.92
Lodzkie,2021-01-04,,estimate based on partial data,1.3,1.33,0.37,0.8,1.08,1.21,1.39,1.54,1.98
Lodzkie,2021-01-05,,estimate based on partial data,1.3,1.34,0.4,0.78,1.07,1.2,1.39,1.57,2.04
Lodzkie,2021-01-06,,estimate based on partial data,1.3,1.35,0.43,0.76,1.06,1.2,1.4,1.58,2.11
Lodzkie,2021-01-07,,estimate based on partial data,1.29,1.35,0.47,0.73,1.04,1.19,1.4,1.6,2.21
Lodzkie,2021-01-08,,estimate based on partial data,1.28,1.36,0.5,0.7,1.03,1.18,1.41,1.62,2.3
Lodzkie,2021-01-09,,estimate based on partial data,1.28,1.37,0.55,0.68,1.01,1.18,1.41,1.63,2.39
Lodzkie,2021-01-10,,estimate based on partial data,1.28,1.38,0.59,0.65,0.99,1.17,1.41,1.64,2.47
Lodzkie,2021-01-11,,estimate based on partial data,1.28,1.39,0.64,0.62,0.98,1.16,1.41,1.67,2.59
Lodzkie,2021-01-12,,estimate based on partial data,1.27,1.41,0.69,0.59,0.97,1.15,1.41,1.69,2.71
Lodzkie,2021-01-13,,forecast,1.27,1.41,0.69,0.59,0.97,1.15,1.41,1.69,2.71
Lodzkie,2021-01-14,,forecast,1.27,1.41,0.69,0.59,0.97,1.15,1.41,1.69,2.71
Lodzkie,2021-01-15,,forecast,1.27,1.41,0.69,0.59,0.97,1.15,1.41,1.69,2.71
Lodzkie,2021-01-16,,forecast,1.27,1.41,0.69,0.59,0.97,1.15,1.41,1.69,2.71
Lodzkie,2021-01-17,,forecast,1.27,1.41,0.69,0.59,0.97,1.15,1.41,1.69,2.71
Lodzkie,2021-01-18,,forecast,1.27,1.41,0.69,0.59,0.97,1.15,1.41,1.69,2.71
Lodzkie,2021-01-19,,forecast,1.27,1.41,0.69,0.59,0.97,1.15,1.41,1.69,2.71
Lodzkie,2021-01-20,,forecast,1.27,1.41,0.69,0.59,0.97,1.15,1.41,1.69,2.71
Lodzkie,2021-01-21,,forecast,1.27,1.41,0.69,0.59,0.97,1.15,1.41,1.69,2.71
Lodzkie,2021-01-22,,forecast,1.27,1.41,0.69,0.59,0.97,1.15,1.41,1.69,2.71
Lodzkie,2021-01-23,,forecast,1.27,1.41,0.69,0.59,0.97,1.15,1.41,1.69,2.71
Lodzkie,2021-01-24,,forecast,1.27,1.41,0.69,0.59,0.97,1.15,1.41,1.69,2.71
Lodzkie,2021-01-25,,forecast,1.27,1.41,0.69,0.59,0.97,1.15,1.41,1.69,2.71
Lodzkie,2021-01-26,,forecast,1.27,1.41,0.69,0.59,0.97,1.15,1.41,1.69,2.71
Lodzkie,2021-01-27,,forecast,1.27,1.41,0.69,0.59,0.97,1.15,1.41,1.69,2.71
Lodzkie,2021-01-28,,forecast,1.27,1.41,0.69,0.59,0.97,1.15,1.41,1.69,2.71
Lodzkie,2021-01-29,,forecast,1.27,1.41,0.69,0.59,0.97,1.15,1.41,1.69,2.71
Lodzkie,2021-01-30,,forecast,1.27,1.41,0.69,0.59,0.97,1.15,1.41,1.69,2.71
Lodzkie,2021-01-31,,forecast,1.27,1.41,0.69,0.59,0.97,1.15,1.41,1.69,2.71
Lodzkie,2021-02-01,,forecast,1.27,1.41,0.69,0.59,0.97,1.15,1.41,1.69,2.71
Lodzkie,2021-02-02,,forecast,1.27,1.41,0.69,0.59,0.97,1.15,1.41,1.69,2.71
Lodzkie,2021-02-03,,forecast,1.27,1.41,0.69,0.59,0.97,1.15,1.41,1.69,2.71
Lodzkie,2021-02-04,,forecast,1.27,1.41,0.69,0.59,0.97,1.15,1.41,1.69,2.71
Lodzkie,2021-02-05,,forecast,1.27,1.41,0.69,0.59,0.97,1.15,1.41,1.69,2.71
Lodzkie,2021-02-06,,forecast,1.27,1.41,0.69,0.59,0.97,1.15,1.41,1.69,2.71
Lodzkie,2021-02-07,,forecast,1.27,1.41,0.69,0.59,0.97,1.15,1.41,1.69,2.71
Lodzkie,2021-02-08,,forecast,1.27,1.41,0.69,0.59,0.97,1.15,1.41,1.69,2.71
Lodzkie,2021-02-09,,forecast,1.27,1.41,0.69,0.59,0.97,1.15,1.41,1.69,2.71
Lodzkie,2021-02-10,,forecast,1.27,1.41,0.69,0.59,0.97,1.15,1.41,1.69,2.71
Lower Saxony State,2020-10-20,,estimate,1.16,1.19,0.12,1.06,1.11,1.14,1.19,1.24,1.4
Lower Saxony State,2020-10-21,,estimate,1.16,1.18,0.11,1.06,1.11,1.14,1.19,1.24,1.39
Lower Saxony State,2020-10-22,,estimate,1.16,1.18,0.1,1.06,1.11,1.14,1.19,1.23,1.38
Lower Saxony State,2020-10-23,,estimate,1.16,1.18,0.1,1.07,1.11,1.14,1.18,1.23,1.37
Lower Saxony State,2020-10-24,,estimate,1.16,1.18,0.09,1.07,1.11,1.14,1.18,1.23,1.35
Lower Saxony State,2020-10-25,,estimate,1.16,1.18,0.09,1.07,1.11,1.14,1.18,1.22,1.34
Lower Saxony State,2020-10-26,,estimate,1.16,1.17,0.08,1.07,1.11,1.14,1.18,1.22,1.33
Lower Saxony State,2020-10-27,,estimate,1.16,1.17,0.08,1.07,1.11,1.14,1.17,1.21,1.32
Lower Saxony State,2020-10-28,,estimate,1.15,1.17,0.07,1.08,1.11,1.14,1.17,1.21,1.31
Lower Saxony State,2020-10-29,,estimate,1.15,1.16,0.07,1.07,1.11,1.13,1.17,1.2,1.3
Lower Saxony State,2020-10-30,,estimate,1.15,1.16,0.07,1.07,1.11,1.13,1.16,1.2,1.28
Lower Saxony State,2020-10-31,,estimate,1.14,1.15,0.06,1.07,1.11,1.13,1.16,1.19,1.27
Lower Saxony State,2020-11-01,,estimate,1.14,1.15,0.06,1.07,1.11,1.13,1.16,1.18,1.25
Lower Saxony State,2020-11-02,,estimate,1.14,1.14,0.05,1.07,1.1,1.12,1.15,1.17,1.24
Lower Saxony State,2020-11-03,,estimate,1.13,1.14,0.05,1.07,1.1,1.12,1.14,1.17,1.23
Lower Saxony State,2020-11-04,,estimate,1.13,1.13,0.05,1.07,1.1,1.12,1.14,1.16,1.21
Lower Saxony State,2020-11-05,,estimate,1.12,1.13,0.04,1.06,1.1,1.11,1.14,1.15,1.2
Lower Saxony State,2020-11-06,,estimate,1.12,1.12,0.04,1.06,1.1,1.11,1.13,1.15,1.19
Lower Saxony State,2020-11-07,,estimate,1.12,1.12,0.04,1.06,1.09,1.11,1.13,1.14,1.18
Lower Saxony State,2020-11-08,,estimate,1.11,1.11,0.04,1.05,1.09,1.1,1.12,1.14,1.18
Lower Saxony State,2020-11-09,,estimate,1.11,1.11,0.04,1.05,1.09,1.1,1.12,1.13,1.17
Lower Saxony State,2020-11-10,,estimate,1.1,1.1,0.04,1.04,1.09,1.1,1.11,1.13,1.16
Lower Saxony State,2020-11-11,,estimate,1.1,1.1,0.04,1.03,1.08,1.09,1.11,1.12,1.16
Lower Saxony State,2020-11-12,,estimate,1.1,1.1,0.04,1.03,1.08,1.09,1.11,1.12,1.15
Lower Saxony State,2020-11-13,,estimate,1.1,1.09,0.04,1.02,1.08,1.09,1.1,1.11,1.15
Lower Saxony State,2020-11-14,,estimate,1.09,1.09,0.04,1.02,1.07,1.09,1.1,1.11,1.15
Lower Saxony State,2020-11-15,,estimate,1.09,1.09,0.04,1.02,1.07,1.08,1.1,1.11,1.14
Lower Saxony State,2020-11-16,,estimate,1.09,1.08,0.04,1.01,1.07,1.08,1.1,1.11,1.14
Lower Saxony State,2020-11-17,,estimate,1.09,1.08,0.04,1.01,1.07,1.08,1.09,1.11,1.13
Lower Saxony State,2020-11-18,,estimate,1.09,1.08,0.04,1.01,1.06,1.08,1.09,1.1,1.13
Lower Saxony State,2020-11-19,,estimate,1.08,1.08,0.04,1.01,1.06,1.08,1.09,1.1,1.13
Lower Saxony State,2020-11-20,,estimate,1.08,1.08,0.04,1,1.06,1.08,1.09,1.1,1.13
Lower Saxony State,2020-11-21,,estimate,1.08,1.08,0.04,1,1.06,1.07,1.09,1.1,1.13
Lower Saxony State,2020-11-22,,estimate,1.08,1.08,0.04,1.01,1.06,1.07,1.09,1.1,1.13
Lower Saxony State,2020-11-23,,estimate,1.08,1.08,0.04,1.01,1.06,1.07,1.09,1.1,1.13
Lower Saxony State,2020-11-24,,estimate,1.08,1.08,0.04,1.01,1.06,1.07,1.09,1.1,1.12
Lower Saxony State,2020-11-25,,estimate,1.08,1.08,0.04,1.02,1.06,1.07,1.08,1.1,1.13
Lower Saxony State,2020-11-26,,estimate,1.08,1.08,0.04,1.02,1.06,1.07,1.08,1.09,1.13
Lower Saxony State,2020-11-27,,estimate,1.08,1.08,0.04,1.02,1.06,1.07,1.08,1.09,1.13
Lower Saxony State,2020-11-28,,estimate,1.08,1.08,0.04,1.02,1.06,1.07,1.08,1.09,1.13
Lower Saxony State,2020-11-29,,estimate,1.08,1.08,0.04,1.02,1.06,1.07,1.08,1.09,1.13
Lower Saxony State,2020-11-30,,estimate,1.08,1.08,0.04,1.02,1.05,1.07,1.08,1.09,1.13
Lower Saxony State,2020-12-01,,estimate,1.08,1.08,0.04,1.02,1.05,1.07,1.08,1.09,1.14
Lower Saxony State,2020-12-02,,estimate,1.07,1.08,0.04,1.02,1.05,1.07,1.08,1.09,1.14
Lower Saxony State,2020-12-03,,estimate,1.07,1.08,0.04,1.02,1.05,1.07,1.08,1.09,1.14
Lower Saxony State,2020-12-04,,estimate,1.07,1.07,0.04,1.02,1.05,1.07,1.08,1.09,1.14
Lower Saxony State,2020-12-05,,estimate,1.07,1.07,0.04,1.02,1.05,1.06,1.08,1.09,1.14
Lower Saxony State,2020-12-06,,estimate,1.07,1.07,0.04,1.02,1.05,1.06,1.08,1.09,1.14
Lower Saxony State,2020-12-07,,estimate,1.07,1.07,0.04,1.01,1.05,1.06,1.08,1.09,1.14
Lower Saxony State,2020-12-08,,estimate,1.07,1.07,0.04,1.01,1.05,1.06,1.08,1.09,1.14
Lower Saxony State,2020-12-09,,estimate,1.07,1.07,0.04,1.01,1.05,1.06,1.08,1.09,1.13
Lower Saxony State,2020-12-10,,estimate,1.07,1.07,0.04,1.01,1.05,1.06,1.08,1.09,1.13
Lower Saxony State,2020-12-11,,estimate,1.07,1.07,0.04,1.01,1.05,1.06,1.08,1.09,1.13
Lower Saxony State,2020-12-12,,estimate,1.07,1.07,0.04,1.01,1.04,1.06,1.07,1.09,1.13
Lower Saxony State,2020-12-13,,estimate,1.07,1.07,0.04,1,1.04,1.06,1.07,1.09,1.13
Lower Saxony State,2020-12-14,,estimate,1.07,1.06,0.04,1,1.04,1.06,1.07,1.09,1.13
Lower Saxony State,2020-12-15,,estimate,1.06,1.06,0.04,1,1.04,1.06,1.07,1.09,1.12
Lower Saxony State,2020-12-16,,estimate,1.06,1.06,0.04,1,1.04,1.05,1.07,1.09,1.12
Lower Saxony State,2020-12-17,,estimate,1.06,1.06,0.04,0.99,1.04,1.05,1.07,1.09,1.12
Lower Saxony State,2020-12-18,,estimate,1.06,1.06,0.04,0.99,1.04,1.05,1.07,1.09,1.12
Lower Saxony State,2020-12-19,,estimate,1.06,1.06,0.04,0.99,1.03,1.05,1.07,1.09,1.12
Lower Saxony State,2020-12-20,,estimate,1.06,1.06,0.05,0.98,1.03,1.05,1.07,1.09,1.13
Lower Saxony State,2020-12-21,,estimate,1.06,1.06,0.05,0.98,1.03,1.05,1.07,1.09,1.13
Lower Saxony State,2020-12-22,,estimate,1.06,1.06,0.05,0.97,1.03,1.05,1.07,1.09,1.13
Lower Saxony State,2020-12-23,,estimate,1.06,1.06,0.05,0.96,1.03,1.05,1.07,1.09,1.14
Lower Saxony State,2020-12-24,,estimate,1.06,1.06,0.06,0.96,1.02,1.05,1.07,1.09,1.15
Lower Saxony State,2020-12-25,,estimate based on partial data,1.06,1.06,0.06,0.95,1.02,1.05,1.07,1.09,1.15
Lower Saxony State,2020-12-26,,estimate based on partial data,1.06,1.06,0.07,0.95,1.02,1.05,1.07,1.09,1.16
Lower Saxony State,2020-12-27,,estimate based on partial data,1.06,1.06,0.07,0.94,1.02,1.05,1.07,1.1,1.17
Lower Saxony State,2020-12-28,,estimate based on partial data,1.06,1.06,0.08,0.92,1.02,1.05,1.07,1.1,1.18
Lower Saxony State,2020-12-29,,estimate based on partial data,1.06,1.06,0.08,0.91,1.01,1.05,1.07,1.1,1.19
Lower Saxony State,2020-12-30,,estimate based on partial data,1.06,1.06,0.09,0.91,1.01,1.05,1.08,1.1,1.2
Lower Saxony State,2020-12-31,,estimate based on partial data,1.06,1.06,0.1,0.9,1.01,1.05,1.08,1.1,1.21
Lower Saxony State,2021-01-01,,estimate based on partial data,1.06,1.06,0.1,0.89,1.01,1.04,1.08,1.1,1.22
Lower Saxony State,2021-01-02,,estimate based on partial data,1.06,1.06,0.11,0.88,1.01,1.04,1.08,1.1,1.23
Lower Saxony State,2021-01-03,,estimate based on partial data,1.06,1.06,0.12,0.87,1,1.04,1.08,1.11,1.24
Lower Saxony State,2021-01-04,,estimate based on partial data,1.06,1.06,0.13,0.86,1,1.04,1.08,1.11,1.25
Lower Saxony State,2021-01-05,,estimate based on partial data,1.06,1.06,0.13,0.86,1,1.04,1.08,1.11,1.25
Lower Saxony State,2021-01-06,,estimate based on partial data,1.06,1.06,0.14,0.85,1,1.04,1.08,1.11,1.27
Lower Saxony State,2021-01-07,,estimate based on partial data,1.06,1.06,0.15,0.84,1,1.04,1.08,1.11,1.27
Lower Saxony State,2021-01-08,,estimate based on partial data,1.06,1.06,0.16,0.83,0.99,1.04,1.08,1.12,1.29
Lower Saxony State,2021-01-09,,estimate based on partial data,1.06,1.06,0.16,0.81,0.99,1.04,1.08,1.12,1.3
Lower Saxony State,2021-01-10,,estimate based on partial data,1.06,1.06,0.17,0.81,0.99,1.04,1.08,1.12,1.31
Lower Saxony State,2021-01-11,,estimate based on partial data,1.06,1.06,0.18,0.8,0.99,1.04,1.08,1.12,1.32
Lower Saxony State,2021-01-12,,forecast,1.06,1.06,0.18,0.8,0.99,1.04,1.08,1.12,1.32
Lower Saxony State,2021-01-13,,forecast,1.06,1.06,0.18,0.8,0.99,1.04,1.08,1.12,1.32
Lower Saxony State,2021-01-14,,forecast,1.06,1.06,0.18,0.8,0.99,1.04,1.08,1.12,1.32
Lower Saxony State,2021-01-15,,forecast,1.06,1.06,0.18,0.8,0.99,1.04,1.08,1.12,1.32
Lower Saxony State,2021-01-16,,forecast,1.06,1.06,0.18,0.8,0.99,1.04,1.08,1.12,1.32
Lower Saxony State,2021-01-17,,forecast,1.06,1.06,0.18,0.8,0.99,1.04,1.08,1.12,1.32
Lower Saxony State,2021-01-18,,forecast,1.06,1.06,0.18,0.8,0.99,1.04,1.08,1.12,1.32
Lower Saxony State,2021-01-19,,forecast,1.06,1.06,0.18,0.8,0.99,1.04,1.08,1.12,1.32
Lower Saxony State,2021-01-20,,forecast,1.06,1.06,0.18,0.8,0.99,1.04,1.08,1.12,1.32
Lower Saxony State,2021-01-21,,forecast,1.06,1.06,0.18,0.8,0.99,1.04,1.08,1.12,1.32
Lower Saxony State,2021-01-22,,forecast,1.06,1.06,0.18,0.8,0.99,1.04,1.08,1.12,1.32
Lower Saxony State,2021-01-23,,forecast,1.06,1.06,0.18,0.8,0.99,1.04,1.08,1.12,1.32
Lower Saxony State,2021-01-24,,forecast,1.06,1.06,0.18,0.8,0.99,1.04,1.08,1.12,1.32
Lower Saxony State,2021-01-25,,forecast,1.06,1.06,0.18,0.8,0.99,1.04,1.08,1.12,1.32
Lower Saxony State,2021-01-26,,forecast,1.06,1.06,0.18,0.8,0.99,1.04,1.08,1.12,1.32
Lower Saxony State,2021-01-27,,forecast,1.06,1.06,0.18,0.8,0.99,1.04,1.08,1.12,1.32
Lower Saxony State,2021-01-28,,forecast,1.06,1.06,0.18,0.8,0.99,1.04,1.08,1.12,1.32
Lower Saxony State,2021-01-29,,forecast,1.06,1.06,0.18,0.8,0.99,1.04,1.08,1.12,1.32
Lower Saxony State,2021-01-30,,forecast,1.06,1.06,0.18,0.8,0.99,1.04,1.08,1.12,1.32
Lower Saxony State,2021-01-31,,forecast,1.06,1.06,0.18,0.8,0.99,1.04,1.08,1.12,1.32
Lower Saxony State,2021-02-01,,forecast,1.06,1.06,0.18,0.8,0.99,1.04,1.08,1.12,1.32
Lower Saxony State,2021-02-02,,forecast,1.06,1.06,0.18,0.8,0.99,1.04,1.08,1.12,1.32
Lower Saxony State,2021-02-03,,forecast,1.06,1.06,0.18,0.8,0.99,1.04,1.08,1.12,1.32
Lower Saxony State,2021-02-04,,forecast,1.06,1.06,0.18,0.8,0.99,1.04,1.08,1.12,1.32
Lower Saxony State,2021-02-05,,forecast,1.06,1.06,0.18,0.8,0.99,1.04,1.08,1.12,1.32
Lower Saxony State,2021-02-06,,forecast,1.06,1.06,0.18,0.8,0.99,1.04,1.08,1.12,1.32
Lower Saxony State,2021-02-07,,forecast,1.06,1.06,0.18,0.8,0.99,1.04,1.08,1.12,1.32
Lower Saxony State,2021-02-08,,forecast,1.06,1.06,0.18,0.8,0.99,1.04,1.08,1.12,1.32
Lower Saxony State,2021-02-09,,forecast,1.06,1.06,0.18,0.8,0.99,1.04,1.08,1.12,1.32
Lower Saxony State,2021-02-10,,forecast,1.06,1.06,0.18,0.8,0.99,1.04,1.08,1.12,1.32
Lubelskie,2020-10-20,,estimate,1.21,1.22,0.14,1.02,1.13,1.18,1.24,1.31,1.47
Lubelskie,2020-10-21,,estimate,1.21,1.22,0.13,1.03,1.14,1.18,1.24,1.3,1.45
Lubelskie,2020-10-22,,estimate,1.21,1.22,0.12,1.04,1.14,1.18,1.24,1.29,1.43
Lubelskie,2020-10-23,,estimate,1.21,1.22,0.11,1.05,1.14,1.18,1.23,1.28,1.41
Lubelskie,2020-10-24,,estimate,1.2,1.21,0.1,1.05,1.14,1.18,1.23,1.28,1.4
Lubelskie,2020-10-25,,estimate,1.2,1.21,0.1,1.06,1.14,1.18,1.23,1.27,1.38
Lubelskie,2020-10-26,,estimate,1.2,1.2,0.09,1.06,1.14,1.17,1.22,1.26,1.36
Lubelskie,2020-10-27,,estimate,1.19,1.19,0.09,1.06,1.13,1.17,1.21,1.25,1.35
Lubelskie,2020-10-28,,estimate,1.18,1.19,0.08,1.06,1.13,1.16,1.2,1.24,1.33
Lubelskie,2020-10-29,,estimate,1.17,1.18,0.08,1.06,1.12,1.15,1.19,1.23,1.32
Lubelskie,2020-10-30,,estimate,1.16,1.17,0.08,1.05,1.11,1.15,1.18,1.21,1.3
Lubelskie,2020-10-31,,estimate,1.15,1.16,0.07,1.05,1.11,1.14,1.17,1.2,1.29
Lubelskie,2020-11-01,,estimate,1.14,1.15,0.07,1.04,1.1,1.13,1.16,1.18,1.27
Lubelskie,2020-11-02,,estimate,1.13,1.13,0.06,1.04,1.09,1.11,1.14,1.17,1.25
Lubelskie,2020-11-03,,estimate,1.12,1.12,0.06,1.03,1.08,1.1,1.13,1.16,1.23
Lubelskie,2020-11-04,,estimate,1.1,1.11,0.06,1.02,1.07,1.09,1.12,1.14,1.21
Lubelskie,2020-11-05,,estimate,1.09,1.1,0.06,1.02,1.06,1.08,1.1,1.13,1.19
Lubelskie,2020-11-06,,estimate,1.08,1.08,0.05,1,1.05,1.07,1.09,1.11,1.18
Lubelskie,2020-11-07,,estimate,1.06,1.07,0.05,0.99,1.03,1.05,1.08,1.1,1.16
Lubelskie,2020-11-08,,estimate,1.05,1.05,0.05,0.98,1.02,1.04,1.06,1.08,1.14
Lubelskie,2020-11-09,,estimate,1.04,1.04,0.05,0.96,1.01,1.03,1.05,1.07,1.13
Lubelskie,2020-11-10,,estimate,1.03,1.03,0.05,0.95,1,1.02,1.04,1.06,1.11
Lubelskie,2020-11-11,,estimate,1.01,1.01,0.05,0.93,0.99,1,1.02,1.04,1.1
Lubelskie,2020-11-12,,estimate,1,1,0.05,0.92,0.97,0.99,1.01,1.03,1.08
Lubelskie,2020-11-13,,estimate,0.99,0.99,0.05,0.91,0.96,0.98,1,1.02,1.07
Lubelskie,2020-11-14,,estimate,0.98,0.98,0.05,0.89,0.95,0.97,0.99,1.01,1.06
Lubelskie,2020-11-15,,estimate,0.97,0.97,0.05,0.88,0.94,0.96,0.98,1,1.05
Lubelskie,2020-11-16,,estimate,0.96,0.96,0.05,0.87,0.93,0.95,0.97,0.99,1.04
Lubelskie,2020-11-17,,estimate,0.95,0.95,0.05,0.86,0.92,0.94,0.97,0.98,1.03
Lubelskie,2020-11-18,,estimate,0.94,0.94,0.05,0.85,0.91,0.93,0.96,0.98,1.02
Lubelskie,2020-11-19,,estimate,0.94,0.93,0.05,0.84,0.9,0.92,0.95,0.97,1.01
Lubelskie,2020-11-20,,estimate,0.93,0.93,0.05,0.84,0.9,0.92,0.94,0.96,1
Lubelskie,2020-11-21,,estimate,0.92,0.92,0.05,0.83,0.89,0.91,0.94,0.96,1
Lubelskie,2020-11-22,,estimate,0.92,0.92,0.05,0.83,0.89,0.91,0.93,0.95,0.99
Lubelskie,2020-11-23,,estimate,0.91,0.91,0.05,0.83,0.88,0.9,0.93,0.95,0.99
Lubelskie,2020-11-24,,estimate,0.91,0.91,0.05,0.82,0.88,0.9,0.92,0.94,0.99
Lubelskie,2020-11-25,,estimate,0.91,0.91,0.05,0.82,0.88,0.9,0.92,0.94,0.98
Lubelskie,2020-11-26,,estimate,0.91,0.9,0.05,0.82,0.87,0.89,0.92,0.94,0.98
Lubelskie,2020-11-27,,estimate,0.91,0.9,0.05,0.82,0.87,0.89,0.92,0.94,0.98
Lubelskie,2020-11-28,,estimate,0.91,0.9,0.05,0.81,0.87,0.89,0.92,0.94,0.98
Lubelskie,2020-11-29,,estimate,0.91,0.9,0.05,0.82,0.87,0.89,0.92,0.94,0.98
Lubelskie,2020-11-30,,estimate,0.91,0.91,0.05,0.82,0.88,0.9,0.92,0.94,0.98
Lubelskie,2020-12-01,,estimate,0.91,0.91,0.05,0.82,0.88,0.9,0.92,0.94,0.98
Lubelskie,2020-12-02,,estimate,0.91,0.91,0.05,0.83,0.88,0.9,0.92,0.94,0.99
Lubelskie,2020-12-03,,estimate,0.91,0.91,0.05,0.83,0.88,0.9,0.93,0.95,0.99
Lubelskie,2020-12-04,,estimate,0.92,0.92,0.05,0.84,0.89,0.91,0.93,0.95,0.99
Lubelskie,2020-12-05,,estimate,0.92,0.92,0.05,0.84,0.89,0.91,0.93,0.95,1
Lubelskie,2020-12-06,,estimate,0.93,0.93,0.05,0.85,0.89,0.91,0.94,0.96,1.01
Lubelskie,2020-12-07,,estimate,0.93,0.93,0.05,0.85,0.9,0.92,0.94,0.96,1.01
Lubelskie,2020-12-08,,estimate,0.93,0.94,0.05,0.85,0.9,0.92,0.95,0.96,1.02
Lubelskie,2020-12-09,,estimate,0.94,0.94,0.05,0.86,0.91,0.93,0.95,0.97,1.02
Lubelskie,2020-12-10,,estimate,0.94,0.95,0.05,0.86,0.91,0.93,0.95,0.97,1.03
Lubelskie,2020-12-11,,estimate,0.95,0.95,0.05,0.87,0.92,0.94,0.96,0.98,1.04
Lubelskie,2020-12-12,,estimate,0.95,0.95,0.05,0.87,0.92,0.94,0.96,0.98,1.05
Lubelskie,2020-12-13,,estimate,0.96,0.96,0.06,0.88,0.93,0.94,0.97,0.99,1.05
Lubelskie,2020-12-14,,estimate,0.96,0.96,0.06,0.88,0.93,0.95,0.97,0.99,1.06
Lubelskie,2020-12-15,,estimate,0.96,0.97,0.06,0.88,0.93,0.95,0.98,1,1.07
Lubelskie,2020-12-16,,estimate,0.97,0.97,0.06,0.89,0.94,0.96,0.98,1.01,1.07
Lubelskie,2020-12-17,,estimate,0.97,0.98,0.06,0.89,0.94,0.96,0.99,1.01,1.08
Lubelskie,2020-12-18,,estimate,0.98,0.98,0.06,0.89,0.94,0.96,0.99,1.01,1.09
Lubelskie,2020-12-19,,estimate,0.98,0.98,0.06,0.89,0.94,0.97,1,1.02,1.09
Lubelskie,2020-12-20,,estimate,0.99,0.99,0.07,0.89,0.95,0.97,1,1.03,1.1
Lubelskie,2020-12-21,,estimate,0.99,0.99,0.07,0.89,0.95,0.97,1,1.03,1.11
Lubelskie,2020-12-22,,estimate,0.99,1,0.07,0.88,0.95,0.98,1.01,1.04,1.12
Lubelskie,2020-12-23,,estimate,1,1,0.08,0.88,0.95,0.98,1.02,1.05,1.12
Lubelskie,2020-12-24,,estimate,1,1,0.08,0.87,0.95,0.98,1.02,1.05,1.13
Lubelskie,2020-12-25,,estimate,1.01,1.01,0.08,0.87,0.95,0.98,1.03,1.06,1.15
Lubelskie,2020-12-26,,estimate based on partial data,1.01,1.01,0.09,0.87,0.95,0.99,1.03,1.07,1.17
Lubelskie,2020-12-27,,estimate based on partial data,1.01,1.01,0.1,0.86,0.95,0.99,1.03,1.08,1.19
Lubelskie,2020-12-28,,estimate based on partial data,1.02,1.02,0.11,0.85,0.95,0.99,1.04,1.08,1.2
Lubelskie,2020-12-29,,estimate based on partial data,1.02,1.02,0.12,0.85,0.95,0.99,1.04,1.09,1.22
Lubelskie,2020-12-30,,estimate based on partial data,1.02,1.03,0.13,0.84,0.94,0.99,1.05,1.1,1.25
Lubelskie,2020-12-31,,estimate based on partial data,1.02,1.03,0.14,0.82,0.94,0.99,1.05,1.11,1.28
Lubelskie,2021-01-01,,estimate based on partial data,1.02,1.03,0.15,0.81,0.94,0.99,1.05,1.12,1.3
Lubelskie,2021-01-02,,estimate based on partial data,1.03,1.04,0.16,0.8,0.93,0.99,1.06,1.12,1.34
Lubelskie,2021-01-03,,estimate based on partial data,1.03,1.04,0.18,0.79,0.93,0.99,1.06,1.13,1.37
Lubelskie,2021-01-04,,estimate based on partial data,1.03,1.05,0.19,0.77,0.93,0.99,1.07,1.14,1.39
Lubelskie,2021-01-05,,estimate based on partial data,1.03,1.05,0.21,0.76,0.92,0.99,1.07,1.15,1.42
Lubelskie,2021-01-06,,estimate based on partial data,1.03,1.05,0.23,0.74,0.92,0.99,1.07,1.15,1.45
Lubelskie,2021-01-07,,estimate based on partial data,1.03,1.06,0.24,0.72,0.92,0.98,1.07,1.16,1.48
Lubelskie,2021-01-08,,estimate based on partial data,1.03,1.06,0.26,0.71,0.91,0.98,1.08,1.17,1.51
Lubelskie,2021-01-09,,estimate based on partial data,1.03,1.06,0.28,0.7,0.91,0.98,1.08,1.17,1.54
Lubelskie,2021-01-10,,estimate based on partial data,1.03,1.07,0.3,0.69,0.91,0.98,1.08,1.18,1.57
Lubelskie,2021-01-11,,estimate based on partial data,1.03,1.07,0.32,0.68,0.9,0.98,1.08,1.19,1.61
Lubelskie,2021-01-12,,estimate based on partial data,1.02,1.08,0.35,0.67,0.9,0.97,1.08,1.19,1.63
Lubelskie,2021-01-13,,forecast,1.02,1.08,0.35,0.67,0.9,0.97,1.08,1.19,1.63
Lubelskie,2021-01-14,,forecast,1.02,1.08,0.35,0.67,0.9,0.97,1.08,1.19,1.63
Lubelskie,2021-01-15,,forecast,1.02,1.08,0.35,0.67,0.9,0.97,1.08,1.19,1.63
Lubelskie,2021-01-16,,forecast,1.02,1.08,0.35,0.67,0.9,0.97,1.08,1.19,1.63
Lubelskie,2021-01-17,,forecast,1.02,1.08,0.35,0.67,0.9,0.97,1.08,1.19,1.63
Lubelskie,2021-01-18,,forecast,1.02,1.08,0.35,0.67,0.9,0.97,1.08,1.19,1.63
Lubelskie,2021-01-19,,forecast,1.02,1.08,0.35,0.67,0.9,0.97,1.08,1.19,1.63
Lubelskie,2021-01-20,,forecast,1.02,1.08,0.35,0.67,0.9,0.97,1.08,1.19,1.63
Lubelskie,2021-01-21,,forecast,1.02,1.08,0.35,0.67,0.9,0.97,1.08,1.19,1.63
Lubelskie,2021-01-22,,forecast,1.02,1.08,0.35,0.67,0.9,0.97,1.08,1.19,1.63
Lubelskie,2021-01-23,,forecast,1.02,1.08,0.35,0.67,0.9,0.97,1.08,1.19,1.63
Lubelskie,2021-01-24,,forecast,1.02,1.08,0.35,0.67,0.9,0.97,1.08,1.19,1.63
Lubelskie,2021-01-25,,forecast,1.02,1.08,0.35,0.67,0.9,0.97,1.08,1.19,1.63
Lubelskie,2021-01-26,,forecast,1.02,1.08,0.35,0.67,0.9,0.97,1.08,1.19,1.63
Lubelskie,2021-01-27,,forecast,1.02,1.08,0.35,0.67,0.9,0.97,1.08,1.19,1.63
Lubelskie,2021-01-28,,forecast,1.02,1.08,0.35,0.67,0.9,0.97,1.08,1.19,1.63
Lubelskie,2021-01-29,,forecast,1.02,1.08,0.35,0.67,0.9,0.97,1.08,1.19,1.63
Lubelskie,2021-01-30,,forecast,1.02,1.08,0.35,0.67,0.9,0.97,1.08,1.19,1.63
Lubelskie,2021-01-31,,forecast,1.02,1.08,0.35,0.67,0.9,0.97,1.08,1.19,1.63
Lubelskie,2021-02-01,,forecast,1.02,1.08,0.35,0.67,0.9,0.97,1.08,1.19,1.63
Lubelskie,2021-02-02,,forecast,1.02,1.08,0.35,0.67,0.9,0.97,1.08,1.19,1.63
Lubelskie,2021-02-03,,forecast,1.02,1.08,0.35,0.67,0.9,0.97,1.08,1.19,1.63
Lubelskie,2021-02-04,,forecast,1.02,1.08,0.35,0.67,0.9,0.97,1.08,1.19,1.63
Lubelskie,2021-02-05,,forecast,1.02,1.08,0.35,0.67,0.9,0.97,1.08,1.19,1.63
Lubelskie,2021-02-06,,forecast,1.02,1.08,0.35,0.67,0.9,0.97,1.08,1.19,1.63
Lubelskie,2021-02-07,,forecast,1.02,1.08,0.35,0.67,0.9,0.97,1.08,1.19,1.63
Lubelskie,2021-02-08,,forecast,1.02,1.08,0.35,0.67,0.9,0.97,1.08,1.19,1.63
Lubelskie,2021-02-09,,forecast,1.02,1.08,0.35,0.67,0.9,0.97,1.08,1.19,1.63
Lubelskie,2021-02-10,,forecast,1.02,1.08,0.35,0.67,0.9,0.97,1.08,1.19,1.63
Lubuskie,2020-10-20,,estimate,1.14,1.15,0.14,0.95,1.05,1.1,1.17,1.23,1.41
Lubuskie,2020-10-21,,estimate,1.14,1.15,0.14,0.96,1.06,1.1,1.17,1.23,1.39
Lubuskie,2020-10-22,,estimate,1.14,1.15,0.13,0.97,1.06,1.11,1.17,1.23,1.38
Lubuskie,2020-10-23,,estimate,1.14,1.15,0.12,0.97,1.06,1.1,1.17,1.22,1.37
Lubuskie,2020-10-24,,estimate,1.13,1.15,0.12,0.98,1.06,1.1,1.16,1.22,1.36
Lubuskie,2020-10-25,,estimate,1.13,1.14,0.11,0.98,1.06,1.1,1.16,1.21,1.35
Lubuskie,2020-10-26,,estimate,1.13,1.14,0.11,0.98,1.06,1.1,1.16,1.21,1.34
Lubuskie,2020-10-27,,estimate,1.12,1.14,0.11,0.98,1.06,1.1,1.15,1.2,1.32
Lubuskie,2020-10-28,,estimate,1.12,1.13,0.1,0.99,1.06,1.1,1.14,1.19,1.31
Lubuskie,2020-10-29,,estimate,1.11,1.13,0.1,0.99,1.06,1.09,1.14,1.18,1.3
Lubuskie,2020-10-30,,estimate,1.11,1.12,0.1,0.99,1.05,1.09,1.13,1.18,1.29
Lubuskie,2020-10-31,,estimate,1.1,1.11,0.09,0.99,1.05,1.08,1.13,1.17,1.27
Lubuskie,2020-11-01,,estimate,1.1,1.11,0.09,0.98,1.05,1.08,1.12,1.16,1.26
Lubuskie,2020-11-02,,estimate,1.09,1.1,0.08,0.98,1.04,1.07,1.12,1.15,1.25
Lubuskie,2020-11-03,,estimate,1.09,1.09,0.08,0.98,1.04,1.07,1.11,1.14,1.23
Lubuskie,2020-11-04,,estimate,1.08,1.09,0.08,0.98,1.03,1.06,1.1,1.14,1.22
Lubuskie,2020-11-05,,estimate,1.07,1.08,0.08,0.98,1.03,1.06,1.09,1.13,1.21
Lubuskie,2020-11-06,,estimate,1.07,1.07,0.08,0.97,1.03,1.05,1.08,1.12,1.2
Lubuskie,2020-11-07,,estimate,1.06,1.07,0.07,0.97,1.02,1.04,1.08,1.11,1.19
Lubuskie,2020-11-08,,estimate,1.05,1.06,0.07,0.96,1.02,1.04,1.07,1.1,1.19
Lubuskie,2020-11-09,,estimate,1.05,1.05,0.07,0.96,1.01,1.03,1.06,1.09,1.18
Lubuskie,2020-11-10,,estimate,1.04,1.05,0.07,0.95,1.01,1.03,1.06,1.08,1.17
Lubuskie,2020-11-11,,estimate,1.03,1.04,0.07,0.94,1,1.02,1.05,1.07,1.15
Lubuskie,2020-11-12,,estimate,1.03,1.03,0.07,0.94,1,1.02,1.04,1.07,1.15
Lubuskie,2020-11-13,,estimate,1.02,1.03,0.07,0.93,0.99,1.01,1.04,1.06,1.14
Lubuskie,2020-11-14,,estimate,1.02,1.02,0.07,0.92,0.99,1.01,1.03,1.05,1.13
Lubuskie,2020-11-15,,estimate,1.01,1.02,0.07,0.92,0.98,1,1.02,1.05,1.12
Lubuskie,2020-11-16,,estimate,1.01,1.01,0.07,0.91,0.98,0.99,1.02,1.04,1.12
Lubuskie,2020-11-17,,estimate,1,1,0.07,0.9,0.97,0.99,1.01,1.04,1.11
Lubuskie,2020-11-18,,estimate,1,1,0.07,0.89,0.96,0.98,1.01,1.03,1.1
Lubuskie,2020-11-19,,estimate,0.99,0.99,0.07,0.88,0.96,0.98,1,1.02,1.1
Lubuskie,2020-11-20,,estimate,0.99,0.98,0.07,0.87,0.95,0.97,1,1.02,1.09
Lubuskie,2020-11-21,,estimate,0.98,0.98,0.07,0.87,0.94,0.97,0.99,1.01,1.08
Lubuskie,2020-11-22,,estimate,0.97,0.97,0.07,0.86,0.93,0.96,0.99,1.01,1.08
Lubuskie,2020-11-23,,estimate,0.97,0.97,0.07,0.85,0.93,0.95,0.98,1,1.07
Lubuskie,2020-11-24,,estimate,0.96,0.96,0.07,0.85,0.92,0.95,0.98,1,1.06
Lubuskie,2020-11-25,,estimate,0.96,0.95,0.07,0.84,0.91,0.94,0.97,1,1.06
Lubuskie,2020-11-26,,estimate,0.95,0.95,0.07,0.83,0.91,0.94,0.97,0.99,1.05
Lubuskie,2020-11-27,,estimate,0.95,0.94,0.07,0.82,0.9,0.93,0.96,0.99,1.04
Lubuskie,2020-11-28,,estimate,0.94,0.94,0.07,0.81,0.89,0.93,0.96,0.98,1.04
Lubuskie,2020-11-29,,estimate,0.94,0.93,0.07,0.8,0.89,0.92,0.96,0.98,1.03
Lubuskie,2020-11-30,,estimate,0.94,0.93,0.07,0.79,0.88,0.92,0.95,0.98,1.03
Lubuskie,2020-12-01,,estimate,0.93,0.92,0.08,0.79,0.88,0.91,0.95,0.97,1.02
Lubuskie,2020-12-02,,estimate,0.93,0.92,0.08,0.78,0.87,0.91,0.94,0.97,1.02
Lubuskie,2020-12-03,,estimate,0.92,0.91,0.08,0.77,0.87,0.9,0.94,0.97,1.01
Lubuskie,2020-12-04,,estimate,0.92,0.91,0.08,0.76,0.86,0.9,0.94,0.96,1.01
Lubuskie,2020-12-05,,estimate,0.92,0.91,0.08,0.76,0.86,0.9,0.94,0.96,1.01
Lubuskie,2020-12-06,,estimate,0.92,0.9,0.08,0.75,0.86,0.9,0.94,0.96,1.01
Lubuskie,2020-12-07,,estimate,0.92,0.9,0.08,0.74,0.86,0.9,0.94,0.96,1.01
Lubuskie,2020-12-08,,estimate,0.92,0.9,0.08,0.74,0.86,0.9,0.94,0.96,1.01
Lubuskie,2020-12-09,,estimate,0.92,0.9,0.08,0.74,0.86,0.9,0.94,0.96,1.01
Lubuskie,2020-12-10,,estimate,0.92,0.9,0.08,0.75,0.87,0.9,0.94,0.96,1.01
Lubuskie,2020-12-11,,estimate,0.92,0.91,0.08,0.75,0.87,0.9,0.94,0.96,1.01
Lubuskie,2020-12-12,,estimate,0.92,0.91,0.08,0.76,0.87,0.91,0.94,0.97,1.01
Lubuskie,2020-12-13,,estimate,0.93,0.91,0.08,0.77,0.87,0.91,0.94,0.97,1.02
Lubuskie,2020-12-14,,estimate,0.93,0.92,0.08,0.77,0.88,0.91,0.95,0.97,1.02
Lubuskie,2020-12-15,,estimate,0.94,0.93,0.08,0.78,0.89,0.92,0.95,0.98,1.03
Lubuskie,2020-12-16,,estimate,0.94,0.93,0.08,0.8,0.89,0.93,0.96,0.98,1.04
Lubuskie,2020-12-17,,estimate,0.95,0.94,0.07,0.81,0.9,0.93,0.97,0.99,1.05
Lubuskie,2020-12-18,,estimate,0.96,0.95,0.07,0.83,0.91,0.94,0.97,1,1.07
Lubuskie,2020-12-19,,estimate,0.96,0.96,0.08,0.84,0.92,0.95,0.98,1.01,1.08
Lubuskie,2020-12-20,,estimate,0.97,0.97,0.08,0.85,0.92,0.95,0.99,1.02,1.11
Lubuskie,2020-12-21,,estimate,0.98,0.99,0.09,0.86,0.93,0.96,1,1.03,1.14
Lubuskie,2020-12-22,,estimate,0.99,1,0.1,0.86,0.94,0.97,1.01,1.05,1.17
Lubuskie,2020-12-23,,estimate,1,1.01,0.11,0.87,0.94,0.97,1.02,1.07,1.2
Lubuskie,2020-12-24,,estimate,1.01,1.03,0.12,0.87,0.95,0.98,1.03,1.09,1.25
Lubuskie,2020-12-25,,estimate,1.01,1.04,0.14,0.86,0.95,0.99,1.04,1.11,1.3
Lubuskie,2020-12-26,,estimate based on partial data,1.02,1.06,0.15,0.86,0.95,1,1.06,1.14,1.36
Lubuskie,2020-12-27,,estimate based on partial data,1.03,1.07,0.17,0.86,0.96,1,1.07,1.16,1.41
Lubuskie,2020-12-28,,estimate based on partial data,1.04,1.09,0.19,0.85,0.96,1,1.08,1.18,1.47
Lubuskie,2020-12-29,,estimate based on partial data,1.04,1.1,0.21,0.85,0.96,1.01,1.09,1.21,1.53
Lubuskie,2020-12-30,,estimate based on partial data,1.05,1.12,0.24,0.84,0.96,1.01,1.1,1.22,1.61
Lubuskie,2020-12-31,,estimate based on partial data,1.06,1.13,0.26,0.83,0.96,1.01,1.12,1.24,1.68
Lubuskie,2021-01-01,,estimate based on partial data,1.07,1.15,0.29,0.83,0.96,1.01,1.12,1.26,1.76
Lubuskie,2021-01-02,,estimate based on partial data,1.07,1.16,0.32,0.82,0.96,1.01,1.13,1.27,1.86
Lubuskie,2021-01-03,,estimate based on partial data,1.07,1.18,0.35,0.81,0.96,1.01,1.14,1.29,1.91
Lubuskie,2021-01-04,,estimate based on partial data,1.08,1.19,0.38,0.81,0.96,1.02,1.14,1.3,2.02
Lubuskie,2021-01-05,,estimate based on partial data,1.08,1.2,0.41,0.8,0.95,1.02,1.15,1.31,2.11
Lubuskie,2021-01-06,,estimate based on partial data,1.08,1.22,0.45,0.79,0.95,1.02,1.16,1.33,2.18
Lubuskie,2021-01-07,,estimate based on partial data,1.08,1.23,0.49,0.78,0.95,1.02,1.16,1.35,2.23
Lubuskie,2021-01-08,,estimate based on partial data,1.08,1.25,0.53,0.77,0.95,1.02,1.16,1.36,2.28
Lubuskie,2021-01-09,,estimate based on partial data,1.08,1.26,0.58,0.77,0.95,1.02,1.16,1.38,2.35
Lubuskie,2021-01-10,,estimate based on partial data,1.08,1.27,0.63,0.75,0.94,1.02,1.16,1.39,2.41
Lubuskie,2021-01-11,,estimate based on partial data,1.08,1.29,0.68,0.74,0.94,1.01,1.16,1.41,2.53
Lubuskie,2021-01-12,,estimate based on partial data,1.08,1.3,0.74,0.73,0.94,1.01,1.16,1.42,2.59
Lubuskie,2021-01-13,,forecast,1.08,1.3,0.74,0.73,0.94,1.01,1.16,1.42,2.59
Lubuskie,2021-01-14,,forecast,1.08,1.3,0.74,0.73,0.94,1.01,1.16,1.42,2.59
Lubuskie,2021-01-15,,forecast,1.08,1.3,0.74,0.73,0.94,1.01,1.16,1.42,2.59
Lubuskie,2021-01-16,,forecast,1.08,1.3,0.74,0.73,0.94,1.01,1.16,1.42,2.59
Lubuskie,2021-01-17,,forecast,1.08,1.3,0.74,0.73,0.94,1.01,1.16,1.42,2.59
Lubuskie,2021-01-18,,forecast,1.08,1.3,0.74,0.73,0.94,1.01,1.16,1.42,2.59
Lubuskie,2021-01-19,,forecast,1.08,1.3,0.74,0.73,0.94,1.01,1.16,1.42,2.59
Lubuskie,2021-01-20,,forecast,1.08,1.3,0.74,0.73,0.94,1.01,1.16,1.42,2.59
Lubuskie,2021-01-21,,forecast,1.08,1.3,0.74,0.73,0.94,1.01,1.16,1.42,2.59
Lubuskie,2021-01-22,,forecast,1.08,1.3,0.74,0.73,0.94,1.01,1.16,1.42,2.59
Lubuskie,2021-01-23,,forecast,1.08,1.3,0.74,0.73,0.94,1.01,1.16,1.42,2.59
Lubuskie,2021-01-24,,forecast,1.08,1.3,0.74,0.73,0.94,1.01,1.16,1.42,2.59
Lubuskie,2021-01-25,,forecast,1.08,1.3,0.74,0.73,0.94,1.01,1.16,1.42,2.59
Lubuskie,2021-01-26,,forecast,1.08,1.3,0.74,0.73,0.94,1.01,1.16,1.42,2.59
Lubuskie,2021-01-27,,forecast,1.08,1.3,0.74,0.73,0.94,1.01,1.16,1.42,2.59
Lubuskie,2021-01-28,,forecast,1.08,1.3,0.74,0.73,0.94,1.01,1.16,1.42,2.59
Lubuskie,2021-01-29,,forecast,1.08,1.3,0.74,0.73,0.94,1.01,1.16,1.42,2.59
Lubuskie,2021-01-30,,forecast,1.08,1.3,0.74,0.73,0.94,1.01,1.16,1.42,2.59
Lubuskie,2021-01-31,,forecast,1.08,1.3,0.74,0.73,0.94,1.01,1.16,1.42,2.59
Lubuskie,2021-02-01,,forecast,1.08,1.3,0.74,0.73,0.94,1.01,1.16,1.42,2.59
Lubuskie,2021-02-02,,forecast,1.08,1.3,0.74,0.73,0.94,1.01,1.16,1.42,2.59
Lubuskie,2021-02-03,,forecast,1.08,1.3,0.74,0.73,0.94,1.01,1.16,1.42,2.59
Lubuskie,2021-02-04,,forecast,1.08,1.3,0.74,0.73,0.94,1.01,1.16,1.42,2.59
Lubuskie,2021-02-05,,forecast,1.08,1.3,0.74,0.73,0.94,1.01,1.16,1.42,2.59
Lubuskie,2021-02-06,,forecast,1.08,1.3,0.74,0.73,0.94,1.01,1.16,1.42,2.59
Lubuskie,2021-02-07,,forecast,1.08,1.3,0.74,0.73,0.94,1.01,1.16,1.42,2.59
Lubuskie,2021-02-08,,forecast,1.08,1.3,0.74,0.73,0.94,1.01,1.16,1.42,2.59
Lubuskie,2021-02-09,,forecast,1.08,1.3,0.74,0.73,0.94,1.01,1.16,1.42,2.59
Lubuskie,2021-02-10,,forecast,1.08,1.3,0.74,0.73,0.94,1.01,1.16,1.42,2.59
Malopolskie,2020-10-20,,estimate,1.2,1.21,0.15,0.98,1.11,1.17,1.24,1.3,1.46
Malopolskie,2020-10-21,,estimate,1.21,1.21,0.13,1,1.12,1.17,1.24,1.29,1.43
Malopolskie,2020-10-22,,estimate,1.2,1.21,0.12,1.02,1.12,1.18,1.23,1.29,1.42
Malopolskie,2020-10-23,,estimate,1.2,1.21,0.11,1.03,1.13,1.18,1.23,1.28,1.4
Malopolskie,2020-10-24,,estimate,1.2,1.2,0.11,1.04,1.13,1.17,1.23,1.27,1.39
Malopolskie,2020-10-25,,estimate,1.2,1.2,0.1,1.04,1.13,1.17,1.22,1.27,1.37
Malopolskie,2020-10-26,,estimate,1.19,1.19,0.1,1.04,1.13,1.16,1.21,1.26,1.36
Malopolskie,2020-10-27,,estimate,1.18,1.19,0.09,1.04,1.12,1.16,1.2,1.25,1.35
Malopolskie,2020-10-28,,estimate,1.17,1.18,0.09,1.04,1.12,1.15,1.2,1.24,1.33
Malopolskie,2020-10-29,,estimate,1.16,1.17,0.09,1.03,1.11,1.14,1.18,1.22,1.32
Malopolskie,2020-10-30,,estimate,1.15,1.16,0.09,1.03,1.1,1.13,1.17,1.21,1.31
Malopolskie,2020-10-31,,estimate,1.14,1.14,0.08,1.02,1.09,1.12,1.16,1.19,1.29
Malopolskie,2020-11-01,,estimate,1.12,1.13,0.08,1.01,1.07,1.1,1.14,1.17,1.27
Malopolskie,2020-11-02,,estimate,1.1,1.11,0.08,1,1.06,1.09,1.12,1.16,1.25
Malopolskie,2020-11-03,,estimate,1.09,1.09,0.07,0.99,1.04,1.07,1.11,1.14,1.23
Malopolskie,2020-11-04,,estimate,1.07,1.08,0.07,0.97,1.03,1.05,1.09,1.12,1.21
Malopolskie,2020-11-05,,estimate,1.05,1.06,0.07,0.96,1.01,1.03,1.07,1.1,1.18
Malopolskie,2020-11-06,,estimate,1.03,1.04,0.07,0.94,0.99,1.01,1.05,1.07,1.16
Malopolskie,2020-11-07,,estimate,1.01,1.02,0.07,0.92,0.97,0.99,1.03,1.05,1.13
Malopolskie,2020-11-08,,estimate,0.99,1,0.06,0.9,0.95,0.98,1.01,1.03,1.1
Malopolskie,2020-11-09,,estimate,0.97,0.98,0.06,0.88,0.93,0.96,0.98,1.01,1.08
Malopolskie,2020-11-10,,estimate,0.95,0.95,0.06,0.87,0.92,0.94,0.97,0.99,1.06
Malopolskie,2020-11-11,,estimate,0.93,0.93,0.06,0.84,0.9,0.92,0.95,0.97,1.03
Malopolskie,2020-11-12,,estimate,0.92,0.92,0.06,0.82,0.88,0.9,0.93,0.95,1.01
Malopolskie,2020-11-13,,estimate,0.9,0.9,0.06,0.8,0.86,0.88,0.91,0.93,0.99
Malopolskie,2020-11-14,,estimate,0.88,0.88,0.06,0.78,0.85,0.87,0.9,0.92,0.97
Malopolskie,2020-11-15,,estimate,0.87,0.86,0.06,0.76,0.83,0.85,0.88,0.9,0.96
Malopolskie,2020-11-16,,estimate,0.85,0.85,0.06,0.75,0.82,0.84,0.87,0.89,0.94
Malopolskie,2020-11-17,,estimate,0.84,0.84,0.06,0.73,0.8,0.83,0.86,0.88,0.93
Malopolskie,2020-11-18,,estimate,0.83,0.83,0.06,0.72,0.79,0.82,0.85,0.87,0.92
Malopolskie,2020-11-19,,estimate,0.82,0.82,0.06,0.71,0.78,0.81,0.84,0.86,0.91
Malopolskie,2020-11-20,,estimate,0.81,0.81,0.06,0.7,0.77,0.8,0.83,0.85,0.9
Malopolskie,2020-11-21,,estimate,0.81,0.8,0.06,0.69,0.77,0.79,0.82,0.84,0.89
Malopolskie,2020-11-22,,estimate,0.8,0.8,0.06,0.69,0.76,0.79,0.82,0.84,0.89
Malopolskie,2020-11-23,,estimate,0.8,0.79,0.06,0.69,0.76,0.78,0.81,0.83,0.88
Malopolskie,2020-11-24,,estimate,0.8,0.79,0.06,0.68,0.76,0.78,0.81,0.83,0.88
Malopolskie,2020-11-25,,estimate,0.79,0.79,0.06,0.69,0.75,0.78,0.81,0.83,0.88
Malopolskie,2020-11-26,,estimate,0.79,0.79,0.06,0.69,0.75,0.78,0.81,0.83,0.88
Malopolskie,2020-11-27,,estimate,0.79,0.79,0.06,0.69,0.75,0.78,0.81,0.83,0.88
Malopolskie,2020-11-28,,estimate,0.8,0.79,0.06,0.7,0.76,0.78,0.81,0.83,0.88
Malopolskie,2020-11-29,,estimate,0.8,0.8,0.06,0.7,0.76,0.78,0.81,0.83,0.89
Malopolskie,2020-11-30,,estimate,0.8,0.8,0.06,0.71,0.76,0.79,0.82,0.84,0.89
Malopolskie,2020-12-01,,estimate,0.81,0.8,0.06,0.71,0.77,0.79,0.82,0.84,0.9
Malopolskie,2020-12-02,,estimate,0.81,0.81,0.06,0.72,0.77,0.8,0.82,0.85,0.9
Malopolskie,2020-12-03,,estimate,0.82,0.82,0.06,0.72,0.78,0.8,0.83,0.85,0.92
Malopolskie,2020-12-04,,estimate,0.82,0.82,0.06,0.72,0.78,0.81,0.83,0.86,0.92
Malopolskie,2020-12-05,,estimate,0.83,0.83,0.07,0.73,0.79,0.81,0.84,0.86,0.94
Malopolskie,2020-12-06,,estimate,0.83,0.83,0.07,0.73,0.79,0.82,0.84,0.87,0.95
Malopolskie,2020-12-07,,estimate,0.84,0.84,0.07,0.74,0.8,0.82,0.85,0.87,0.96
Malopolskie,2020-12-08,,estimate,0.84,0.85,0.07,0.75,0.8,0.83,0.86,0.88,0.97
Malopolskie,2020-12-09,,estimate,0.85,0.85,0.07,0.75,0.81,0.83,0.86,0.89,0.97
Malopolskie,2020-12-10,,estimate,0.85,0.86,0.07,0.76,0.81,0.84,0.87,0.89,0.98
Malopolskie,2020-12-11,,estimate,0.86,0.86,0.07,0.77,0.82,0.84,0.87,0.9,0.99
Malopolskie,2020-12-12,,estimate,0.86,0.87,0.07,0.77,0.82,0.85,0.88,0.91,1
Malopolskie,2020-12-13,,estimate,0.87,0.87,0.07,0.77,0.83,0.85,0.88,0.91,1
Malopolskie,2020-12-14,,estimate,0.87,0.88,0.07,0.77,0.83,0.86,0.89,0.92,1.01
Malopolskie,2020-12-15,,estimate,0.88,0.88,0.07,0.78,0.84,0.86,0.89,0.92,1.01
Malopolskie,2020-12-16,,estimate,0.88,0.89,0.07,0.78,0.84,0.86,0.9,0.93,1.01
Malopolskie,2020-12-17,,estimate,0.88,0.89,0.07,0.78,0.84,0.87,0.9,0.93,1.01
Malopolskie,2020-12-18,,estimate,0.89,0.89,0.08,0.77,0.84,0.87,0.9,0.94,1.03
Malopolskie,2020-12-19,,estimate,0.89,0.89,0.08,0.77,0.84,0.87,0.91,0.94,1.03
Malopolskie,2020-12-20,,estimate,0.89,0.89,0.08,0.77,0.84,0.87,0.91,0.95,1.04
Malopolskie,2020-12-21,,estimate,0.89,0.9,0.09,0.76,0.84,0.87,0.91,0.95,1.04
Malopolskie,2020-12-22,,estimate,0.89,0.9,0.09,0.75,0.84,0.87,0.91,0.95,1.05
Malopolskie,2020-12-23,,estimate,0.89,0.9,0.1,0.74,0.83,0.87,0.91,0.96,1.06
Malopolskie,2020-12-24,,estimate,0.89,0.9,0.11,0.72,0.83,0.87,0.92,0.96,1.07
Malopolskie,2020-12-25,,estimate,0.89,0.89,0.12,0.71,0.82,0.86,0.92,0.97,1.08
Malopolskie,2020-12-26,,estimate based on partial data,0.89,0.89,0.12,0.7,0.82,0.86,0.92,0.97,1.1
Malopolskie,2020-12-27,,estimate based on partial data,0.89,0.89,0.13,0.68,0.81,0.86,0.92,0.98,1.11
Malopolskie,2020-12-28,,estimate based on partial data,0.89,0.89,0.14,0.66,0.8,0.85,0.92,0.99,1.13
Malopolskie,2020-12-29,,estimate based on partial data,0.89,0.89,0.15,0.65,0.79,0.85,0.93,0.99,1.15
Malopolskie,2020-12-30,,estimate based on partial data,0.89,0.89,0.17,0.63,0.79,0.85,0.93,1,1.17
Malopolskie,2020-12-31,,estimate based on partial data,0.89,0.89,0.18,0.61,0.78,0.84,0.93,1,1.19
Malopolskie,2021-01-01,,estimate based on partial data,0.88,0.89,0.19,0.59,0.77,0.84,0.93,1.01,1.21
Malopolskie,2021-01-02,,estimate based on partial data,0.88,0.89,0.2,0.57,0.77,0.84,0.93,1.01,1.24
Malopolskie,2021-01-03,,estimate based on partial data,0.88,0.89,0.21,0.55,0.76,0.84,0.93,1.02,1.26
Malopolskie,2021-01-04,,estimate based on partial data,0.88,0.89,0.23,0.53,0.75,0.83,0.93,1.03,1.28
Malopolskie,2021-01-05,,estimate based on partial data,0.88,0.89,0.24,0.51,0.74,0.83,0.93,1.03,1.3
Malopolskie,2021-01-06,,estimate based on partial data,0.88,0.9,0.26,0.5,0.74,0.83,0.93,1.04,1.33
Malopolskie,2021-01-07,,estimate based on partial data,0.88,0.9,0.28,0.48,0.73,0.82,0.94,1.04,1.36
Malopolskie,2021-01-08,,estimate based on partial data,0.88,0.9,0.29,0.46,0.73,0.82,0.94,1.05,1.39
Malopolskie,2021-01-09,,estimate based on partial data,0.88,0.9,0.31,0.45,0.72,0.82,0.94,1.06,1.42
Malopolskie,2021-01-10,,estimate based on partial data,0.88,0.91,0.33,0.44,0.71,0.81,0.94,1.07,1.45
Malopolskie,2021-01-11,,estimate based on partial data,0.88,0.91,0.36,0.42,0.71,0.81,0.94,1.07,1.48
Malopolskie,2021-01-12,,estimate based on partial data,0.88,0.91,0.38,0.41,0.71,0.81,0.94,1.08,1.5
Malopolskie,2021-01-13,,forecast,0.88,0.91,0.38,0.41,0.71,0.81,0.94,1.08,1.5
Malopolskie,2021-01-14,,forecast,0.88,0.91,0.38,0.41,0.71,0.81,0.94,1.08,1.5
Malopolskie,2021-01-15,,forecast,0.88,0.91,0.38,0.41,0.71,0.81,0.94,1.08,1.5
Malopolskie,2021-01-16,,forecast,0.88,0.91,0.38,0.41,0.71,0.81,0.94,1.08,1.5
Malopolskie,2021-01-17,,forecast,0.88,0.91,0.38,0.41,0.71,0.81,0.94,1.08,1.5
Malopolskie,2021-01-18,,forecast,0.88,0.91,0.38,0.41,0.71,0.81,0.94,1.08,1.5
Malopolskie,2021-01-19,,forecast,0.88,0.91,0.38,0.41,0.71,0.81,0.94,1.08,1.5
Malopolskie,2021-01-20,,forecast,0.88,0.91,0.38,0.41,0.71,0.81,0.94,1.08,1.5
Malopolskie,2021-01-21,,forecast,0.88,0.91,0.38,0.41,0.71,0.81,0.94,1.08,1.5
Malopolskie,2021-01-22,,forecast,0.88,0.91,0.38,0.41,0.71,0.81,0.94,1.08,1.5
Malopolskie,2021-01-23,,forecast,0.88,0.91,0.38,0.41,0.71,0.81,0.94,1.08,1.5
Malopolskie,2021-01-24,,forecast,0.88,0.91,0.38,0.41,0.71,0.81,0.94,1.08,1.5
Malopolskie,2021-01-25,,forecast,0.88,0.91,0.38,0.41,0.71,0.81,0.94,1.08,1.5
Malopolskie,2021-01-26,,forecast,0.88,0.91,0.38,0.41,0.71,0.81,0.94,1.08,1.5
Malopolskie,2021-01-27,,forecast,0.88,0.91,0.38,0.41,0.71,0.81,0.94,1.08,1.5
Malopolskie,2021-01-28,,forecast,0.88,0.91,0.38,0.41,0.71,0.81,0.94,1.08,1.5
Malopolskie,2021-01-29,,forecast,0.88,0.91,0.38,0.41,0.71,0.81,0.94,1.08,1.5
Malopolskie,2021-01-30,,forecast,0.88,0.91,0.38,0.41,0.71,0.81,0.94,1.08,1.5
Malopolskie,2021-01-31,,forecast,0.88,0.91,0.38,0.41,0.71,0.81,0.94,1.08,1.5
Malopolskie,2021-02-01,,forecast,0.88,0.91,0.38,0.41,0.71,0.81,0.94,1.08,1.5
Malopolskie,2021-02-02,,forecast,0.88,0.91,0.38,0.41,0.71,0.81,0.94,1.08,1.5
Malopolskie,2021-02-03,,forecast,0.88,0.91,0.38,0.41,0.71,0.81,0.94,1.08,1.5
Malopolskie,2021-02-04,,forecast,0.88,0.91,0.38,0.41,0.71,0.81,0.94,1.08,1.5
Malopolskie,2021-02-05,,forecast,0.88,0.91,0.38,0.41,0.71,0.81,0.94,1.08,1.5
Malopolskie,2021-02-06,,forecast,0.88,0.91,0.38,0.41,0.71,0.81,0.94,1.08,1.5
Malopolskie,2021-02-07,,forecast,0.88,0.91,0.38,0.41,0.71,0.81,0.94,1.08,1.5
Malopolskie,2021-02-08,,forecast,0.88,0.91,0.38,0.41,0.71,0.81,0.94,1.08,1.5
Malopolskie,2021-02-09,,forecast,0.88,0.91,0.38,0.41,0.71,0.81,0.94,1.08,1.5
Malopolskie,2021-02-10,,forecast,0.88,0.91,0.38,0.41,0.71,0.81,0.94,1.08,1.5
Mazowieckie,2020-10-21,,estimate,1.23,1.25,0.14,1.04,1.15,1.2,1.27,1.33,1.49
Mazowieckie,2020-10-22,,estimate,1.23,1.24,0.13,1.04,1.15,1.2,1.26,1.32,1.47
Mazowieckie,2020-10-23,,estimate,1.22,1.23,0.12,1.05,1.15,1.2,1.25,1.3,1.45
Mazowieckie,2020-10-24,,estimate,1.22,1.22,0.11,1.05,1.15,1.19,1.24,1.29,1.42
Mazowieckie,2020-10-25,,estimate,1.21,1.21,0.1,1.05,1.15,1.18,1.23,1.28,1.38
Mazowieckie,2020-10-26,,estimate,1.2,1.2,0.1,1.05,1.14,1.18,1.22,1.26,1.37
Mazowieckie,2020-10-27,,estimate,1.19,1.19,0.09,1.05,1.13,1.17,1.21,1.25,1.34
Mazowieckie,2020-10-28,,estimate,1.17,1.18,0.08,1.05,1.12,1.16,1.19,1.23,1.32
Mazowieckie,2020-10-29,,estimate,1.16,1.17,0.08,1.05,1.12,1.14,1.18,1.21,1.3
Mazowieckie,2020-10-30,,estimate,1.15,1.15,0.07,1.04,1.11,1.13,1.16,1.19,1.28
Mazowieckie,2020-10-31,,estimate,1.13,1.14,0.07,1.04,1.1,1.12,1.15,1.18,1.25
Mazowieckie,2020-11-01,,estimate,1.12,1.12,0.06,1.03,1.09,1.1,1.13,1.16,1.23
Mazowieckie,2020-11-02,,estimate,1.11,1.11,0.06,1.03,1.07,1.09,1.12,1.14,1.21
Mazowieckie,2020-11-03,,estimate,1.09,1.1,0.05,1.02,1.06,1.08,1.11,1.13,1.18
Mazowieckie,2020-11-04,,estimate,1.08,1.08,0.05,1,1.05,1.07,1.09,1.11,1.16
Mazowieckie,2020-11-05,,estimate,1.07,1.07,0.05,1,1.04,1.05,1.08,1.1,1.14
Mazowieckie,2020-11-06,,estimate,1.05,1.05,0.05,0.98,1.02,1.04,1.06,1.08,1.13
Mazowieckie,2020-11-07,,estimate,1.04,1.04,0.05,0.97,1.01,1.03,1.05,1.07,1.11
Mazowieckie,2020-11-08,,estimate,1.03,1.03,0.05,0.96,1,1.02,1.04,1.06,1.1
Mazowieckie,2020-11-09,,estimate,1.02,1.02,0.05,0.94,0.99,1.01,1.03,1.05,1.09
Mazowieckie,2020-11-10,,estimate,1.01,1.01,0.05,0.93,0.98,1,1.02,1.03,1.07
Mazowieckie,2020-11-11,,estimate,1,1,0.05,0.92,0.97,0.99,1.01,1.02,1.06
Mazowieckie,2020-11-12,,estimate,0.99,0.99,0.05,0.91,0.96,0.98,1,1.01,1.05
Mazowieckie,2020-11-13,,estimate,0.98,0.98,0.05,0.9,0.95,0.97,0.99,1.01,1.04
Mazowieckie,2020-11-14,,estimate,0.97,0.97,0.05,0.89,0.94,0.96,0.98,1,1.03
Mazowieckie,2020-11-15,,estimate,0.96,0.96,0.04,0.88,0.93,0.95,0.97,0.99,1.03
Mazowieckie,2020-11-16,,estimate,0.96,0.95,0.04,0.87,0.93,0.95,0.97,0.98,1.02
Mazowieckie,2020-11-17,,estimate,0.95,0.95,0.04,0.87,0.92,0.94,0.96,0.97,1.01
Mazowieckie,2020-11-18,,estimate,0.94,0.94,0.04,0.86,0.91,0.93,0.95,0.97,1
Mazowieckie,2020-11-19,,estimate,0.94,0.93,0.04,0.86,0.91,0.93,0.95,0.96,1
Mazowieckie,2020-11-20,,estimate,0.93,0.93,0.04,0.86,0.91,0.92,0.94,0.96,1
Mazowieckie,2020-11-21,,estimate,0.93,0.93,0.04,0.86,0.9,0.92,0.94,0.95,0.99
Mazowieckie,2020-11-22,,estimate,0.92,0.92,0.04,0.85,0.9,0.91,0.93,0.95,0.99
Mazowieckie,2020-11-23,,estimate,0.92,0.92,0.04,0.85,0.89,0.91,0.93,0.94,0.99
Mazowieckie,2020-11-24,,estimate,0.92,0.92,0.04,0.84,0.89,0.91,0.93,0.94,0.98
Mazowieckie,2020-11-25,,estimate,0.91,0.91,0.04,0.84,0.89,0.9,0.92,0.94,0.98
Mazowieckie,2020-11-26,,estimate,0.91,0.91,0.04,0.84,0.88,0.9,0.92,0.94,0.98
Mazowieckie,2020-11-27,,estimate,0.91,0.91,0.04,0.84,0.88,0.9,0.92,0.94,0.98
Mazowieckie,2020-11-28,,estimate,0.91,0.91,0.04,0.83,0.88,0.9,0.92,0.93,0.98
Mazowieckie,2020-11-29,,estimate,0.91,0.91,0.05,0.83,0.88,0.9,0.92,0.93,0.98
Mazowieckie,2020-11-30,,estimate,0.9,0.91,0.05,0.83,0.88,0.9,0.92,0.93,0.98
Mazowieckie,2020-12-01,,estimate,0.9,0.9,0.05,0.83,0.88,0.89,0.91,0.93,0.98
Mazowieckie,2020-12-02,,estimate,0.9,0.9,0.05,0.83,0.88,0.89,0.91,0.93,0.97
Mazowieckie,2020-12-03,,estimate,0.9,0.9,0.05,0.83,0.88,0.89,0.91,0.93,0.98
Mazowieckie,2020-12-04,,estimate,0.91,0.9,0.05,0.83,0.88,0.89,0.91,0.93,0.98
Mazowieckie,2020-12-05,,estimate,0.91,0.91,0.05,0.83,0.88,0.9,0.92,0.93,0.98
Mazowieckie,2020-12-06,,estimate,0.91,0.91,0.05,0.83,0.88,0.9,0.92,0.94,0.98
Mazowieckie,2020-12-07,,estimate,0.91,0.91,0.05,0.83,0.88,0.9,0.92,0.94,0.98
Mazowieckie,2020-12-08,,estimate,0.91,0.91,0.05,0.83,0.88,0.9,0.92,0.94,0.98
Mazowieckie,2020-12-09,,estimate,0.91,0.91,0.05,0.83,0.89,0.9,0.92,0.94,0.99
Mazowieckie,2020-12-10,,estimate,0.92,0.92,0.05,0.83,0.89,0.91,0.93,0.94,0.99
Mazowieckie,2020-12-11,,estimate,0.92,0.92,0.05,0.83,0.89,0.91,0.93,0.95,0.99
Mazowieckie,2020-12-12,,estimate,0.92,0.92,0.05,0.84,0.89,0.91,0.93,0.95,1
Mazowieckie,2020-12-13,,estimate,0.93,0.93,0.05,0.84,0.9,0.92,0.94,0.96,1
Mazowieckie,2020-12-14,,estimate,0.93,0.93,0.05,0.85,0.9,0.92,0.94,0.96,1.01
Mazowieckie,2020-12-15,,estimate,0.94,0.94,0.05,0.85,0.91,0.93,0.95,0.97,1.02
Mazowieckie,2020-12-16,,estimate,0.94,0.94,0.05,0.86,0.91,0.93,0.95,0.97,1.03
Mazowieckie,2020-12-17,,estimate,0.95,0.95,0.05,0.87,0.92,0.94,0.96,0.98,1.03
Mazowieckie,2020-12-18,,estimate,0.95,0.95,0.05,0.87,0.92,0.94,0.97,0.98,1.04
Mazowieckie,2020-12-19,,estimate,0.96,0.96,0.05,0.88,0.93,0.95,0.97,0.99,1.05
Mazowieckie,2020-12-20,,estimate,0.97,0.97,0.06,0.88,0.93,0.95,0.98,1,1.06
Mazowieckie,2020-12-21,,estimate,0.97,0.97,0.06,0.88,0.94,0.96,0.99,1.01,1.07
Mazowieckie,2020-12-22,,estimate,0.98,0.98,0.06,0.89,0.94,0.96,0.99,1.02,1.08
Mazowieckie,2020-12-23,,estimate,0.99,0.99,0.07,0.89,0.95,0.97,1,1.03,1.1
Mazowieckie,2020-12-24,,estimate,0.99,1,0.07,0.89,0.95,0.98,1.01,1.04,1.11
Mazowieckie,2020-12-25,,estimate,1,1,0.08,0.89,0.95,0.98,1.02,1.05,1.13
Mazowieckie,2020-12-26,,estimate based on partial data,1.01,1.01,0.08,0.88,0.96,0.99,1.03,1.07,1.15
Mazowieckie,2020-12-27,,estimate based on partial data,1.02,1.02,0.09,0.88,0.96,0.99,1.04,1.08,1.17
Mazowieckie,2020-12-28,,estimate based on partial data,1.02,1.03,0.1,0.88,0.96,1,1.05,1.09,1.2
Mazowieckie,2020-12-29,,estimate based on partial data,1.03,1.04,0.11,0.87,0.96,1,1.06,1.11,1.22
Mazowieckie,2020-12-30,,estimate based on partial data,1.03,1.04,0.12,0.87,0.96,1,1.07,1.12,1.26
Mazowieckie,2020-12-31,,estimate based on partial data,1.04,1.05,0.14,0.86,0.96,1.01,1.07,1.14,1.3
Mazowieckie,2021-01-01,,estimate based on partial data,1.04,1.06,0.15,0.85,0.96,1.01,1.08,1.15,1.34
Mazowieckie,2021-01-02,,estimate based on partial data,1.05,1.07,0.16,0.84,0.96,1.01,1.09,1.16,1.38
Mazowieckie,2021-01-03,,estimate based on partial data,1.05,1.08,0.18,0.83,0.96,1.01,1.09,1.18,1.41
Mazowieckie,2021-01-04,,estimate based on partial data,1.05,1.09,0.2,0.83,0.95,1.01,1.1,1.19,1.45
Mazowieckie,2021-01-05,,estimate based on partial data,1.05,1.09,0.22,0.82,0.95,1.01,1.1,1.2,1.5
Mazowieckie,2021-01-06,,estimate based on partial data,1.06,1.1,0.23,0.81,0.95,1.01,1.11,1.21,1.54
Mazowieckie,2021-01-07,,estimate based on partial data,1.06,1.11,0.25,0.8,0.95,1.01,1.11,1.22,1.59
Mazowieckie,2021-01-08,,estimate based on partial data,1.06,1.12,0.27,0.79,0.95,1.01,1.12,1.23,1.64
Mazowieckie,2021-01-09,,estimate based on partial data,1.06,1.12,0.3,0.78,0.94,1.01,1.12,1.24,1.68
Mazowieckie,2021-01-10,,estimate based on partial data,1.06,1.13,0.32,0.77,0.94,1.01,1.12,1.24,1.73
Mazowieckie,2021-01-11,,estimate based on partial data,1.06,1.14,0.34,0.77,0.94,1.01,1.13,1.25,1.78
Mazowieckie,2021-01-12,,estimate based on partial data,1.06,1.15,0.37,0.76,0.94,1.01,1.13,1.26,1.82
Mazowieckie,2021-01-13,,forecast,1.06,1.15,0.37,0.76,0.94,1.01,1.13,1.26,1.82
Mazowieckie,2021-01-14,,forecast,1.06,1.15,0.37,0.76,0.94,1.01,1.13,1.26,1.82
Mazowieckie,2021-01-15,,forecast,1.06,1.15,0.37,0.76,0.94,1.01,1.13,1.26,1.82
Mazowieckie,2021-01-16,,forecast,1.06,1.15,0.37,0.76,0.94,1.01,1.13,1.26,1.82
Mazowieckie,2021-01-17,,forecast,1.06,1.15,0.37,0.76,0.94,1.01,1.13,1.26,1.82
Mazowieckie,2021-01-18,,forecast,1.06,1.15,0.37,0.76,0.94,1.01,1.13,1.26,1.82
Mazowieckie,2021-01-19,,forecast,1.06,1.15,0.37,0.76,0.94,1.01,1.13,1.26,1.82
Mazowieckie,2021-01-20,,forecast,1.06,1.15,0.37,0.76,0.94,1.01,1.13,1.26,1.82
Mazowieckie,2021-01-21,,forecast,1.06,1.15,0.37,0.76,0.94,1.01,1.13,1.26,1.82
Mazowieckie,2021-01-22,,forecast,1.06,1.15,0.37,0.76,0.94,1.01,1.13,1.26,1.82
Mazowieckie,2021-01-23,,forecast,1.06,1.15,0.37,0.76,0.94,1.01,1.13,1.26,1.82
Mazowieckie,2021-01-24,,forecast,1.06,1.15,0.37,0.76,0.94,1.01,1.13,1.26,1.82
Mazowieckie,2021-01-25,,forecast,1.06,1.15,0.37,0.76,0.94,1.01,1.13,1.26,1.82
Mazowieckie,2021-01-26,,forecast,1.06,1.15,0.37,0.76,0.94,1.01,1.13,1.26,1.82
Mazowieckie,2021-01-27,,forecast,1.06,1.15,0.37,0.76,0.94,1.01,1.13,1.26,1.82
Mazowieckie,2021-01-28,,forecast,1.06,1.15,0.37,0.76,0.94,1.01,1.13,1.26,1.82
Mazowieckie,2021-01-29,,forecast,1.06,1.15,0.37,0.76,0.94,1.01,1.13,1.26,1.82
Mazowieckie,2021-01-30,,forecast,1.06,1.15,0.37,0.76,0.94,1.01,1.13,1.26,1.82
Mazowieckie,2021-01-31,,forecast,1.06,1.15,0.37,0.76,0.94,1.01,1.13,1.26,1.82
Mazowieckie,2021-02-01,,forecast,1.06,1.15,0.37,0.76,0.94,1.01,1.13,1.26,1.82
Mazowieckie,2021-02-02,,forecast,1.06,1.15,0.37,0.76,0.94,1.01,1.13,1.26,1.82
Mazowieckie,2021-02-03,,forecast,1.06,1.15,0.37,0.76,0.94,1.01,1.13,1.26,1.82
Mazowieckie,2021-02-04,,forecast,1.06,1.15,0.37,0.76,0.94,1.01,1.13,1.26,1.82
Mazowieckie,2021-02-05,,forecast,1.06,1.15,0.37,0.76,0.94,1.01,1.13,1.26,1.82
Mazowieckie,2021-02-06,,forecast,1.06,1.15,0.37,0.76,0.94,1.01,1.13,1.26,1.82
Mazowieckie,2021-02-07,,forecast,1.06,1.15,0.37,0.76,0.94,1.01,1.13,1.26,1.82
Mazowieckie,2021-02-08,,forecast,1.06,1.15,0.37,0.76,0.94,1.01,1.13,1.26,1.82
Mazowieckie,2021-02-09,,forecast,1.06,1.15,0.37,0.76,0.94,1.01,1.13,1.26,1.82
Mazowieckie,2021-02-10,,forecast,1.06,1.15,0.37,0.76,0.94,1.01,1.13,1.26,1.82
Mecklenburg-Western Pomerania State,2020-10-27,,estimate,1.11,1.11,0.09,0.96,1.05,1.09,1.13,1.15,1.26
Mecklenburg-Western Pomerania State,2020-10-28,,estimate,1.11,1.11,0.09,0.97,1.06,1.09,1.13,1.15,1.25
Mecklenburg-Western Pomerania State,2020-10-29,,estimate,1.11,1.11,0.08,0.97,1.06,1.09,1.13,1.15,1.24
Mecklenburg-Western Pomerania State,2020-10-30,,estimate,1.11,1.11,0.08,0.98,1.06,1.09,1.12,1.15,1.24
Mecklenburg-Western Pomerania State,2020-10-31,,estimate,1.11,1.11,0.08,0.98,1.06,1.1,1.12,1.15,1.23
Mecklenburg-Western Pomerania State,2020-11-01,,estimate,1.11,1.11,0.08,0.98,1.06,1.1,1.12,1.15,1.23
Mecklenburg-Western Pomerania State,2020-11-02,,estimate,1.11,1.11,0.07,0.99,1.06,1.09,1.12,1.14,1.22
Mecklenburg-Western Pomerania State,2020-11-03,,estimate,1.11,1.1,0.07,0.99,1.06,1.09,1.12,1.14,1.22
Mecklenburg-Western Pomerania State,2020-11-04,,estimate,1.11,1.1,0.07,0.99,1.06,1.1,1.12,1.14,1.21
Mecklenburg-Western Pomerania State,2020-11-05,,estimate,1.11,1.1,0.07,0.99,1.06,1.09,1.12,1.14,1.2
Mecklenburg-Western Pomerania State,2020-11-06,,estimate,1.11,1.1,0.06,1,1.07,1.09,1.12,1.14,1.2
Mecklenburg-Western Pomerania State,2020-11-07,,estimate,1.11,1.1,0.06,1,1.07,1.09,1.12,1.14,1.2
Mecklenburg-Western Pomerania State,2020-11-08,,estimate,1.11,1.1,0.06,1,1.07,1.09,1.12,1.14,1.19
Mecklenburg-Western Pomerania State,2020-11-09,,estimate,1.11,1.1,0.06,1,1.07,1.09,1.12,1.14,1.19
Mecklenburg-Western Pomerania State,2020-11-10,,estimate,1.11,1.1,0.06,1.01,1.07,1.09,1.12,1.14,1.19
Mecklenburg-Western Pomerania State,2020-11-11,,estimate,1.11,1.1,0.05,1.01,1.07,1.09,1.12,1.14,1.18
Mecklenburg-Western Pomerania State,2020-11-12,,estimate,1.11,1.1,0.05,1.01,1.07,1.09,1.12,1.14,1.18
Mecklenburg-Western Pomerania State,2020-11-13,,estimate,1.11,1.1,0.05,1.01,1.07,1.09,1.12,1.13,1.18
Mecklenburg-Western Pomerania State,2020-11-14,,estimate,1.11,1.1,0.05,1.01,1.07,1.09,1.12,1.13,1.18
Mecklenburg-Western Pomerania State,2020-11-15,,estimate,1.11,1.1,0.05,1.02,1.07,1.09,1.12,1.13,1.18
Mecklenburg-Western Pomerania State,2020-11-16,,estimate,1.11,1.1,0.05,1.02,1.07,1.09,1.12,1.13,1.17
Mecklenburg-Western Pomerania State,2020-11-17,,estimate,1.11,1.1,0.05,1.02,1.08,1.1,1.12,1.13,1.17
Mecklenburg-Western Pomerania State,2020-11-18,,estimate,1.11,1.1,0.05,1.02,1.08,1.1,1.12,1.13,1.18
Mecklenburg-Western Pomerania State,2020-11-19,,estimate,1.11,1.1,0.05,1.02,1.08,1.1,1.12,1.13,1.18
Mecklenburg-Western Pomerania State,2020-11-20,,estimate,1.11,1.11,0.05,1.02,1.08,1.1,1.12,1.13,1.17
Mecklenburg-Western Pomerania State,2020-11-21,,estimate,1.11,1.11,0.05,1.03,1.08,1.1,1.12,1.13,1.17
Mecklenburg-Western Pomerania State,2020-11-22,,estimate,1.11,1.11,0.05,1.03,1.08,1.1,1.12,1.13,1.17
Mecklenburg-Western Pomerania State,2020-11-23,,estimate,1.11,1.11,0.05,1.03,1.08,1.1,1.12,1.13,1.17
Mecklenburg-Western Pomerania State,2020-11-24,,estimate,1.11,1.11,0.05,1.03,1.08,1.1,1.12,1.13,1.17
Mecklenburg-Western Pomerania State,2020-11-25,,estimate,1.11,1.11,0.05,1.03,1.09,1.1,1.12,1.14,1.18
Mecklenburg-Western Pomerania State,2020-11-26,,estimate,1.11,1.11,0.05,1.03,1.09,1.1,1.12,1.14,1.18
Mecklenburg-Western Pomerania State,2020-11-27,,estimate,1.12,1.11,0.05,1.03,1.09,1.11,1.12,1.14,1.18
Mecklenburg-Western Pomerania State,2020-11-28,,estimate,1.12,1.11,0.05,1.03,1.09,1.11,1.12,1.14,1.18
Mecklenburg-Western Pomerania State,2020-11-29,,estimate,1.12,1.11,0.05,1.04,1.09,1.11,1.13,1.14,1.18
Mecklenburg-Western Pomerania State,2020-11-30,,estimate,1.12,1.12,0.05,1.04,1.1,1.11,1.13,1.14,1.18
Mecklenburg-Western Pomerania State,2020-12-01,,estimate,1.12,1.12,0.05,1.04,1.1,1.11,1.13,1.14,1.18
Mecklenburg-Western Pomerania State,2020-12-02,,estimate,1.12,1.12,0.05,1.04,1.1,1.11,1.13,1.14,1.19
Mecklenburg-Western Pomerania State,2020-12-03,,estimate,1.12,1.12,0.05,1.05,1.1,1.11,1.13,1.15,1.19
Mecklenburg-Western Pomerania State,2020-12-04,,estimate,1.12,1.12,0.05,1.05,1.1,1.12,1.13,1.15,1.19
Mecklenburg-Western Pomerania State,2020-12-05,,estimate,1.13,1.12,0.05,1.05,1.1,1.12,1.13,1.15,1.19
Mecklenburg-Western Pomerania State,2020-12-06,,estimate,1.13,1.13,0.05,1.05,1.1,1.12,1.14,1.15,1.19
Mecklenburg-Western Pomerania State,2020-12-07,,estimate,1.13,1.13,0.05,1.05,1.1,1.12,1.14,1.15,1.2
Mecklenburg-Western Pomerania State,2020-12-08,,estimate,1.13,1.13,0.05,1.06,1.11,1.12,1.14,1.15,1.2
Mecklenburg-Western Pomerania State,2020-12-09,,estimate,1.13,1.13,0.05,1.06,1.11,1.12,1.14,1.16,1.21
Mecklenburg-Western Pomerania State,2020-12-10,,estimate,1.13,1.14,0.05,1.06,1.11,1.12,1.14,1.16,1.21
Mecklenburg-Western Pomerania State,2020-12-11,,estimate,1.14,1.14,0.05,1.07,1.11,1.13,1.15,1.16,1.22
Mecklenburg-Western Pomerania State,2020-12-12,,estimate,1.14,1.14,0.05,1.07,1.11,1.13,1.15,1.17,1.22
Mecklenburg-Western Pomerania State,2020-12-13,,estimate,1.14,1.14,0.05,1.07,1.11,1.13,1.15,1.17,1.22
Mecklenburg-Western Pomerania State,2020-12-14,,estimate,1.14,1.15,0.05,1.08,1.12,1.13,1.15,1.17,1.23
Mecklenburg-Western Pomerania State,2020-12-15,,estimate,1.14,1.15,0.05,1.08,1.12,1.13,1.15,1.17,1.23
Mecklenburg-Western Pomerania State,2020-12-16,,estimate,1.15,1.15,0.05,1.08,1.12,1.14,1.16,1.18,1.24
Mecklenburg-Western Pomerania State,2020-12-17,,estimate,1.15,1.15,0.05,1.08,1.12,1.14,1.16,1.18,1.24
Mecklenburg-Western Pomerania State,2020-12-18,,estimate,1.15,1.16,0.05,1.08,1.12,1.14,1.16,1.19,1.25
Mecklenburg-Western Pomerania State,2020-12-19,,estimate,1.15,1.16,0.06,1.08,1.12,1.14,1.17,1.19,1.26
Mecklenburg-Western Pomerania State,2020-12-20,,estimate,1.15,1.16,0.06,1.08,1.12,1.14,1.17,1.19,1.27
Mecklenburg-Western Pomerania State,2020-12-21,,estimate,1.16,1.16,0.06,1.08,1.12,1.14,1.17,1.2,1.27
Mecklenburg-Western Pomerania State,2020-12-22,,estimate,1.16,1.17,0.07,1.08,1.12,1.14,1.17,1.2,1.29
Mecklenburg-Western Pomerania State,2020-12-23,,estimate,1.16,1.17,0.07,1.08,1.12,1.14,1.18,1.21,1.3
Mecklenburg-Western Pomerania State,2020-12-24,,estimate,1.16,1.17,0.08,1.07,1.12,1.14,1.18,1.21,1.31
Mecklenburg-Western Pomerania State,2020-12-25,,estimate based on partial data,1.16,1.17,0.08,1.07,1.12,1.14,1.18,1.21,1.32
Mecklenburg-Western Pomerania State,2020-12-26,,estimate based on partial data,1.16,1.17,0.09,1.07,1.12,1.14,1.18,1.22,1.33
Mecklenburg-Western Pomerania State,2020-12-27,,estimate based on partial data,1.16,1.18,0.09,1.06,1.12,1.14,1.18,1.22,1.35
Mecklenburg-Western Pomerania State,2020-12-28,,estimate based on partial data,1.16,1.18,0.1,1.05,1.12,1.14,1.18,1.23,1.36
Mecklenburg-Western Pomerania State,2020-12-29,,estimate based on partial data,1.16,1.18,0.1,1.05,1.12,1.14,1.18,1.23,1.37
Mecklenburg-Western Pomerania State,2020-12-30,,estimate based on partial data,1.16,1.18,0.11,1.04,1.12,1.14,1.18,1.23,1.38
Mecklenburg-Western Pomerania State,2020-12-31,,estimate based on partial data,1.16,1.18,0.12,1.04,1.11,1.14,1.18,1.23,1.4
Mecklenburg-Western Pomerania State,2021-01-01,,estimate based on partial data,1.16,1.18,0.12,1.03,1.11,1.14,1.18,1.24,1.41
Mecklenburg-Western Pomerania State,2021-01-02,,estimate based on partial data,1.16,1.18,0.13,1.02,1.11,1.14,1.18,1.24,1.43
Mecklenburg-Western Pomerania State,2021-01-03,,estimate based on partial data,1.16,1.19,0.14,1.02,1.11,1.14,1.18,1.24,1.44
Mecklenburg-Western Pomerania State,2021-01-04,,estimate based on partial data,1.16,1.19,0.15,1,1.11,1.14,1.18,1.25,1.46
Mecklenburg-Western Pomerania State,2021-01-05,,estimate based on partial data,1.16,1.19,0.16,1,1.11,1.14,1.18,1.25,1.47
Mecklenburg-Western Pomerania State,2021-01-06,,estimate based on partial data,1.16,1.19,0.17,0.99,1.11,1.14,1.18,1.25,1.48
Mecklenburg-Western Pomerania State,2021-01-07,,estimate based on partial data,1.16,1.19,0.18,0.99,1.11,1.14,1.18,1.25,1.5
Mecklenburg-Western Pomerania State,2021-01-08,,estimate based on partial data,1.16,1.19,0.19,0.98,1.11,1.14,1.18,1.25,1.52
Mecklenburg-Western Pomerania State,2021-01-09,,estimate based on partial data,1.16,1.2,0.2,0.97,1.1,1.14,1.18,1.25,1.54
Mecklenburg-Western Pomerania State,2021-01-10,,estimate based on partial data,1.16,1.2,0.21,0.96,1.1,1.13,1.18,1.25,1.56
Mecklenburg-Western Pomerania State,2021-01-11,,estimate based on partial data,1.16,1.2,0.22,0.96,1.1,1.13,1.19,1.25,1.58
Mecklenburg-Western Pomerania State,2021-01-12,,forecast,1.16,1.2,0.22,0.96,1.1,1.13,1.19,1.25,1.58
Mecklenburg-Western Pomerania State,2021-01-13,,forecast,1.16,1.2,0.22,0.96,1.1,1.13,1.19,1.25,1.58
Mecklenburg-Western Pomerania State,2021-01-14,,forecast,1.16,1.2,0.22,0.96,1.1,1.13,1.19,1.25,1.58
Mecklenburg-Western Pomerania State,2021-01-15,,forecast,1.16,1.2,0.22,0.96,1.1,1.13,1.19,1.25,1.58
Mecklenburg-Western Pomerania State,2021-01-16,,forecast,1.16,1.2,0.22,0.96,1.1,1.13,1.19,1.25,1.58
Mecklenburg-Western Pomerania State,2021-01-17,,forecast,1.16,1.2,0.22,0.96,1.1,1.13,1.19,1.25,1.58
Mecklenburg-Western Pomerania State,2021-01-18,,forecast,1.16,1.2,0.22,0.96,1.1,1.13,1.19,1.25,1.58
Mecklenburg-Western Pomerania State,2021-01-19,,forecast,1.16,1.2,0.22,0.96,1.1,1.13,1.19,1.25,1.58
Mecklenburg-Western Pomerania State,2021-01-20,,forecast,1.16,1.2,0.22,0.96,1.1,1.13,1.19,1.25,1.58
Mecklenburg-Western Pomerania State,2021-01-21,,forecast,1.16,1.2,0.22,0.96,1.1,1.13,1.19,1.25,1.58
Mecklenburg-Western Pomerania State,2021-01-22,,forecast,1.16,1.2,0.22,0.96,1.1,1.13,1.19,1.25,1.58
Mecklenburg-Western Pomerania State,2021-01-23,,forecast,1.16,1.2,0.22,0.96,1.1,1.13,1.19,1.25,1.58
Mecklenburg-Western Pomerania State,2021-01-24,,forecast,1.16,1.2,0.22,0.96,1.1,1.13,1.19,1.25,1.58
Mecklenburg-Western Pomerania State,2021-01-25,,forecast,1.16,1.2,0.22,0.96,1.1,1.13,1.19,1.25,1.58
Mecklenburg-Western Pomerania State,2021-01-26,,forecast,1.16,1.2,0.22,0.96,1.1,1.13,1.19,1.25,1.58
Mecklenburg-Western Pomerania State,2021-01-27,,forecast,1.16,1.2,0.22,0.96,1.1,1.13,1.19,1.25,1.58
Mecklenburg-Western Pomerania State,2021-01-28,,forecast,1.16,1.2,0.22,0.96,1.1,1.13,1.19,1.25,1.58
Mecklenburg-Western Pomerania State,2021-01-29,,forecast,1.16,1.2,0.22,0.96,1.1,1.13,1.19,1.25,1.58
Mecklenburg-Western Pomerania State,2021-01-30,,forecast,1.16,1.2,0.22,0.96,1.1,1.13,1.19,1.25,1.58
Mecklenburg-Western Pomerania State,2021-01-31,,forecast,1.16,1.2,0.22,0.96,1.1,1.13,1.19,1.25,1.58
Mecklenburg-Western Pomerania State,2021-02-01,,forecast,1.16,1.2,0.22,0.96,1.1,1.13,1.19,1.25,1.58
Mecklenburg-Western Pomerania State,2021-02-02,,forecast,1.16,1.2,0.22,0.96,1.1,1.13,1.19,1.25,1.58
Mecklenburg-Western Pomerania State,2021-02-03,,forecast,1.16,1.2,0.22,0.96,1.1,1.13,1.19,1.25,1.58
Mecklenburg-Western Pomerania State,2021-02-04,,forecast,1.16,1.2,0.22,0.96,1.1,1.13,1.19,1.25,1.58
Mecklenburg-Western Pomerania State,2021-02-05,,forecast,1.16,1.2,0.22,0.96,1.1,1.13,1.19,1.25,1.58
Mecklenburg-Western Pomerania State,2021-02-06,,forecast,1.16,1.2,0.22,0.96,1.1,1.13,1.19,1.25,1.58
Mecklenburg-Western Pomerania State,2021-02-07,,forecast,1.16,1.2,0.22,0.96,1.1,1.13,1.19,1.25,1.58
Mecklenburg-Western Pomerania State,2021-02-08,,forecast,1.16,1.2,0.22,0.96,1.1,1.13,1.19,1.25,1.58
Mecklenburg-Western Pomerania State,2021-02-09,,forecast,1.16,1.2,0.22,0.96,1.1,1.13,1.19,1.25,1.58
Mecklenburg-Western Pomerania State,2021-02-10,,forecast,1.16,1.2,0.22,0.96,1.1,1.13,1.19,1.25,1.58
North Rhine-Westphalia State,2020-10-20,,estimate,1.14,1.15,0.06,1.06,1.1,1.12,1.15,1.18,1.26
North Rhine-Westphalia State,2020-10-21,,estimate,1.14,1.14,0.06,1.06,1.11,1.12,1.15,1.18,1.25
North Rhine-Westphalia State,2020-10-22,,estimate,1.14,1.14,0.06,1.07,1.11,1.12,1.15,1.18,1.24
North Rhine-Westphalia State,2020-10-23,,estimate,1.14,1.14,0.05,1.07,1.11,1.12,1.15,1.17,1.24
North Rhine-Westphalia State,2020-10-24,,estimate,1.14,1.14,0.05,1.08,1.11,1.13,1.15,1.17,1.23
North Rhine-Westphalia State,2020-10-25,,estimate,1.14,1.14,0.05,1.08,1.11,1.12,1.15,1.17,1.22
North Rhine-Westphalia State,2020-10-26,,estimate,1.14,1.14,0.04,1.08,1.11,1.13,1.15,1.17,1.22
North Rhine-Westphalia State,2020-10-27,,estimate,1.13,1.14,0.04,1.08,1.11,1.13,1.15,1.16,1.21
North Rhine-Westphalia State,2020-10-28,,estimate,1.13,1.14,0.04,1.09,1.11,1.13,1.15,1.16,1.21
North Rhine-Westphalia State,2020-10-29,,estimate,1.13,1.14,0.04,1.09,1.11,1.13,1.14,1.16,1.21
North Rhine-Westphalia State,2020-10-30,,estimate,1.13,1.14,0.04,1.09,1.11,1.12,1.14,1.16,1.2
North Rhine-Westphalia State,2020-10-31,,estimate,1.13,1.14,0.03,1.09,1.11,1.12,1.14,1.16,1.2
North Rhine-Westphalia State,2020-11-01,,estimate,1.13,1.13,0.03,1.09,1.11,1.12,1.14,1.15,1.19
North Rhine-Westphalia State,2020-11-02,,estimate,1.13,1.13,0.03,1.09,1.11,1.12,1.14,1.15,1.19
North Rhine-Westphalia State,2020-11-03,,estimate,1.13,1.13,0.03,1.09,1.11,1.12,1.14,1.15,1.19
North Rhine-Westphalia State,2020-11-04,,estimate,1.13,1.13,0.03,1.09,1.11,1.12,1.13,1.15,1.18
North Rhine-Westphalia State,2020-11-05,,estimate,1.13,1.13,0.03,1.09,1.11,1.12,1.13,1.15,1.18
North Rhine-Westphalia State,2020-11-06,,estimate,1.12,1.13,0.03,1.09,1.11,1.12,1.13,1.14,1.18
North Rhine-Westphalia State,2020-11-07,,estimate,1.12,1.13,0.03,1.09,1.11,1.12,1.13,1.14,1.17
North Rhine-Westphalia State,2020-11-08,,estimate,1.12,1.12,0.03,1.09,1.11,1.12,1.13,1.14,1.17
North Rhine-Westphalia State,2020-11-09,,estimate,1.12,1.12,0.03,1.09,1.11,1.11,1.13,1.14,1.16
North Rhine-Westphalia State,2020-11-10,,estimate,1.12,1.12,0.02,1.09,1.1,1.11,1.12,1.13,1.16
North Rhine-Westphalia State,2020-11-11,,estimate,1.12,1.12,0.02,1.08,1.1,1.11,1.12,1.13,1.16
North Rhine-Westphalia State,2020-11-12,,estimate,1.11,1.12,0.02,1.08,1.1,1.11,1.12,1.13,1.16
North Rhine-Westphalia State,2020-11-13,,estimate,1.11,1.11,0.02,1.08,1.1,1.11,1.12,1.13,1.16
North Rhine-Westphalia State,2020-11-14,,estimate,1.11,1.11,0.02,1.08,1.1,1.11,1.12,1.13,1.15
North Rhine-Westphalia State,2020-11-15,,estimate,1.11,1.11,0.02,1.08,1.1,1.1,1.11,1.12,1.15
North Rhine-Westphalia State,2020-11-16,,estimate,1.11,1.11,0.02,1.07,1.1,1.1,1.11,1.12,1.15
North Rhine-Westphalia State,2020-11-17,,estimate,1.11,1.11,0.02,1.07,1.09,1.1,1.11,1.12,1.14
North Rhine-Westphalia State,2020-11-18,,estimate,1.1,1.11,0.02,1.07,1.09,1.1,1.11,1.12,1.14
North Rhine-Westphalia State,2020-11-19,,estimate,1.1,1.1,0.02,1.07,1.09,1.1,1.11,1.12,1.14
North Rhine-Westphalia State,2020-11-20,,estimate,1.1,1.1,0.02,1.06,1.09,1.1,1.11,1.11,1.14
North Rhine-Westphalia State,2020-11-21,,estimate,1.1,1.1,0.02,1.06,1.09,1.1,1.1,1.11,1.13
North Rhine-Westphalia State,2020-11-22,,estimate,1.1,1.1,0.02,1.06,1.09,1.09,1.1,1.11,1.13
North Rhine-Westphalia State,2020-11-23,,estimate,1.1,1.1,0.02,1.06,1.08,1.09,1.1,1.11,1.13
North Rhine-Westphalia State,2020-11-24,,estimate,1.1,1.09,0.02,1.06,1.08,1.09,1.1,1.11,1.13
North Rhine-Westphalia State,2020-11-25,,estimate,1.1,1.09,0.02,1.05,1.08,1.09,1.1,1.11,1.13
North Rhine-Westphalia State,2020-11-26,,estimate,1.09,1.09,0.02,1.05,1.08,1.09,1.1,1.11,1.12
North Rhine-Westphalia State,2020-11-27,,estimate,1.09,1.09,0.02,1.05,1.08,1.09,1.1,1.1,1.12
North Rhine-Westphalia State,2020-11-28,,estimate,1.09,1.09,0.02,1.05,1.08,1.09,1.1,1.1,1.12
North Rhine-Westphalia State,2020-11-29,,estimate,1.09,1.09,0.02,1.05,1.08,1.09,1.09,1.1,1.12
North Rhine-Westphalia State,2020-11-30,,estimate,1.09,1.09,0.02,1.04,1.07,1.08,1.09,1.1,1.12
North Rhine-Westphalia State,2020-12-01,,estimate,1.09,1.09,0.02,1.04,1.07,1.08,1.09,1.1,1.12
North Rhine-Westphalia State,2020-12-02,,estimate,1.09,1.09,0.02,1.04,1.07,1.08,1.09,1.1,1.12
North Rhine-Westphalia State,2020-12-03,,estimate,1.09,1.08,0.02,1.04,1.07,1.08,1.09,1.1,1.12
North Rhine-Westphalia State,2020-12-04,,estimate,1.08,1.08,0.02,1.04,1.07,1.08,1.09,1.1,1.12
North Rhine-Westphalia State,2020-12-05,,estimate,1.08,1.08,0.02,1.04,1.07,1.08,1.09,1.1,1.12
North Rhine-Westphalia State,2020-12-06,,estimate,1.08,1.08,0.02,1.04,1.07,1.08,1.09,1.1,1.12
North Rhine-Westphalia State,2020-12-07,,estimate,1.08,1.08,0.02,1.04,1.07,1.08,1.09,1.1,1.12
North Rhine-Westphalia State,2020-12-08,,estimate,1.08,1.08,0.02,1.04,1.07,1.08,1.09,1.1,1.12
North Rhine-Westphalia State,2020-12-09,,estimate,1.08,1.08,0.02,1.04,1.07,1.08,1.09,1.09,1.12
North Rhine-Westphalia State,2020-12-10,,estimate,1.08,1.08,0.02,1.04,1.06,1.07,1.09,1.09,1.12
North Rhine-Westphalia State,2020-12-11,,estimate,1.08,1.08,0.02,1.04,1.06,1.07,1.09,1.09,1.11
North Rhine-Westphalia State,2020-12-12,,estimate,1.08,1.08,0.03,1.04,1.06,1.07,1.08,1.09,1.11
North Rhine-Westphalia State,2020-12-13,,estimate,1.08,1.08,0.03,1.03,1.06,1.07,1.08,1.09,1.11
North Rhine-Westphalia State,2020-12-14,,estimate,1.08,1.08,0.03,1.03,1.06,1.07,1.08,1.09,1.11
North Rhine-Westphalia State,2020-12-15,,estimate,1.08,1.08,0.03,1.03,1.06,1.07,1.08,1.09,1.11
North Rhine-Westphalia State,2020-12-16,,estimate,1.08,1.08,0.03,1.03,1.06,1.07,1.08,1.09,1.11
North Rhine-Westphalia State,2020-12-17,,estimate,1.08,1.07,0.03,1.03,1.06,1.07,1.08,1.09,1.11
North Rhine-Westphalia State,2020-12-18,,estimate,1.08,1.07,0.03,1.02,1.06,1.07,1.08,1.09,1.12
North Rhine-Westphalia State,2020-12-19,,estimate,1.08,1.07,0.03,1.02,1.06,1.07,1.08,1.09,1.12
North Rhine-Westphalia State,2020-12-20,,estimate,1.08,1.07,0.03,1.02,1.05,1.07,1.08,1.09,1.12
North Rhine-Westphalia State,2020-12-21,,estimate,1.08,1.07,0.03,1.02,1.05,1.07,1.08,1.09,1.12
North Rhine-Westphalia State,2020-12-22,,estimate,1.08,1.07,0.03,1.02,1.05,1.07,1.08,1.09,1.12
North Rhine-Westphalia State,2020-12-23,,estimate,1.08,1.07,0.04,1.01,1.05,1.07,1.08,1.1,1.13
North Rhine-Westphalia State,2020-12-24,,estimate,1.08,1.07,0.04,1.01,1.05,1.07,1.08,1.1,1.13
North Rhine-Westphalia State,2020-12-25,,estimate based on partial data,1.08,1.07,0.04,1,1.05,1.07,1.08,1.1,1.13
North Rhine-Westphalia State,2020-12-26,,estimate based on partial data,1.08,1.07,0.04,1,1.05,1.07,1.08,1.1,1.14
North Rhine-Westphalia State,2020-12-27,,estimate based on partial data,1.08,1.07,0.05,1,1.05,1.07,1.08,1.1,1.14
North Rhine-Westphalia State,2020-12-28,,estimate based on partial data,1.08,1.07,0.05,0.99,1.05,1.07,1.09,1.1,1.15
North Rhine-Westphalia State,2020-12-29,,estimate based on partial data,1.08,1.07,0.05,0.98,1.04,1.07,1.09,1.1,1.16
North Rhine-Westphalia State,2020-12-30,,estimate based on partial data,1.08,1.07,0.06,0.98,1.04,1.06,1.09,1.1,1.16
North Rhine-Westphalia State,2020-12-31,,estimate based on partial data,1.08,1.07,0.06,0.97,1.04,1.06,1.09,1.1,1.17
North Rhine-Westphalia State,2021-01-01,,estimate based on partial data,1.08,1.07,0.06,0.97,1.04,1.06,1.09,1.1,1.17
North Rhine-Westphalia State,2021-01-02,,estimate based on partial data,1.08,1.07,0.07,0.96,1.04,1.06,1.09,1.1,1.18
North Rhine-Westphalia State,2021-01-03,,estimate based on partial data,1.08,1.07,0.07,0.96,1.04,1.06,1.09,1.1,1.19
North Rhine-Westphalia State,2021-01-04,,estimate based on partial data,1.08,1.07,0.08,0.95,1.04,1.06,1.09,1.1,1.2
North Rhine-Westphalia State,2021-01-05,,estimate based on partial data,1.08,1.07,0.08,0.95,1.03,1.06,1.09,1.11,1.2
North Rhine-Westphalia State,2021-01-06,,estimate based on partial data,1.08,1.07,0.09,0.94,1.03,1.06,1.09,1.11,1.21
North Rhine-Westphalia State,2021-01-07,,estimate based on partial data,1.08,1.07,0.09,0.94,1.03,1.06,1.09,1.11,1.22
North Rhine-Westphalia State,2021-01-08,,estimate based on partial data,1.08,1.07,0.09,0.93,1.03,1.06,1.09,1.11,1.22
North Rhine-Westphalia State,2021-01-09,,estimate based on partial data,1.08,1.08,0.1,0.93,1.03,1.06,1.09,1.11,1.23
North Rhine-Westphalia State,2021-01-10,,estimate based on partial data,1.08,1.08,0.1,0.92,1.03,1.06,1.09,1.11,1.23
North Rhine-Westphalia State,2021-01-11,,estimate based on partial data,1.08,1.08,0.11,0.92,1.03,1.06,1.09,1.11,1.24
North Rhine-Westphalia State,2021-01-12,,forecast,1.08,1.08,0.11,0.92,1.03,1.06,1.09,1.11,1.24
North Rhine-Westphalia State,2021-01-13,,forecast,1.08,1.08,0.11,0.92,1.03,1.06,1.09,1.11,1.24
North Rhine-Westphalia State,2021-01-14,,forecast,1.08,1.08,0.11,0.92,1.03,1.06,1.09,1.11,1.24
North Rhine-Westphalia State,2021-01-15,,forecast,1.08,1.08,0.11,0.92,1.03,1.06,1.09,1.11,1.24
North Rhine-Westphalia State,2021-01-16,,forecast,1.08,1.08,0.11,0.92,1.03,1.06,1.09,1.11,1.24
North Rhine-Westphalia State,2021-01-17,,forecast,1.08,1.08,0.11,0.92,1.03,1.06,1.09,1.11,1.24
North Rhine-Westphalia State,2021-01-18,,forecast,1.08,1.08,0.11,0.92,1.03,1.06,1.09,1.11,1.24
North Rhine-Westphalia State,2021-01-19,,forecast,1.08,1.08,0.11,0.92,1.03,1.06,1.09,1.11,1.24
North Rhine-Westphalia State,2021-01-20,,forecast,1.08,1.08,0.11,0.92,1.03,1.06,1.09,1.11,1.24
North Rhine-Westphalia State,2021-01-21,,forecast,1.08,1.08,0.11,0.92,1.03,1.06,1.09,1.11,1.24
North Rhine-Westphalia State,2021-01-22,,forecast,1.08,1.08,0.11,0.92,1.03,1.06,1.09,1.11,1.24
North Rhine-Westphalia State,2021-01-23,,forecast,1.08,1.08,0.11,0.92,1.03,1.06,1.09,1.11,1.24
North Rhine-Westphalia State,2021-01-24,,forecast,1.08,1.08,0.11,0.92,1.03,1.06,1.09,1.11,1.24
North Rhine-Westphalia State,2021-01-25,,forecast,1.08,1.08,0.11,0.92,1.03,1.06,1.09,1.11,1.24
North Rhine-Westphalia State,2021-01-26,,forecast,1.08,1.08,0.11,0.92,1.03,1.06,1.09,1.11,1.24
North Rhine-Westphalia State,2021-01-27,,forecast,1.08,1.08,0.11,0.92,1.03,1.06,1.09,1.11,1.24
North Rhine-Westphalia State,2021-01-28,,forecast,1.08,1.08,0.11,0.92,1.03,1.06,1.09,1.11,1.24
North Rhine-Westphalia State,2021-01-29,,forecast,1.08,1.08,0.11,0.92,1.03,1.06,1.09,1.11,1.24
North Rhine-Westphalia State,2021-01-30,,forecast,1.08,1.08,0.11,0.92,1.03,1.06,1.09,1.11,1.24
North Rhine-Westphalia State,2021-01-31,,forecast,1.08,1.08,0.11,0.92,1.03,1.06,1.09,1.11,1.24
North Rhine-Westphalia State,2021-02-01,,forecast,1.08,1.08,0.11,0.92,1.03,1.06,1.09,1.11,1.24
North Rhine-Westphalia State,2021-02-02,,forecast,1.08,1.08,0.11,0.92,1.03,1.06,1.09,1.11,1.24
North Rhine-Westphalia State,2021-02-03,,forecast,1.08,1.08,0.11,0.92,1.03,1.06,1.09,1.11,1.24
North Rhine-Westphalia State,2021-02-04,,forecast,1.08,1.08,0.11,0.92,1.03,1.06,1.09,1.11,1.24
North Rhine-Westphalia State,2021-02-05,,forecast,1.08,1.08,0.11,0.92,1.03,1.06,1.09,1.11,1.24
North Rhine-Westphalia State,2021-02-06,,forecast,1.08,1.08,0.11,0.92,1.03,1.06,1.09,1.11,1.24
North Rhine-Westphalia State,2021-02-07,,forecast,1.08,1.08,0.11,0.92,1.03,1.06,1.09,1.11,1.24
North Rhine-Westphalia State,2021-02-08,,forecast,1.08,1.08,0.11,0.92,1.03,1.06,1.09,1.11,1.24
North Rhine-Westphalia State,2021-02-09,,forecast,1.08,1.08,0.11,0.92,1.03,1.06,1.09,1.11,1.24
North Rhine-Westphalia State,2021-02-10,,forecast,1.08,1.08,0.11,0.92,1.03,1.06,1.09,1.11,1.24
Opolskie,2020-10-20,,estimate,1.14,1.15,0.12,0.97,1.07,1.11,1.17,1.21,1.36
Opolskie,2020-10-21,,estimate,1.14,1.15,0.11,0.98,1.07,1.11,1.17,1.21,1.34
Opolskie,2020-10-22,,estimate,1.14,1.15,0.1,0.99,1.08,1.11,1.16,1.2,1.33
Opolskie,2020-10-23,,estimate,1.14,1.14,0.1,1,1.08,1.11,1.16,1.2,1.32
Opolskie,2020-10-24,,estimate,1.14,1.14,0.09,1.01,1.08,1.12,1.16,1.2,1.31
Opolskie,2020-10-25,,estimate,1.14,1.14,0.08,1.01,1.09,1.12,1.16,1.19,1.29
Opolskie,2020-10-26,,estimate,1.14,1.14,0.08,1.02,1.09,1.12,1.15,1.19,1.29
Opolskie,2020-10-27,,estimate,1.13,1.14,0.08,1.02,1.09,1.11,1.15,1.18,1.27
Opolskie,2020-10-28,,estimate,1.13,1.14,0.08,1.02,1.08,1.11,1.15,1.18,1.27
Opolskie,2020-10-29,,estimate,1.13,1.13,0.07,1.02,1.08,1.11,1.14,1.17,1.26
Opolskie,2020-10-30,,estimate,1.12,1.13,0.07,1.02,1.08,1.1,1.14,1.17,1.25
Opolskie,2020-10-31,,estimate,1.11,1.12,0.07,1.02,1.07,1.1,1.13,1.16,1.24
Opolskie,2020-11-01,,estimate,1.11,1.11,0.07,1.01,1.07,1.09,1.12,1.15,1.23
Opolskie,2020-11-02,,estimate,1.1,1.1,0.06,1.01,1.06,1.08,1.11,1.14,1.22
Opolskie,2020-11-03,,estimate,1.09,1.09,0.06,1,1.05,1.08,1.1,1.13,1.21
Opolskie,2020-11-04,,estimate,1.08,1.09,0.06,1,1.05,1.07,1.09,1.12,1.19
Opolskie,2020-11-05,,estimate,1.07,1.07,0.06,0.99,1.04,1.06,1.08,1.11,1.17
Opolskie,2020-11-06,,estimate,1.06,1.06,0.05,0.98,1.03,1.05,1.07,1.1,1.16
Opolskie,2020-11-07,,estimate,1.05,1.05,0.05,0.97,1.02,1.04,1.06,1.08,1.14
Opolskie,2020-11-08,,estimate,1.04,1.04,0.05,0.96,1.01,1.03,1.05,1.07,1.13
Opolskie,2020-11-09,,estimate,1.03,1.03,0.05,0.95,1,1.02,1.04,1.06,1.11
Opolskie,2020-11-10,,estimate,1.02,1.02,0.05,0.94,0.99,1.01,1.03,1.05,1.1
Opolskie,2020-11-11,,estimate,1,1.01,0.05,0.93,0.98,0.99,1.02,1.03,1.08
Opolskie,2020-11-12,,estimate,0.99,0.99,0.05,0.92,0.97,0.98,1,1.02,1.07
Opolskie,2020-11-13,,estimate,0.98,0.98,0.05,0.9,0.96,0.97,0.99,1.01,1.05
Opolskie,2020-11-14,,estimate,0.97,0.97,0.05,0.89,0.94,0.96,0.98,1,1.04
Opolskie,2020-11-15,,estimate,0.97,0.96,0.05,0.88,0.93,0.95,0.97,0.99,1.03
Opolskie,2020-11-16,,estimate,0.96,0.95,0.05,0.87,0.92,0.94,0.97,0.98,1.02
Opolskie,2020-11-17,,estimate,0.95,0.94,0.05,0.86,0.91,0.94,0.96,0.97,1.01
Opolskie,2020-11-18,,estimate,0.94,0.93,0.05,0.85,0.91,0.93,0.95,0.96,1
Opolskie,2020-11-19,,estimate,0.93,0.92,0.05,0.84,0.9,0.92,0.94,0.96,0.99
Opolskie,2020-11-20,,estimate,0.92,0.92,0.05,0.83,0.89,0.91,0.93,0.95,0.98
Opolskie,2020-11-21,,estimate,0.92,0.91,0.05,0.83,0.88,0.9,0.93,0.94,0.98
Opolskie,2020-11-22,,estimate,0.91,0.9,0.05,0.82,0.88,0.9,0.92,0.94,0.97
Opolskie,2020-11-23,,estimate,0.9,0.9,0.05,0.81,0.87,0.89,0.92,0.93,0.97
Opolskie,2020-11-24,,estimate,0.9,0.9,0.05,0.81,0.87,0.89,0.91,0.93,0.97
Opolskie,2020-11-25,,estimate,0.9,0.89,0.05,0.8,0.86,0.88,0.91,0.92,0.96
Opolskie,2020-11-26,,estimate,0.89,0.89,0.05,0.8,0.86,0.88,0.9,0.92,0.96
Opolskie,2020-11-27,,estimate,0.89,0.89,0.05,0.8,0.86,0.88,0.9,0.92,0.96
Opolskie,2020-11-28,,estimate,0.89,0.89,0.05,0.8,0.86,0.88,0.9,0.92,0.95
Opolskie,2020-11-29,,estimate,0.89,0.88,0.05,0.8,0.85,0.87,0.9,0.92,0.96
Opolskie,2020-11-30,,estimate,0.89,0.88,0.05,0.8,0.85,0.87,0.9,0.92,0.96
Opolskie,2020-12-01,,estimate,0.89,0.88,0.05,0.8,0.86,0.87,0.9,0.92,0.95
Opolskie,2020-12-02,,estimate,0.89,0.89,0.05,0.81,0.86,0.88,0.9,0.92,0.96
Opolskie,2020-12-03,,estimate,0.89,0.89,0.05,0.81,0.86,0.88,0.9,0.92,0.96
Opolskie,2020-12-04,,estimate,0.89,0.89,0.05,0.81,0.86,0.88,0.9,0.92,0.96
Opolskie,2020-12-05,,estimate,0.89,0.89,0.05,0.82,0.86,0.88,0.9,0.92,0.97
Opolskie,2020-12-06,,estimate,0.89,0.89,0.05,0.82,0.87,0.88,0.9,0.92,0.97
Opolskie,2020-12-07,,estimate,0.89,0.9,0.05,0.82,0.87,0.89,0.91,0.92,0.98
Opolskie,2020-12-08,,estimate,0.9,0.9,0.05,0.83,0.87,0.89,0.91,0.93,0.99
Opolskie,2020-12-09,,estimate,0.9,0.9,0.05,0.83,0.87,0.89,0.91,0.93,0.99
Opolskie,2020-12-10,,estimate,0.9,0.91,0.05,0.83,0.87,0.89,0.91,0.93,0.99
Opolskie,2020-12-11,,estimate,0.9,0.91,0.05,0.83,0.88,0.89,0.92,0.94,1
Opolskie,2020-12-12,,estimate,0.91,0.91,0.05,0.83,0.88,0.9,0.92,0.94,1
Opolskie,2020-12-13,,estimate,0.91,0.91,0.05,0.84,0.88,0.9,0.92,0.94,1.01
Opolskie,2020-12-14,,estimate,0.91,0.92,0.06,0.84,0.88,0.9,0.92,0.95,1.01
Opolskie,2020-12-15,,estimate,0.91,0.92,0.06,0.84,0.88,0.9,0.93,0.95,1.02
Opolskie,2020-12-16,,estimate,0.92,0.92,0.06,0.84,0.88,0.9,0.93,0.95,1.02
Opolskie,2020-12-17,,estimate,0.92,0.92,0.06,0.84,0.89,0.91,0.93,0.96,1.03
Opolskie,2020-12-18,,estimate,0.92,0.92,0.06,0.83,0.89,0.91,0.93,0.96,1.03
Opolskie,2020-12-19,,estimate,0.92,0.93,0.07,0.83,0.88,0.91,0.94,0.96,1.04
Opolskie,2020-12-20,,estimate,0.92,0.93,0.07,0.82,0.88,0.91,0.94,0.97,1.04
Opolskie,2020-12-21,,estimate,0.92,0.93,0.07,0.82,0.88,0.91,0.94,0.97,1.05
Opolskie,2020-12-22,,estimate,0.92,0.93,0.08,0.81,0.88,0.91,0.94,0.98,1.05
Opolskie,2020-12-23,,estimate,0.92,0.93,0.08,0.8,0.88,0.91,0.94,0.98,1.06
Opolskie,2020-12-24,,estimate,0.92,0.93,0.09,0.79,0.87,0.91,0.95,0.98,1.07
Opolskie,2020-12-25,,estimate,0.93,0.93,0.09,0.78,0.87,0.9,0.95,0.98,1.08
Opolskie,2020-12-26,,estimate based on partial data,0.93,0.92,0.1,0.77,0.86,0.9,0.95,0.99,1.09
Opolskie,2020-12-27,,estimate based on partial data,0.92,0.92,0.11,0.76,0.86,0.9,0.95,0.99,1.1
Opolskie,2020-12-28,,estimate based on partial data,0.93,0.92,0.12,0.74,0.85,0.9,0.95,1,1.11
Opolskie,2020-12-29,,estimate based on partial data,0.92,0.92,0.12,0.72,0.85,0.9,0.95,1,1.12
Opolskie,2020-12-30,,estimate based on partial data,0.92,0.92,0.13,0.71,0.85,0.89,0.95,1.01,1.13
Opolskie,2020-12-31,,estimate based on partial data,0.92,0.92,0.14,0.69,0.84,0.89,0.95,1.01,1.15
Opolskie,2021-01-01,,estimate based on partial data,0.92,0.92,0.15,0.68,0.84,0.89,0.95,1.01,1.16
Opolskie,2021-01-02,,estimate based on partial data,0.92,0.92,0.16,0.67,0.84,0.89,0.96,1.02,1.18
Opolskie,2021-01-03,,estimate based on partial data,0.92,0.92,0.17,0.65,0.83,0.89,0.96,1.02,1.2
Opolskie,2021-01-04,,estimate based on partial data,0.92,0.92,0.18,0.64,0.83,0.88,0.96,1.03,1.21
Opolskie,2021-01-05,,estimate based on partial data,0.92,0.92,0.19,0.62,0.82,0.88,0.96,1.03,1.23
Opolskie,2021-01-06,,estimate based on partial data,0.92,0.92,0.2,0.6,0.82,0.88,0.96,1.04,1.25
Opolskie,2021-01-07,,estimate based on partial data,0.92,0.93,0.21,0.59,0.82,0.88,0.96,1.04,1.27
Opolskie,2021-01-08,,estimate based on partial data,0.92,0.93,0.22,0.57,0.81,0.87,0.96,1.04,1.29
Opolskie,2021-01-09,,estimate based on partial data,0.92,0.93,0.24,0.56,0.81,0.87,0.96,1.04,1.31
Opolskie,2021-01-10,,estimate based on partial data,0.92,0.93,0.25,0.54,0.8,0.87,0.96,1.05,1.32
Opolskie,2021-01-11,,estimate based on partial data,0.92,0.93,0.26,0.52,0.8,0.87,0.96,1.05,1.36
Opolskie,2021-01-12,,estimate based on partial data,0.92,0.93,0.28,0.51,0.8,0.87,0.96,1.06,1.38
Opolskie,2021-01-13,,forecast,0.92,0.93,0.28,0.51,0.8,0.87,0.96,1.06,1.38
Opolskie,2021-01-14,,forecast,0.92,0.93,0.28,0.51,0.8,0.87,0.96,1.06,1.38
Opolskie,2021-01-15,,forecast,0.92,0.93,0.28,0.51,0.8,0.87,0.96,1.06,1.38
Opolskie,2021-01-16,,forecast,0.92,0.93,0.28,0.51,0.8,0.87,0.96,1.06,1.38
Opolskie,2021-01-17,,forecast,0.92,0.93,0.28,0.51,0.8,0.87,0.96,1.06,1.38
Opolskie,2021-01-18,,forecast,0.92,0.93,0.28,0.51,0.8,0.87,0.96,1.06,1.38
Opolskie,2021-01-19,,forecast,0.92,0.93,0.28,0.51,0.8,0.87,0.96,1.06,1.38
Opolskie,2021-01-20,,forecast,0.92,0.93,0.28,0.51,0.8,0.87,0.96,1.06,1.38
Opolskie,2021-01-21,,forecast,0.92,0.93,0.28,0.51,0.8,0.87,0.96,1.06,1.38
Opolskie,2021-01-22,,forecast,0.92,0.93,0.28,0.51,0.8,0.87,0.96,1.06,1.38
Opolskie,2021-01-23,,forecast,0.92,0.93,0.28,0.51,0.8,0.87,0.96,1.06,1.38
Opolskie,2021-01-24,,forecast,0.92,0.93,0.28,0.51,0.8,0.87,0.96,1.06,1.38
Opolskie,2021-01-25,,forecast,0.92,0.93,0.28,0.51,0.8,0.87,0.96,1.06,1.38
Opolskie,2021-01-26,,forecast,0.92,0.93,0.28,0.51,0.8,0.87,0.96,1.06,1.38
Opolskie,2021-01-27,,forecast,0.92,0.93,0.28,0.51,0.8,0.87,0.96,1.06,1.38
Opolskie,2021-01-28,,forecast,0.92,0.93,0.28,0.51,0.8,0.87,0.96,1.06,1.38
Opolskie,2021-01-29,,forecast,0.92,0.93,0.28,0.51,0.8,0.87,0.96,1.06,1.38
Opolskie,2021-01-30,,forecast,0.92,0.93,0.28,0.51,0.8,0.87,0.96,1.06,1.38
Opolskie,2021-01-31,,forecast,0.92,0.93,0.28,0.51,0.8,0.87,0.96,1.06,1.38
Opolskie,2021-02-01,,forecast,0.92,0.93,0.28,0.51,0.8,0.87,0.96,1.06,1.38
Opolskie,2021-02-02,,forecast,0.92,0.93,0.28,0.51,0.8,0.87,0.96,1.06,1.38
Opolskie,2021-02-03,,forecast,0.92,0.93,0.28,0.51,0.8,0.87,0.96,1.06,1.38
Opolskie,2021-02-04,,forecast,0.92,0.93,0.28,0.51,0.8,0.87,0.96,1.06,1.38
Opolskie,2021-02-05,,forecast,0.92,0.93,0.28,0.51,0.8,0.87,0.96,1.06,1.38
Opolskie,2021-02-06,,forecast,0.92,0.93,0.28,0.51,0.8,0.87,0.96,1.06,1.38
Opolskie,2021-02-07,,forecast,0.92,0.93,0.28,0.51,0.8,0.87,0.96,1.06,1.38
Opolskie,2021-02-08,,forecast,0.92,0.93,0.28,0.51,0.8,0.87,0.96,1.06,1.38
Opolskie,2021-02-09,,forecast,0.92,0.93,0.28,0.51,0.8,0.87,0.96,1.06,1.38
Opolskie,2021-02-10,,forecast,0.92,0.93,0.28,0.51,0.8,0.87,0.96,1.06,1.38
Podkarpackie,2020-10-20,,estimate,1.14,1.14,0.13,0.95,1.06,1.1,1.16,1.22,1.36
Podkarpackie,2020-10-21,,estimate,1.14,1.14,0.12,0.96,1.06,1.11,1.16,1.22,1.34
Podkarpackie,2020-10-22,,estimate,1.13,1.14,0.11,0.97,1.07,1.11,1.16,1.21,1.33
Podkarpackie,2020-10-23,,estimate,1.14,1.14,0.1,0.99,1.07,1.11,1.16,1.2,1.31
Podkarpackie,2020-10-24,,estimate,1.14,1.14,0.09,1,1.08,1.11,1.16,1.2,1.3
Podkarpackie,2020-10-25,,estimate,1.14,1.14,0.09,1.01,1.08,1.11,1.16,1.19,1.28
Podkarpackie,2020-10-26,,estimate,1.14,1.14,0.08,1.01,1.09,1.12,1.16,1.19,1.27
Podkarpackie,2020-10-27,,estimate,1.13,1.14,0.08,1.02,1.09,1.12,1.15,1.18,1.26
Podkarpackie,2020-10-28,,estimate,1.13,1.13,0.07,1.02,1.09,1.12,1.15,1.18,1.25
Podkarpackie,2020-10-29,,estimate,1.13,1.13,0.07,1.03,1.09,1.11,1.15,1.17,1.25
Podkarpackie,2020-10-30,,estimate,1.12,1.13,0.06,1.03,1.08,1.11,1.14,1.17,1.24
Podkarpackie,2020-10-31,,estimate,1.12,1.12,0.06,1.03,1.08,1.1,1.14,1.16,1.23
Podkarpackie,2020-11-01,,estimate,1.11,1.12,0.06,1.03,1.08,1.1,1.13,1.16,1.22
Podkarpackie,2020-11-02,,estimate,1.11,1.11,0.06,1.02,1.07,1.09,1.12,1.15,1.22
Podkarpackie,2020-11-03,,estimate,1.1,1.1,0.06,1.01,1.06,1.08,1.11,1.14,1.21
Podkarpackie,2020-11-04,,estimate,1.09,1.1,0.06,1.01,1.05,1.07,1.1,1.13,1.2
Podkarpackie,2020-11-05,,estimate,1.08,1.09,0.06,1,1.04,1.06,1.09,1.12,1.2
Podkarpackie,2020-11-06,,estimate,1.07,1.07,0.06,0.99,1.03,1.05,1.08,1.11,1.18
Podkarpackie,2020-11-07,,estimate,1.05,1.06,0.06,0.98,1.02,1.04,1.07,1.1,1.17
Podkarpackie,2020-11-08,,estimate,1.04,1.05,0.06,0.97,1.01,1.03,1.05,1.08,1.16
Podkarpackie,2020-11-09,,estimate,1.03,1.03,0.06,0.95,1,1.01,1.04,1.07,1.15
Podkarpackie,2020-11-10,,estimate,1.01,1.02,0.06,0.94,0.98,1,1.03,1.05,1.12
Podkarpackie,2020-11-11,,estimate,1,1,0.06,0.92,0.97,0.99,1.01,1.03,1.1
Podkarpackie,2020-11-12,,estimate,0.98,0.99,0.05,0.91,0.95,0.97,1,1.02,1.08
Podkarpackie,2020-11-13,,estimate,0.97,0.97,0.05,0.89,0.94,0.96,0.98,1,1.06
Podkarpackie,2020-11-14,,estimate,0.96,0.96,0.05,0.88,0.93,0.94,0.97,0.98,1.04
Podkarpackie,2020-11-15,,estimate,0.94,0.94,0.05,0.86,0.91,0.93,0.95,0.97,1.02
Podkarpackie,2020-11-16,,estimate,0.93,0.93,0.05,0.84,0.9,0.92,0.94,0.96,1
Podkarpackie,2020-11-17,,estimate,0.91,0.91,0.05,0.82,0.88,0.9,0.92,0.94,0.98
Podkarpackie,2020-11-18,,estimate,0.9,0.9,0.05,0.81,0.87,0.89,0.91,0.93,0.97
Podkarpackie,2020-11-19,,estimate,0.89,0.88,0.05,0.79,0.86,0.88,0.9,0.92,0.96
Podkarpackie,2020-11-20,,estimate,0.88,0.87,0.05,0.78,0.84,0.87,0.89,0.91,0.95
Podkarpackie,2020-11-21,,estimate,0.87,0.86,0.05,0.76,0.83,0.86,0.88,0.9,0.94
Podkarpackie,2020-11-22,,estimate,0.86,0.85,0.06,0.75,0.82,0.85,0.87,0.89,0.93
Podkarpackie,2020-11-23,,estimate,0.85,0.84,0.06,0.74,0.81,0.84,0.86,0.88,0.92
Podkarpackie,2020-11-24,,estimate,0.84,0.84,0.06,0.73,0.81,0.83,0.86,0.88,0.92
Podkarpackie,2020-11-25,,estimate,0.84,0.83,0.06,0.73,0.8,0.83,0.85,0.87,0.92
Podkarpackie,2020-11-26,,estimate,0.84,0.83,0.06,0.73,0.8,0.82,0.85,0.87,0.91
Podkarpackie,2020-11-27,,estimate,0.83,0.83,0.06,0.73,0.8,0.82,0.85,0.87,0.91
Podkarpackie,2020-11-28,,estimate,0.83,0.83,0.06,0.73,0.79,0.82,0.85,0.87,0.91
Podkarpackie,2020-11-29,,estimate,0.83,0.83,0.05,0.73,0.8,0.82,0.85,0.87,0.91
Podkarpackie,2020-11-30,,estimate,0.83,0.83,0.05,0.74,0.8,0.82,0.85,0.87,0.91
Podkarpackie,2020-12-01,,estimate,0.84,0.83,0.05,0.74,0.8,0.82,0.85,0.87,0.91
Podkarpackie,2020-12-02,,estimate,0.84,0.84,0.05,0.74,0.81,0.83,0.85,0.87,0.91
Podkarpackie,2020-12-03,,estimate,0.84,0.84,0.05,0.75,0.81,0.83,0.86,0.87,0.92
Podkarpackie,2020-12-04,,estimate,0.85,0.85,0.05,0.76,0.82,0.84,0.86,0.88,0.93
Podkarpackie,2020-12-05,,estimate,0.86,0.85,0.06,0.77,0.82,0.84,0.87,0.88,0.94
Podkarpackie,2020-12-06,,estimate,0.86,0.86,0.06,0.78,0.83,0.85,0.87,0.89,0.94
Podkarpackie,2020-12-07,,estimate,0.87,0.87,0.06,0.79,0.84,0.86,0.88,0.9,0.96
Podkarpackie,2020-12-08,,estimate,0.87,0.88,0.06,0.79,0.84,0.86,0.89,0.9,0.97
Podkarpackie,2020-12-09,,estimate,0.88,0.88,0.06,0.8,0.85,0.87,0.89,0.91,0.98
Podkarpackie,2020-12-10,,estimate,0.89,0.89,0.06,0.81,0.86,0.88,0.9,0.92,0.99
Podkarpackie,2020-12-11,,estimate,0.89,0.9,0.06,0.82,0.86,0.88,0.91,0.93,1
Podkarpackie,2020-12-12,,estimate,0.9,0.91,0.06,0.83,0.87,0.89,0.91,0.94,1.02
Podkarpackie,2020-12-13,,estimate,0.91,0.92,0.06,0.83,0.88,0.9,0.92,0.95,1.03
Podkarpackie,2020-12-14,,estimate,0.92,0.92,0.06,0.84,0.88,0.9,0.93,0.96,1.04
Podkarpackie,2020-12-15,,estimate,0.93,0.93,0.06,0.84,0.89,0.91,0.94,0.97,1.05
Podkarpackie,2020-12-16,,estimate,0.93,0.94,0.06,0.85,0.9,0.92,0.95,0.97,1.06
Podkarpackie,2020-12-17,,estimate,0.94,0.95,0.07,0.85,0.9,0.92,0.96,0.98,1.06
Podkarpackie,2020-12-18,,estimate,0.95,0.95,0.07,0.85,0.9,0.93,0.96,0.99,1.07
Podkarpackie,2020-12-19,,estimate,0.95,0.96,0.07,0.85,0.91,0.94,0.97,1,1.08
Podkarpackie,2020-12-20,,estimate,0.96,0.96,0.07,0.85,0.91,0.94,0.98,1,1.08
Podkarpackie,2020-12-21,,estimate,0.96,0.97,0.07,0.85,0.92,0.94,0.98,1.01,1.09
Podkarpackie,2020-12-22,,estimate,0.96,0.97,0.08,0.85,0.92,0.94,0.99,1.02,1.1
Podkarpackie,2020-12-23,,estimate,0.97,0.97,0.08,0.84,0.92,0.95,0.99,1.02,1.11
Podkarpackie,2020-12-24,,estimate,0.97,0.97,0.09,0.84,0.92,0.95,0.99,1.03,1.12
Podkarpackie,2020-12-25,,estimate,0.97,0.98,0.09,0.83,0.91,0.95,0.99,1.03,1.13
Podkarpackie,2020-12-26,,estimate based on partial data,0.97,0.98,0.1,0.82,0.91,0.95,1,1.04,1.15
Podkarpackie,2020-12-27,,estimate based on partial data,0.97,0.98,0.11,0.81,0.91,0.95,1,1.05,1.15
Podkarpackie,2020-12-28,,estimate based on partial data,0.97,0.98,0.12,0.8,0.9,0.95,1,1.05,1.17
Podkarpackie,2020-12-29,,estimate based on partial data,0.97,0.98,0.12,0.78,0.9,0.95,1,1.06,1.18
Podkarpackie,2020-12-30,,estimate based on partial data,0.97,0.98,0.14,0.76,0.89,0.94,1.01,1.06,1.2
Podkarpackie,2020-12-31,,estimate based on partial data,0.97,0.98,0.15,0.74,0.89,0.94,1.01,1.07,1.21
Podkarpackie,2021-01-01,,estimate based on partial data,0.97,0.98,0.16,0.71,0.88,0.94,1.01,1.08,1.23
Podkarpackie,2021-01-02,,estimate based on partial data,0.97,0.98,0.17,0.69,0.88,0.94,1.01,1.08,1.25
Podkarpackie,2021-01-03,,estimate based on partial data,0.97,0.98,0.18,0.67,0.87,0.94,1.01,1.09,1.27
Podkarpackie,2021-01-04,,estimate based on partial data,0.97,0.98,0.19,0.66,0.87,0.93,1.01,1.09,1.29
Podkarpackie,2021-01-05,,estimate based on partial data,0.97,0.98,0.2,0.64,0.86,0.93,1.02,1.1,1.31
Podkarpackie,2021-01-06,,estimate based on partial data,0.97,0.98,0.22,0.63,0.86,0.93,1.02,1.1,1.34
Podkarpackie,2021-01-07,,estimate based on partial data,0.97,0.98,0.23,0.61,0.85,0.92,1.02,1.11,1.36
Podkarpackie,2021-01-08,,estimate based on partial data,0.97,0.98,0.24,0.6,0.85,0.92,1.02,1.12,1.38
Podkarpackie,2021-01-09,,estimate based on partial data,0.97,0.98,0.25,0.58,0.84,0.92,1.03,1.12,1.4
Podkarpackie,2021-01-10,,estimate based on partial data,0.97,0.98,0.26,0.56,0.83,0.92,1.02,1.13,1.42
Podkarpackie,2021-01-11,,estimate based on partial data,0.97,0.99,0.28,0.56,0.83,0.92,1.03,1.13,1.44
Podkarpackie,2021-01-12,,estimate based on partial data,0.97,0.99,0.29,0.55,0.82,0.92,1.03,1.14,1.46
Podkarpackie,2021-01-13,,forecast,0.97,0.99,0.29,0.55,0.82,0.92,1.03,1.14,1.46
Podkarpackie,2021-01-14,,forecast,0.97,0.99,0.29,0.55,0.82,0.92,1.03,1.14,1.46
Podkarpackie,2021-01-15,,forecast,0.97,0.99,0.29,0.55,0.82,0.92,1.03,1.14,1.46
Podkarpackie,2021-01-16,,forecast,0.97,0.99,0.29,0.55,0.82,0.92,1.03,1.14,1.46
Podkarpackie,2021-01-17,,forecast,0.97,0.99,0.29,0.55,0.82,0.92,1.03,1.14,1.46
Podkarpackie,2021-01-18,,forecast,0.97,0.99,0.29,0.55,0.82,0.92,1.03,1.14,1.46
Podkarpackie,2021-01-19,,forecast,0.97,0.99,0.29,0.55,0.82,0.92,1.03,1.14,1.46
Podkarpackie,2021-01-20,,forecast,0.97,0.99,0.29,0.55,0.82,0.92,1.03,1.14,1.46
Podkarpackie,2021-01-21,,forecast,0.97,0.99,0.29,0.55,0.82,0.92,1.03,1.14,1.46
Podkarpackie,2021-01-22,,forecast,0.97,0.99,0.29,0.55,0.82,0.92,1.03,1.14,1.46
Podkarpackie,2021-01-23,,forecast,0.97,0.99,0.29,0.55,0.82,0.92,1.03,1.14,1.46
Podkarpackie,2021-01-24,,forecast,0.97,0.99,0.29,0.55,0.82,0.92,1.03,1.14,1.46
Podkarpackie,2021-01-25,,forecast,0.97,0.99,0.29,0.55,0.82,0.92,1.03,1.14,1.46
Podkarpackie,2021-01-26,,forecast,0.97,0.99,0.29,0.55,0.82,0.92,1.03,1.14,1.46
Podkarpackie,2021-01-27,,forecast,0.97,0.99,0.29,0.55,0.82,0.92,1.03,1.14,1.46
Podkarpackie,2021-01-28,,forecast,0.97,0.99,0.29,0.55,0.82,0.92,1.03,1.14,1.46
Podkarpackie,2021-01-29,,forecast,0.97,0.99,0.29,0.55,0.82,0.92,1.03,1.14,1.46
Podkarpackie,2021-01-30,,forecast,0.97,0.99,0.29,0.55,0.82,0.92,1.03,1.14,1.46
Podkarpackie,2021-01-31,,forecast,0.97,0.99,0.29,0.55,0.82,0.92,1.03,1.14,1.46
Podkarpackie,2021-02-01,,forecast,0.97,0.99,0.29,0.55,0.82,0.92,1.03,1.14,1.46
Podkarpackie,2021-02-02,,forecast,0.97,0.99,0.29,0.55,0.82,0.92,1.03,1.14,1.46
Podkarpackie,2021-02-03,,forecast,0.97,0.99,0.29,0.55,0.82,0.92,1.03,1.14,1.46
Podkarpackie,2021-02-04,,forecast,0.97,0.99,0.29,0.55,0.82,0.92,1.03,1.14,1.46
Podkarpackie,2021-02-05,,forecast,0.97,0.99,0.29,0.55,0.82,0.92,1.03,1.14,1.46
Podkarpackie,2021-02-06,,forecast,0.97,0.99,0.29,0.55,0.82,0.92,1.03,1.14,1.46
Podkarpackie,2021-02-07,,forecast,0.97,0.99,0.29,0.55,0.82,0.92,1.03,1.14,1.46
Podkarpackie,2021-02-08,,forecast,0.97,0.99,0.29,0.55,0.82,0.92,1.03,1.14,1.46
Podkarpackie,2021-02-09,,forecast,0.97,0.99,0.29,0.55,0.82,0.92,1.03,1.14,1.46
Podkarpackie,2021-02-10,,forecast,0.97,0.99,0.29,0.55,0.82,0.92,1.03,1.14,1.46
Podlaskie,2020-10-22,,estimate,1.16,1.18,0.15,0.97,1.08,1.13,1.2,1.27,1.45
Podlaskie,2020-10-23,,estimate,1.16,1.18,0.14,0.97,1.08,1.13,1.2,1.27,1.43
Podlaskie,2020-10-24,,estimate,1.16,1.18,0.13,0.98,1.08,1.13,1.2,1.26,1.41
Podlaskie,2020-10-25,,estimate,1.16,1.17,0.13,0.98,1.08,1.13,1.19,1.25,1.39
Podlaskie,2020-10-26,,estimate,1.16,1.17,0.12,0.98,1.08,1.13,1.19,1.25,1.38
Podlaskie,2020-10-27,,estimate,1.15,1.16,0.12,0.98,1.08,1.13,1.18,1.24,1.37
Podlaskie,2020-10-28,,estimate,1.15,1.16,0.11,0.98,1.08,1.13,1.18,1.23,1.35
Podlaskie,2020-10-29,,estimate,1.14,1.15,0.11,0.98,1.08,1.12,1.17,1.22,1.33
Podlaskie,2020-10-30,,estimate,1.14,1.14,0.1,0.99,1.07,1.12,1.16,1.21,1.32
Podlaskie,2020-10-31,,estimate,1.13,1.14,0.1,0.99,1.07,1.11,1.16,1.2,1.31
Podlaskie,2020-11-01,,estimate,1.12,1.13,0.09,0.99,1.06,1.1,1.15,1.19,1.3
Podlaskie,2020-11-02,,estimate,1.11,1.12,0.09,0.99,1.06,1.09,1.14,1.17,1.28
Podlaskie,2020-11-03,,estimate,1.1,1.11,0.08,0.98,1.05,1.09,1.13,1.16,1.26
Podlaskie,2020-11-04,,estimate,1.09,1.1,0.08,0.98,1.05,1.08,1.11,1.15,1.24
Podlaskie,2020-11-05,,estimate,1.08,1.09,0.08,0.98,1.04,1.07,1.1,1.14,1.22
Podlaskie,2020-11-06,,estimate,1.07,1.08,0.07,0.97,1.03,1.06,1.09,1.12,1.2
Podlaskie,2020-11-07,,estimate,1.06,1.07,0.07,0.97,1.02,1.05,1.08,1.11,1.18
Podlaskie,2020-11-08,,estimate,1.05,1.06,0.07,0.96,1.01,1.04,1.07,1.1,1.17
Podlaskie,2020-11-09,,estimate,1.04,1.05,0.06,0.96,1,1.03,1.06,1.08,1.15
Podlaskie,2020-11-10,,estimate,1.03,1.03,0.06,0.95,0.99,1.01,1.04,1.07,1.14
Podlaskie,2020-11-11,,estimate,1.02,1.02,0.06,0.93,0.98,1,1.03,1.06,1.13
Podlaskie,2020-11-12,,estimate,1.01,1.01,0.06,0.92,0.98,1,1.02,1.05,1.11
Podlaskie,2020-11-13,,estimate,1,1,0.06,0.91,0.97,0.99,1.01,1.03,1.1
Podlaskie,2020-11-14,,estimate,0.99,0.99,0.06,0.9,0.96,0.98,1,1.02,1.08
Podlaskie,2020-11-15,,estimate,0.98,0.98,0.06,0.89,0.95,0.97,0.99,1.01,1.07
Podlaskie,2020-11-16,,estimate,0.97,0.97,0.06,0.88,0.94,0.96,0.99,1,1.06
Podlaskie,2020-11-17,,estimate,0.97,0.96,0.06,0.86,0.93,0.95,0.98,1,1.05
Podlaskie,2020-11-18,,estimate,0.96,0.95,0.06,0.85,0.92,0.95,0.97,0.99,1.04
Podlaskie,2020-11-19,,estimate,0.95,0.95,0.06,0.84,0.91,0.94,0.96,0.98,1.03
Podlaskie,2020-11-20,,estimate,0.95,0.94,0.06,0.83,0.9,0.93,0.96,0.98,1.02
Podlaskie,2020-11-21,,estimate,0.94,0.93,0.06,0.83,0.9,0.92,0.95,0.97,1.02
Podlaskie,2020-11-22,,estimate,0.93,0.93,0.06,0.82,0.89,0.92,0.95,0.97,1.01
Podlaskie,2020-11-23,,estimate,0.93,0.92,0.06,0.81,0.88,0.91,0.94,0.96,1.01
Podlaskie,2020-11-24,,estimate,0.92,0.92,0.06,0.8,0.88,0.91,0.94,0.96,1
Podlaskie,2020-11-25,,estimate,0.92,0.91,0.06,0.8,0.87,0.9,0.93,0.96,1
Podlaskie,2020-11-26,,estimate,0.92,0.91,0.06,0.79,0.87,0.9,0.93,0.95,1
Podlaskie,2020-11-27,,estimate,0.91,0.91,0.07,0.79,0.87,0.9,0.93,0.95,0.99
Podlaskie,2020-11-28,,estimate,0.91,0.9,0.07,0.79,0.86,0.89,0.93,0.95,0.99
Podlaskie,2020-11-29,,estimate,0.91,0.9,0.06,0.78,0.86,0.89,0.93,0.95,0.99
Podlaskie,2020-11-30,,estimate,0.91,0.9,0.06,0.79,0.86,0.89,0.92,0.94,0.99
Podlaskie,2020-12-01,,estimate,0.91,0.9,0.06,0.79,0.86,0.89,0.92,0.94,0.99
Podlaskie,2020-12-02,,estimate,0.91,0.9,0.06,0.79,0.86,0.89,0.92,0.94,0.99
Podlaskie,2020-12-03,,estimate,0.91,0.9,0.06,0.79,0.87,0.89,0.92,0.94,0.99
Podlaskie,2020-12-04,,estimate,0.91,0.9,0.06,0.79,0.87,0.89,0.92,0.94,0.99
Podlaskie,2020-12-05,,estimate,0.91,0.9,0.06,0.8,0.87,0.9,0.92,0.94,0.99
Podlaskie,2020-12-06,,estimate,0.91,0.91,0.06,0.8,0.87,0.9,0.92,0.94,0.99
Podlaskie,2020-12-07,,estimate,0.91,0.91,0.06,0.81,0.88,0.9,0.93,0.95,1
Podlaskie,2020-12-08,,estimate,0.92,0.91,0.06,0.82,0.88,0.9,0.93,0.95,1
Podlaskie,2020-12-09,,estimate,0.92,0.92,0.06,0.82,0.88,0.91,0.93,0.95,1
Podlaskie,2020-12-10,,estimate,0.92,0.92,0.06,0.83,0.89,0.91,0.94,0.96,1.01
Podlaskie,2020-12-11,,estimate,0.93,0.93,0.06,0.83,0.89,0.91,0.94,0.96,1.02
Podlaskie,2020-12-12,,estimate,0.93,0.93,0.06,0.84,0.9,0.92,0.94,0.96,1.03
Podlaskie,2020-12-13,,estimate,0.93,0.94,0.06,0.84,0.9,0.92,0.95,0.97,1.03
Podlaskie,2020-12-14,,estimate,0.94,0.94,0.06,0.85,0.9,0.93,0.95,0.97,1.04
Podlaskie,2020-12-15,,estimate,0.94,0.95,0.06,0.85,0.91,0.93,0.96,0.98,1.05
Podlaskie,2020-12-16,,estimate,0.95,0.95,0.06,0.85,0.91,0.93,0.96,0.98,1.06
Podlaskie,2020-12-17,,estimate,0.95,0.96,0.07,0.85,0.91,0.94,0.97,0.99,1.07
Podlaskie,2020-12-18,,estimate,0.96,0.96,0.07,0.85,0.92,0.94,0.97,1,1.08
Podlaskie,2020-12-19,,estimate,0.96,0.97,0.08,0.85,0.92,0.94,0.98,1.01,1.1
Podlaskie,2020-12-20,,estimate,0.97,0.97,0.08,0.85,0.92,0.95,0.98,1.01,1.11
Podlaskie,2020-12-21,,estimate,0.97,0.97,0.09,0.85,0.92,0.95,0.99,1.02,1.12
Podlaskie,2020-12-22,,estimate,0.97,0.98,0.09,0.84,0.92,0.95,0.99,1.03,1.13
Podlaskie,2020-12-23,,estimate,0.97,0.98,0.1,0.84,0.92,0.95,0.99,1.04,1.15
Podlaskie,2020-12-24,,estimate,0.97,0.98,0.1,0.83,0.92,0.95,1,1.04,1.16
Podlaskie,2020-12-25,,estimate,0.98,0.99,0.11,0.82,0.92,0.96,1,1.05,1.18
Podlaskie,2020-12-26,,estimate based on partial data,0.98,0.99,0.12,0.82,0.92,0.96,1,1.05,1.19
Podlaskie,2020-12-27,,estimate based on partial data,0.98,0.99,0.12,0.81,0.92,0.96,1,1.06,1.21
Podlaskie,2020-12-28,,estimate based on partial data,0.98,0.99,0.13,0.79,0.91,0.95,1.01,1.06,1.23
Podlaskie,2020-12-29,,estimate based on partial data,0.98,0.99,0.14,0.78,0.91,0.95,1.01,1.07,1.24
Podlaskie,2020-12-30,,estimate based on partial data,0.98,1,0.15,0.77,0.91,0.95,1.01,1.07,1.26
Podlaskie,2020-12-31,,estimate based on partial data,0.98,1,0.16,0.76,0.9,0.95,1.01,1.08,1.28
Podlaskie,2021-01-01,,estimate based on partial data,0.98,1,0.17,0.75,0.9,0.95,1.02,1.09,1.3
Podlaskie,2021-01-02,,estimate based on partial data,0.98,1,0.18,0.73,0.89,0.95,1.02,1.09,1.32
Podlaskie,2021-01-03,,estimate based on partial data,0.98,1,0.19,0.72,0.89,0.95,1.02,1.1,1.35
Podlaskie,2021-01-04,,estimate based on partial data,0.98,1,0.21,0.7,0.88,0.95,1.02,1.1,1.36
Podlaskie,2021-01-05,,estimate based on partial data,0.98,1,0.22,0.69,0.88,0.95,1.03,1.11,1.38
Podlaskie,2021-01-06,,estimate based on partial data,0.98,1.01,0.23,0.67,0.88,0.94,1.03,1.11,1.39
Podlaskie,2021-01-07,,estimate based on partial data,0.98,1.01,0.25,0.66,0.87,0.94,1.03,1.12,1.42
Podlaskie,2021-01-08,,estimate based on partial data,0.99,1.01,0.26,0.64,0.87,0.94,1.03,1.12,1.44
Podlaskie,2021-01-09,,estimate based on partial data,0.98,1.01,0.28,0.62,0.87,0.95,1.03,1.13,1.46
Podlaskie,2021-01-10,,estimate based on partial data,0.98,1.02,0.3,0.61,0.86,0.94,1.03,1.13,1.48
Podlaskie,2021-01-11,,estimate based on partial data,0.98,1.02,0.31,0.6,0.86,0.94,1.03,1.14,1.5
Podlaskie,2021-01-12,,estimate based on partial data,0.98,1.02,0.33,0.59,0.85,0.94,1.04,1.14,1.52
Podlaskie,2021-01-13,,forecast,0.98,1.02,0.33,0.59,0.85,0.94,1.04,1.14,1.52
Podlaskie,2021-01-14,,forecast,0.98,1.02,0.33,0.59,0.85,0.94,1.04,1.14,1.52
Podlaskie,2021-01-15,,forecast,0.98,1.02,0.33,0.59,0.85,0.94,1.04,1.14,1.52
Podlaskie,2021-01-16,,forecast,0.98,1.02,0.33,0.59,0.85,0.94,1.04,1.14,1.52
Podlaskie,2021-01-17,,forecast,0.98,1.02,0.33,0.59,0.85,0.94,1.04,1.14,1.52
Podlaskie,2021-01-18,,forecast,0.98,1.02,0.33,0.59,0.85,0.94,1.04,1.14,1.52
Podlaskie,2021-01-19,,forecast,0.98,1.02,0.33,0.59,0.85,0.94,1.04,1.14,1.52
Podlaskie,2021-01-20,,forecast,0.98,1.02,0.33,0.59,0.85,0.94,1.04,1.14,1.52
Podlaskie,2021-01-21,,forecast,0.98,1.02,0.33,0.59,0.85,0.94,1.04,1.14,1.52
Podlaskie,2021-01-22,,forecast,0.98,1.02,0.33,0.59,0.85,0.94,1.04,1.14,1.52
Podlaskie,2021-01-23,,forecast,0.98,1.02,0.33,0.59,0.85,0.94,1.04,1.14,1.52
Podlaskie,2021-01-24,,forecast,0.98,1.02,0.33,0.59,0.85,0.94,1.04,1.14,1.52
Podlaskie,2021-01-25,,forecast,0.98,1.02,0.33,0.59,0.85,0.94,1.04,1.14,1.52
Podlaskie,2021-01-26,,forecast,0.98,1.02,0.33,0.59,0.85,0.94,1.04,1.14,1.52
Podlaskie,2021-01-27,,forecast,0.98,1.02,0.33,0.59,0.85,0.94,1.04,1.14,1.52
Podlaskie,2021-01-28,,forecast,0.98,1.02,0.33,0.59,0.85,0.94,1.04,1.14,1.52
Podlaskie,2021-01-29,,forecast,0.98,1.02,0.33,0.59,0.85,0.94,1.04,1.14,1.52
Podlaskie,2021-01-30,,forecast,0.98,1.02,0.33,0.59,0.85,0.94,1.04,1.14,1.52
Podlaskie,2021-01-31,,forecast,0.98,1.02,0.33,0.59,0.85,0.94,1.04,1.14,1.52
Podlaskie,2021-02-01,,forecast,0.98,1.02,0.33,0.59,0.85,0.94,1.04,1.14,1.52
Podlaskie,2021-02-02,,forecast,0.98,1.02,0.33,0.59,0.85,0.94,1.04,1.14,1.52
Podlaskie,2021-02-03,,forecast,0.98,1.02,0.33,0.59,0.85,0.94,1.04,1.14,1.52
Podlaskie,2021-02-04,,forecast,0.98,1.02,0.33,0.59,0.85,0.94,1.04,1.14,1.52
Podlaskie,2021-02-05,,forecast,0.98,1.02,0.33,0.59,0.85,0.94,1.04,1.14,1.52
Podlaskie,2021-02-06,,forecast,0.98,1.02,0.33,0.59,0.85,0.94,1.04,1.14,1.52
Podlaskie,2021-02-07,,forecast,0.98,1.02,0.33,0.59,0.85,0.94,1.04,1.14,1.52
Podlaskie,2021-02-08,,forecast,0.98,1.02,0.33,0.59,0.85,0.94,1.04,1.14,1.52
Podlaskie,2021-02-09,,forecast,0.98,1.02,0.33,0.59,0.85,0.94,1.04,1.14,1.52
Podlaskie,2021-02-10,,forecast,0.98,1.02,0.33,0.59,0.85,0.94,1.04,1.14,1.52
Poland,2020-10-20,,estimate,1.23,1.23,0.11,1.06,1.16,1.2,1.26,1.3,1.43
Poland,2020-10-21,,estimate,1.23,1.23,0.1,1.07,1.16,1.2,1.25,1.3,1.41
Poland,2020-10-22,,estimate,1.23,1.23,0.09,1.08,1.16,1.2,1.25,1.29,1.39
Poland,2020-10-23,,estimate,1.22,1.22,0.09,1.09,1.16,1.2,1.24,1.28,1.37
Poland,2020-10-24,,estimate,1.22,1.22,0.08,1.09,1.17,1.2,1.23,1.27,1.35
Poland,2020-10-25,,estimate,1.21,1.21,0.07,1.1,1.17,1.19,1.23,1.26,1.34
Poland,2020-10-26,,estimate,1.2,1.21,0.07,1.1,1.16,1.19,1.22,1.25,1.32
Poland,2020-10-27,,estimate,1.2,1.2,0.06,1.1,1.16,1.18,1.21,1.24,1.31
Poland,2020-10-28,,estimate,1.19,1.19,0.06,1.1,1.15,1.18,1.2,1.23,1.29
Poland,2020-10-29,,estimate,1.18,1.18,0.05,1.1,1.15,1.17,1.19,1.22,1.28
Poland,2020-10-30,,estimate,1.17,1.17,0.05,1.1,1.14,1.16,1.18,1.21,1.26
Poland,2020-10-31,,estimate,1.16,1.16,0.05,1.09,1.13,1.15,1.17,1.19,1.25
Poland,2020-11-01,,estimate,1.15,1.15,0.05,1.08,1.12,1.14,1.16,1.18,1.23
Poland,2020-11-02,,estimate,1.14,1.14,0.04,1.08,1.11,1.13,1.15,1.17,1.22
Poland,2020-11-03,,estimate,1.13,1.13,0.04,1.07,1.1,1.12,1.14,1.15,1.2
Poland,2020-11-04,,estimate,1.11,1.12,0.04,1.06,1.09,1.1,1.12,1.14,1.19
Poland,2020-11-05,,estimate,1.1,1.1,0.04,1.04,1.08,1.09,1.11,1.13,1.17
Poland,2020-11-06,,estimate,1.09,1.09,0.04,1.03,1.06,1.08,1.1,1.12,1.16
Poland,2020-11-07,,estimate,1.08,1.08,0.04,1.02,1.05,1.07,1.08,1.1,1.14
Poland,2020-11-08,,estimate,1.06,1.06,0.04,1,1.04,1.05,1.07,1.09,1.13
Poland,2020-11-09,,estimate,1.05,1.05,0.04,0.99,1.03,1.04,1.06,1.08,1.12
Poland,2020-11-10,,estimate,1.04,1.04,0.04,0.97,1.01,1.03,1.05,1.06,1.11
Poland,2020-11-11,,estimate,1.03,1.03,0.04,0.96,1,1.02,1.04,1.05,1.09
Poland,2020-11-12,,estimate,1.02,1.01,0.04,0.95,0.99,1.01,1.02,1.04,1.08
Poland,2020-11-13,,estimate,1,1,0.04,0.94,0.98,0.99,1.01,1.03,1.07
Poland,2020-11-14,,estimate,0.99,0.99,0.04,0.93,0.97,0.98,1,1.02,1.06
Poland,2020-11-15,,estimate,0.98,0.98,0.04,0.92,0.96,0.97,0.99,1.01,1.05
Poland,2020-11-16,,estimate,0.97,0.97,0.04,0.91,0.95,0.96,0.98,0.99,1.03
Poland,2020-11-17,,estimate,0.96,0.96,0.04,0.9,0.94,0.95,0.97,0.99,1.02
Poland,2020-11-18,,estimate,0.95,0.95,0.04,0.89,0.93,0.95,0.96,0.98,1.01
Poland,2020-11-19,,estimate,0.94,0.94,0.04,0.88,0.92,0.94,0.95,0.97,1
Poland,2020-11-20,,estimate,0.94,0.94,0.04,0.88,0.92,0.93,0.95,0.96,1
Poland,2020-11-21,,estimate,0.93,0.93,0.04,0.87,0.91,0.92,0.94,0.95,0.99
Poland,2020-11-22,,estimate,0.92,0.92,0.04,0.87,0.9,0.91,0.93,0.94,0.98
Poland,2020-11-23,,estimate,0.92,0.92,0.04,0.86,0.89,0.91,0.93,0.94,0.98
Poland,2020-11-24,,estimate,0.91,0.91,0.04,0.85,0.89,0.9,0.92,0.93,0.97
Poland,2020-11-25,,estimate,0.91,0.91,0.04,0.85,0.88,0.9,0.92,0.93,0.97
Poland,2020-11-26,,estimate,0.9,0.9,0.04,0.84,0.88,0.89,0.91,0.92,0.96
Poland,2020-11-27,,estimate,0.9,0.9,0.04,0.84,0.87,0.89,0.91,0.92,0.96
Poland,2020-11-28,,estimate,0.89,0.89,0.04,0.83,0.87,0.88,0.9,0.92,0.96
Poland,2020-11-29,,estimate,0.89,0.89,0.04,0.83,0.87,0.88,0.9,0.91,0.96
Poland,2020-11-30,,estimate,0.89,0.89,0.04,0.82,0.86,0.88,0.9,0.91,0.95
Poland,2020-12-01,,estimate,0.89,0.89,0.04,0.82,0.86,0.88,0.9,0.91,0.95
Poland,2020-12-02,,estimate,0.88,0.88,0.04,0.82,0.86,0.88,0.89,0.91,0.95
Poland,2020-12-03,,estimate,0.88,0.88,0.04,0.82,0.86,0.87,0.89,0.91,0.95
Poland,2020-12-04,,estimate,0.88,0.88,0.04,0.82,0.86,0.88,0.89,0.91,0.95
Poland,2020-12-05,,estimate,0.88,0.88,0.04,0.82,0.86,0.88,0.89,0.91,0.95
Poland,2020-12-06,,estimate,0.89,0.89,0.04,0.82,0.86,0.88,0.9,0.91,0.95
Poland,2020-12-07,,estimate,0.89,0.89,0.04,0.82,0.86,0.88,0.9,0.91,0.95
Poland,2020-12-08,,estimate,0.89,0.89,0.04,0.82,0.86,0.88,0.9,0.92,0.96
Poland,2020-12-09,,estimate,0.9,0.89,0.04,0.82,0.87,0.89,0.9,0.92,0.96
Poland,2020-12-10,,estimate,0.9,0.9,0.04,0.83,0.87,0.89,0.91,0.92,0.96
Poland,2020-12-11,,estimate,0.91,0.9,0.04,0.83,0.88,0.89,0.91,0.93,0.97
Poland,2020-12-12,,estimate,0.91,0.91,0.04,0.84,0.88,0.9,0.92,0.94,0.97
Poland,2020-12-13,,estimate,0.92,0.92,0.04,0.84,0.89,0.91,0.93,0.94,0.98
Poland,2020-12-14,,estimate,0.93,0.92,0.04,0.85,0.9,0.92,0.93,0.95,0.99
Poland,2020-12-15,,estimate,0.93,0.93,0.04,0.86,0.91,0.92,0.94,0.96,1
Poland,2020-12-16,,estimate,0.94,0.94,0.04,0.87,0.92,0.93,0.95,0.97,1.01
Poland,2020-12-17,,estimate,0.95,0.95,0.04,0.88,0.93,0.94,0.96,0.98,1.02
Poland,2020-12-18,,estimate,0.96,0.96,0.04,0.89,0.93,0.95,0.97,0.99,1.03
Poland,2020-12-19,,estimate,0.97,0.97,0.05,0.9,0.94,0.96,0.98,1,1.05
Poland,2020-12-20,,estimate,0.98,0.98,0.05,0.91,0.95,0.97,0.99,1.01,1.06
Poland,2020-12-21,,estimate,0.99,1,0.05,0.92,0.96,0.98,1,1.03,1.07
Poland,2020-12-22,,estimate,1.01,1.01,0.05,0.93,0.98,0.99,1.02,1.04,1.09
Poland,2020-12-23,,estimate,1.02,1.02,0.05,0.94,0.99,1.01,1.03,1.05,1.11
Poland,2020-12-24,,estimate,1.03,1.03,0.06,0.94,0.99,1.02,1.05,1.07,1.13
Poland,2020-12-25,,estimate,1.04,1.05,0.06,0.95,1,1.03,1.06,1.09,1.15
Poland,2020-12-26,,estimate based on partial data,1.06,1.06,0.07,0.95,1.01,1.04,1.07,1.1,1.18
Poland,2020-12-27,,estimate based on partial data,1.07,1.07,0.08,0.95,1.02,1.05,1.09,1.12,1.2
Poland,2020-12-28,,estimate based on partial data,1.08,1.08,0.08,0.95,1.02,1.06,1.1,1.14,1.23
Poland,2020-12-29,,estimate based on partial data,1.09,1.09,0.09,0.95,1.03,1.06,1.11,1.16,1.25
Poland,2020-12-30,,estimate based on partial data,1.1,1.11,0.1,0.94,1.03,1.07,1.13,1.17,1.28
Poland,2020-12-31,,estimate based on partial data,1.11,1.12,0.12,0.94,1.04,1.07,1.14,1.19,1.31
Poland,2021-01-01,,estimate based on partial data,1.11,1.13,0.13,0.93,1.04,1.08,1.15,1.21,1.35
Poland,2021-01-02,,estimate based on partial data,1.12,1.14,0.14,0.93,1.04,1.09,1.16,1.23,1.38
Poland,2021-01-03,,estimate based on partial data,1.13,1.15,0.16,0.92,1.04,1.09,1.17,1.24,1.43
Poland,2021-01-04,,estimate based on partial data,1.13,1.16,0.17,0.92,1.04,1.09,1.18,1.26,1.47
Poland,2021-01-05,,estimate based on partial data,1.14,1.16,0.19,0.91,1.03,1.09,1.19,1.27,1.51
Poland,2021-01-06,,estimate based on partial data,1.14,1.17,0.21,0.9,1.03,1.09,1.19,1.29,1.55
Poland,2021-01-07,,estimate based on partial data,1.14,1.18,0.22,0.88,1.03,1.1,1.2,1.3,1.58
Poland,2021-01-08,,estimate based on partial data,1.15,1.19,0.24,0.87,1.03,1.1,1.21,1.31,1.63
Poland,2021-01-09,,estimate based on partial data,1.15,1.2,0.26,0.86,1.03,1.1,1.21,1.32,1.67
Poland,2021-01-10,,estimate based on partial data,1.15,1.2,0.28,0.85,1.02,1.1,1.21,1.34,1.72
Poland,2021-01-11,,estimate based on partial data,1.15,1.21,0.31,0.83,1.02,1.1,1.22,1.35,1.76
Poland,2021-01-12,,estimate based on partial data,1.16,1.22,0.33,0.82,1.01,1.1,1.22,1.35,1.8
Poland,2021-01-13,,forecast,1.16,1.22,0.33,0.82,1.01,1.1,1.22,1.35,1.8
Poland,2021-01-14,,forecast,1.16,1.22,0.33,0.82,1.01,1.1,1.22,1.35,1.8
Poland,2021-01-15,,forecast,1.16,1.22,0.33,0.82,1.01,1.1,1.22,1.35,1.8
Poland,2021-01-16,,forecast,1.16,1.22,0.33,0.82,1.01,1.1,1.22,1.35,1.8
Poland,2021-01-17,,forecast,1.16,1.22,0.33,0.82,1.01,1.1,1.22,1.35,1.8
Poland,2021-01-18,,forecast,1.16,1.22,0.33,0.82,1.01,1.1,1.22,1.35,1.8
Poland,2021-01-19,,forecast,1.16,1.22,0.33,0.82,1.01,1.1,1.22,1.35,1.8
Poland,2021-01-20,,forecast,1.16,1.22,0.33,0.82,1.01,1.1,1.22,1.35,1.8
Poland,2021-01-21,,forecast,1.16,1.22,0.33,0.82,1.01,1.1,1.22,1.35,1.8
Poland,2021-01-22,,forecast,1.16,1.22,0.33,0.82,1.01,1.1,1.22,1.35,1.8
Poland,2021-01-23,,forecast,1.16,1.22,0.33,0.82,1.01,1.1,1.22,1.35,1.8
Poland,2021-01-24,,forecast,1.16,1.22,0.33,0.82,1.01,1.1,1.22,1.35,1.8
Poland,2021-01-25,,forecast,1.16,1.22,0.33,0.82,1.01,1.1,1.22,1.35,1.8
Poland,2021-01-26,,forecast,1.16,1.22,0.33,0.82,1.01,1.1,1.22,1.35,1.8
Poland,2021-01-27,,forecast,1.16,1.22,0.33,0.82,1.01,1.1,1.22,1.35,1.8
Poland,2021-01-28,,forecast,1.16,1.22,0.33,0.82,1.01,1.1,1.22,1.35,1.8
Poland,2021-01-29,,forecast,1.16,1.22,0.33,0.82,1.01,1.1,1.22,1.35,1.8
Poland,2021-01-30,,forecast,1.16,1.22,0.33,0.82,1.01,1.1,1.22,1.35,1.8
Poland,2021-01-31,,forecast,1.16,1.22,0.33,0.82,1.01,1.1,1.22,1.35,1.8
Poland,2021-02-01,,forecast,1.16,1.22,0.33,0.82,1.01,1.1,1.22,1.35,1.8
Poland,2021-02-02,,forecast,1.16,1.22,0.33,0.82,1.01,1.1,1.22,1.35,1.8
Poland,2021-02-03,,forecast,1.16,1.22,0.33,0.82,1.01,1.1,1.22,1.35,1.8
Poland,2021-02-04,,forecast,1.16,1.22,0.33,0.82,1.01,1.1,1.22,1.35,1.8
Poland,2021-02-05,,forecast,1.16,1.22,0.33,0.82,1.01,1.1,1.22,1.35,1.8
Poland,2021-02-06,,forecast,1.16,1.22,0.33,0.82,1.01,1.1,1.22,1.35,1.8
Poland,2021-02-07,,forecast,1.16,1.22,0.33,0.82,1.01,1.1,1.22,1.35,1.8
Poland,2021-02-08,,forecast,1.16,1.22,0.33,0.82,1.01,1.1,1.22,1.35,1.8
Poland,2021-02-09,,forecast,1.16,1.22,0.33,0.82,1.01,1.1,1.22,1.35,1.8
Poland,2021-02-10,,forecast,1.16,1.22,0.33,0.82,1.01,1.1,1.22,1.35,1.8
Pomorskie,2020-10-20,,estimate,1.12,1.12,0.15,0.89,1.02,1.08,1.16,1.23,1.37
Pomorskie,2020-10-21,,estimate,1.12,1.12,0.14,0.91,1.03,1.08,1.16,1.21,1.35
Pomorskie,2020-10-22,,estimate,1.12,1.12,0.12,0.92,1.03,1.09,1.15,1.2,1.33
Pomorskie,2020-10-23,,estimate,1.12,1.12,0.11,0.94,1.04,1.09,1.15,1.2,1.31
Pomorskie,2020-10-24,,estimate,1.12,1.12,0.11,0.95,1.05,1.09,1.15,1.19,1.3
Pomorskie,2020-10-25,,estimate,1.12,1.12,0.1,0.96,1.05,1.1,1.15,1.19,1.29
Pomorskie,2020-10-26,,estimate,1.12,1.12,0.09,0.97,1.06,1.1,1.14,1.19,1.28
Pomorskie,2020-10-27,,estimate,1.12,1.13,0.09,0.99,1.07,1.1,1.15,1.18,1.27
Pomorskie,2020-10-28,,estimate,1.13,1.13,0.08,0.99,1.07,1.11,1.15,1.18,1.26
Pomorskie,2020-10-29,,estimate,1.13,1.13,0.08,1,1.08,1.11,1.15,1.18,1.26
Pomorskie,2020-10-30,,estimate,1.13,1.13,0.08,1.01,1.08,1.11,1.15,1.18,1.26
Pomorskie,2020-10-31,,estimate,1.13,1.13,0.07,1.01,1.09,1.11,1.15,1.18,1.25
Pomorskie,2020-11-01,,estimate,1.13,1.13,0.07,1.02,1.09,1.12,1.15,1.18,1.25
Pomorskie,2020-11-02,,estimate,1.13,1.14,0.07,1.02,1.09,1.12,1.15,1.18,1.25
Pomorskie,2020-11-03,,estimate,1.13,1.14,0.07,1.03,1.09,1.12,1.15,1.18,1.25
Pomorskie,2020-11-04,,estimate,1.13,1.14,0.07,1.03,1.09,1.12,1.15,1.18,1.26
Pomorskie,2020-11-05,,estimate,1.13,1.14,0.07,1.03,1.09,1.12,1.15,1.18,1.26
Pomorskie,2020-11-06,,estimate,1.13,1.13,0.07,1.02,1.09,1.11,1.15,1.18,1.26
Pomorskie,2020-11-07,,estimate,1.13,1.13,0.07,1.02,1.08,1.11,1.14,1.17,1.26
Pomorskie,2020-11-08,,estimate,1.12,1.13,0.08,1.02,1.08,1.1,1.14,1.17,1.25
Pomorskie,2020-11-09,,estimate,1.11,1.12,0.08,1.01,1.07,1.1,1.13,1.16,1.25
Pomorskie,2020-11-10,,estimate,1.11,1.11,0.08,1,1.06,1.09,1.12,1.15,1.24
Pomorskie,2020-11-11,,estimate,1.1,1.1,0.07,1,1.05,1.08,1.12,1.15,1.24
Pomorskie,2020-11-12,,estimate,1.09,1.09,0.07,0.99,1.04,1.07,1.1,1.13,1.22
Pomorskie,2020-11-13,,estimate,1.08,1.08,0.07,0.98,1.03,1.06,1.09,1.12,1.21
Pomorskie,2020-11-14,,estimate,1.06,1.07,0.07,0.97,1.02,1.04,1.08,1.11,1.2
Pomorskie,2020-11-15,,estimate,1.05,1.05,0.07,0.95,1,1.03,1.06,1.09,1.18
Pomorskie,2020-11-16,,estimate,1.03,1.04,0.07,0.94,0.99,1.01,1.05,1.08,1.16
Pomorskie,2020-11-17,,estimate,1.01,1.02,0.07,0.92,0.97,1,1.03,1.06,1.14
Pomorskie,2020-11-18,,estimate,1,1,0.07,0.91,0.96,0.98,1.01,1.04,1.12
Pomorskie,2020-11-19,,estimate,0.98,0.99,0.07,0.89,0.94,0.97,1,1.02,1.1
Pomorskie,2020-11-20,,estimate,0.97,0.97,0.07,0.87,0.92,0.95,0.98,1.01,1.08
Pomorskie,2020-11-21,,estimate,0.95,0.95,0.07,0.85,0.91,0.93,0.96,0.99,1.06
Pomorskie,2020-11-22,,estimate,0.93,0.93,0.06,0.83,0.89,0.92,0.95,0.97,1.04
Pomorskie,2020-11-23,,estimate,0.92,0.92,0.06,0.81,0.88,0.9,0.93,0.96,1.02
Pomorskie,2020-11-24,,estimate,0.9,0.9,0.06,0.8,0.86,0.89,0.92,0.94,1
Pomorskie,2020-11-25,,estimate,0.89,0.89,0.06,0.78,0.85,0.88,0.91,0.93,0.98
Pomorskie,2020-11-26,,estimate,0.88,0.88,0.06,0.77,0.84,0.86,0.89,0.92,0.97
Pomorskie,2020-11-27,,estimate,0.87,0.86,0.06,0.76,0.83,0.85,0.88,0.9,0.96
Pomorskie,2020-11-28,,estimate,0.86,0.85,0.06,0.75,0.82,0.84,0.87,0.89,0.95
Pomorskie,2020-11-29,,estimate,0.85,0.85,0.06,0.74,0.81,0.84,0.86,0.89,0.94
Pomorskie,2020-11-30,,estimate,0.84,0.84,0.06,0.74,0.8,0.83,0.86,0.88,0.94
Pomorskie,2020-12-01,,estimate,0.84,0.84,0.06,0.73,0.8,0.82,0.85,0.88,0.93
Pomorskie,2020-12-02,,estimate,0.84,0.84,0.06,0.73,0.8,0.82,0.85,0.88,0.93
Pomorskie,2020-12-03,,estimate,0.84,0.84,0.06,0.73,0.8,0.82,0.85,0.88,0.93
Pomorskie,2020-12-04,,estimate,0.84,0.84,0.06,0.73,0.8,0.82,0.85,0.88,0.94
Pomorskie,2020-12-05,,estimate,0.84,0.84,0.06,0.73,0.8,0.83,0.86,0.88,0.94
Pomorskie,2020-12-06,,estimate,0.85,0.85,0.06,0.74,0.81,0.83,0.86,0.89,0.95
Pomorskie,2020-12-07,,estimate,0.86,0.85,0.07,0.74,0.81,0.84,0.87,0.9,0.96
Pomorskie,2020-12-08,,estimate,0.86,0.86,0.07,0.75,0.82,0.85,0.88,0.91,0.97
Pomorskie,2020-12-09,,estimate,0.88,0.87,0.07,0.76,0.83,0.86,0.89,0.92,0.98
Pomorskie,2020-12-10,,estimate,0.89,0.89,0.07,0.77,0.84,0.87,0.91,0.93,1
Pomorskie,2020-12-11,,estimate,0.9,0.9,0.07,0.78,0.86,0.89,0.92,0.95,1.01
Pomorskie,2020-12-12,,estimate,0.92,0.92,0.07,0.8,0.87,0.9,0.94,0.96,1.03
Pomorskie,2020-12-13,,estimate,0.94,0.94,0.07,0.82,0.89,0.92,0.95,0.98,1.05
Pomorskie,2020-12-14,,estimate,0.96,0.96,0.08,0.83,0.91,0.94,0.97,1,1.07
Pomorskie,2020-12-15,,estimate,0.98,0.98,0.08,0.85,0.93,0.96,0.99,1.02,1.09
Pomorskie,2020-12-16,,estimate,1,1,0.08,0.88,0.95,0.98,1.02,1.05,1.12
Pomorskie,2020-12-17,,estimate,1.02,1.02,0.08,0.9,0.97,1.01,1.04,1.07,1.15
Pomorskie,2020-12-18,,estimate,1.05,1.05,0.08,0.92,1,1.03,1.06,1.1,1.18
Pomorskie,2020-12-19,,estimate,1.07,1.08,0.08,0.95,1.03,1.06,1.09,1.13,1.21
Pomorskie,2020-12-20,,estimate,1.1,1.1,0.08,0.98,1.05,1.08,1.12,1.15,1.24
Pomorskie,2020-12-21,,estimate,1.13,1.13,0.08,1,1.08,1.11,1.15,1.18,1.27
Pomorskie,2020-12-22,,estimate,1.16,1.16,0.09,1.03,1.11,1.14,1.18,1.22,1.31
Pomorskie,2020-12-23,,estimate,1.19,1.2,0.09,1.06,1.14,1.17,1.22,1.25,1.35
Pomorskie,2020-12-24,,estimate,1.22,1.23,0.09,1.08,1.17,1.2,1.25,1.29,1.39
Pomorskie,2020-12-25,,estimate,1.26,1.26,0.1,1.1,1.2,1.24,1.28,1.32,1.43
Pomorskie,2020-12-26,,estimate based on partial data,1.29,1.3,0.11,1.12,1.23,1.27,1.32,1.36,1.48
Pomorskie,2020-12-27,,estimate based on partial data,1.33,1.33,0.12,1.14,1.25,1.3,1.36,1.4,1.53
Pomorskie,2020-12-28,,estimate based on partial data,1.37,1.37,0.13,1.15,1.28,1.34,1.4,1.45,1.58
Pomorskie,2020-12-29,,estimate based on partial data,1.4,1.4,0.15,1.16,1.31,1.37,1.44,1.5,1.65
Pomorskie,2020-12-30,,estimate based on partial data,1.44,1.44,0.17,1.16,1.32,1.4,1.48,1.55,1.72
Pomorskie,2020-12-31,,estimate based on partial data,1.47,1.47,0.2,1.16,1.34,1.43,1.52,1.6,1.79
Pomorskie,2021-01-01,,estimate based on partial data,1.5,1.51,0.23,1.15,1.35,1.45,1.56,1.66,1.89
Pomorskie,2021-01-02,,estimate based on partial data,1.53,1.55,0.26,1.15,1.37,1.47,1.6,1.72,2
Pomorskie,2021-01-03,,estimate based on partial data,1.57,1.59,0.3,1.13,1.38,1.49,1.64,1.77,2.11
Pomorskie,2021-01-04,,estimate based on partial data,1.59,1.62,0.34,1.12,1.38,1.51,1.68,1.83,2.24
Pomorskie,2021-01-05,,estimate based on partial data,1.62,1.66,0.39,1.1,1.39,1.53,1.71,1.89,2.37
Pomorskie,2021-01-06,,estimate based on partial data,1.64,1.7,0.44,1.08,1.39,1.54,1.75,1.95,2.53
Pomorskie,2021-01-07,,estimate based on partial data,1.66,1.74,0.5,1.07,1.4,1.55,1.78,2.01,2.68
Pomorskie,2021-01-08,,estimate based on partial data,1.69,1.78,0.56,1.05,1.39,1.56,1.82,2.07,2.82
Pomorskie,2021-01-09,,estimate based on partial data,1.7,1.81,0.62,1.04,1.39,1.57,1.84,2.12,2.98
Pomorskie,2021-01-10,,estimate based on partial data,1.72,1.85,0.69,1.02,1.38,1.57,1.87,2.16,3.14
Pomorskie,2021-01-11,,estimate based on partial data,1.74,1.89,0.76,0.99,1.37,1.58,1.9,2.21,3.3
Pomorskie,2021-01-12,,estimate based on partial data,1.75,1.92,0.84,0.96,1.36,1.58,1.93,2.26,3.49
Pomorskie,2021-01-13,,forecast,1.75,1.92,0.84,0.96,1.36,1.58,1.93,2.26,3.49
Pomorskie,2021-01-14,,forecast,1.75,1.92,0.84,0.96,1.36,1.58,1.93,2.26,3.49
Pomorskie,2021-01-15,,forecast,1.75,1.92,0.84,0.96,1.36,1.58,1.93,2.26,3.49
Pomorskie,2021-01-16,,forecast,1.75,1.92,0.84,0.96,1.36,1.58,1.93,2.26,3.49
Pomorskie,2021-01-17,,forecast,1.75,1.92,0.84,0.96,1.36,1.58,1.93,2.26,3.49
Pomorskie,2021-01-18,,forecast,1.75,1.92,0.84,0.96,1.36,1.58,1.93,2.26,3.49
Pomorskie,2021-01-19,,forecast,1.75,1.92,0.84,0.96,1.36,1.58,1.93,2.26,3.49
Pomorskie,2021-01-20,,forecast,1.75,1.92,0.84,0.96,1.36,1.58,1.93,2.26,3.49
Pomorskie,2021-01-21,,forecast,1.75,1.92,0.84,0.96,1.36,1.58,1.93,2.26,3.49
Pomorskie,2021-01-22,,forecast,1.75,1.92,0.84,0.96,1.36,1.58,1.93,2.26,3.49
Pomorskie,2021-01-23,,forecast,1.75,1.92,0.84,0.96,1.36,1.58,1.93,2.26,3.49
Pomorskie,2021-01-24,,forecast,1.75,1.92,0.84,0.96,1.36,1.58,1.93,2.26,3.49
Pomorskie,2021-01-25,,forecast,1.75,1.92,0.84,0.96,1.36,1.58,1.93,2.26,3.49
Pomorskie,2021-01-26,,forecast,1.75,1.92,0.84,0.96,1.36,1.58,1.93,2.26,3.49
Pomorskie,2021-01-27,,forecast,1.75,1.92,0.84,0.96,1.36,1.58,1.93,2.26,3.49
Pomorskie,2021-01-28,,forecast,1.75,1.92,0.84,0.96,1.36,1.58,1.93,2.26,3.49
Pomorskie,2021-01-29,,forecast,1.75,1.92,0.84,0.96,1.36,1.58,1.93,2.26,3.49
Pomorskie,2021-01-30,,forecast,1.75,1.92,0.84,0.96,1.36,1.58,1.93,2.26,3.49
Pomorskie,2021-01-31,,forecast,1.75,1.92,0.84,0.96,1.36,1.58,1.93,2.26,3.49
Pomorskie,2021-02-01,,forecast,1.75,1.92,0.84,0.96,1.36,1.58,1.93,2.26,3.49
Pomorskie,2021-02-02,,forecast,1.75,1.92,0.84,0.96,1.36,1.58,1.93,2.26,3.49
Pomorskie,2021-02-03,,forecast,1.75,1.92,0.84,0.96,1.36,1.58,1.93,2.26,3.49
Pomorskie,2021-02-04,,forecast,1.75,1.92,0.84,0.96,1.36,1.58,1.93,2.26,3.49
Pomorskie,2021-02-05,,forecast,1.75,1.92,0.84,0.96,1.36,1.58,1.93,2.26,3.49
Pomorskie,2021-02-06,,forecast,1.75,1.92,0.84,0.96,1.36,1.58,1.93,2.26,3.49
Pomorskie,2021-02-07,,forecast,1.75,1.92,0.84,0.96,1.36,1.58,1.93,2.26,3.49
Pomorskie,2021-02-08,,forecast,1.75,1.92,0.84,0.96,1.36,1.58,1.93,2.26,3.49
Pomorskie,2021-02-09,,forecast,1.75,1.92,0.84,0.96,1.36,1.58,1.93,2.26,3.49
Pomorskie,2021-02-10,,forecast,1.75,1.92,0.84,0.96,1.36,1.58,1.93,2.26,3.49
Rhineland-Palatinate State,2020-10-20,,estimate,1.21,1.21,0.11,1.02,1.14,1.18,1.23,1.27,1.4
Rhineland-Palatinate State,2020-10-21,,estimate,1.21,1.21,0.11,1.04,1.14,1.18,1.23,1.27,1.39
Rhineland-Palatinate State,2020-10-22,,estimate,1.21,1.21,0.1,1.05,1.15,1.18,1.23,1.27,1.38
Rhineland-Palatinate State,2020-10-23,,estimate,1.21,1.21,0.09,1.06,1.15,1.19,1.23,1.27,1.37
Rhineland-Palatinate State,2020-10-24,,estimate,1.21,1.21,0.09,1.07,1.16,1.19,1.23,1.27,1.36
Rhineland-Palatinate State,2020-10-25,,estimate,1.22,1.22,0.08,1.08,1.16,1.2,1.23,1.27,1.35
Rhineland-Palatinate State,2020-10-26,,estimate,1.22,1.22,0.08,1.09,1.17,1.2,1.24,1.27,1.35
Rhineland-Palatinate State,2020-10-27,,estimate,1.22,1.22,0.08,1.1,1.17,1.2,1.24,1.27,1.34
Rhineland-Palatinate State,2020-10-28,,estimate,1.22,1.22,0.07,1.11,1.18,1.2,1.24,1.26,1.33
Rhineland-Palatinate State,2020-10-29,,estimate,1.22,1.22,0.07,1.11,1.18,1.21,1.24,1.26,1.33
Rhineland-Palatinate State,2020-10-30,,estimate,1.22,1.22,0.06,1.12,1.18,1.21,1.24,1.26,1.33
Rhineland-Palatinate State,2020-10-31,,estimate,1.23,1.23,0.06,1.12,1.18,1.21,1.24,1.26,1.32
Rhineland-Palatinate State,2020-11-01,,estimate,1.23,1.23,0.06,1.13,1.19,1.21,1.24,1.26,1.32
Rhineland-Palatinate State,2020-11-02,,estimate,1.23,1.23,0.06,1.14,1.19,1.21,1.24,1.26,1.32
Rhineland-Palatinate State,2020-11-03,,estimate,1.23,1.23,0.06,1.14,1.19,1.21,1.24,1.26,1.32
Rhineland-Palatinate State,2020-11-04,,estimate,1.23,1.23,0.06,1.14,1.2,1.22,1.24,1.26,1.32
Rhineland-Palatinate State,2020-11-05,,estimate,1.23,1.23,0.05,1.15,1.2,1.22,1.24,1.26,1.32
Rhineland-Palatinate State,2020-11-06,,estimate,1.23,1.23,0.05,1.15,1.2,1.22,1.24,1.26,1.32
Rhineland-Palatinate State,2020-11-07,,estimate,1.23,1.23,0.05,1.15,1.2,1.22,1.24,1.26,1.32
Rhineland-Palatinate State,2020-11-08,,estimate,1.23,1.23,0.05,1.15,1.2,1.22,1.24,1.26,1.32
Rhineland-Palatinate State,2020-11-09,,estimate,1.23,1.23,0.05,1.15,1.2,1.22,1.24,1.26,1.32
Rhineland-Palatinate State,2020-11-10,,estimate,1.23,1.23,0.05,1.15,1.2,1.22,1.24,1.26,1.32
Rhineland-Palatinate State,2020-11-11,,estimate,1.23,1.23,0.05,1.16,1.2,1.21,1.24,1.26,1.32
Rhineland-Palatinate State,2020-11-12,,estimate,1.22,1.23,0.05,1.15,1.19,1.21,1.23,1.26,1.32
Rhineland-Palatinate State,2020-11-13,,estimate,1.22,1.23,0.05,1.15,1.19,1.21,1.23,1.26,1.32
Rhineland-Palatinate State,2020-11-14,,estimate,1.22,1.22,0.05,1.15,1.19,1.2,1.23,1.25,1.32
Rhineland-Palatinate State,2020-11-15,,estimate,1.21,1.22,0.05,1.15,1.18,1.2,1.22,1.25,1.32
Rhineland-Palatinate State,2020-11-16,,estimate,1.21,1.22,0.05,1.14,1.18,1.2,1.22,1.24,1.31
Rhineland-Palatinate State,2020-11-17,,estimate,1.2,1.21,0.05,1.14,1.17,1.19,1.21,1.24,1.31
Rhineland-Palatinate State,2020-11-18,,estimate,1.2,1.2,0.05,1.13,1.17,1.18,1.21,1.23,1.31
Rhineland-Palatinate State,2020-11-19,,estimate,1.19,1.2,0.05,1.13,1.16,1.18,1.2,1.23,1.3
Rhineland-Palatinate State,2020-11-20,,estimate,1.18,1.19,0.05,1.12,1.15,1.17,1.19,1.22,1.29
Rhineland-Palatinate State,2020-11-21,,estimate,1.18,1.18,0.05,1.11,1.15,1.16,1.19,1.21,1.28
Rhineland-Palatinate State,2020-11-22,,estimate,1.17,1.17,0.05,1.11,1.14,1.16,1.18,1.2,1.27
Rhineland-Palatinate State,2020-11-23,,estimate,1.16,1.16,0.05,1.1,1.13,1.15,1.17,1.19,1.25
Rhineland-Palatinate State,2020-11-24,,estimate,1.15,1.16,0.05,1.09,1.12,1.14,1.16,1.18,1.24
Rhineland-Palatinate State,2020-11-25,,estimate,1.14,1.15,0.05,1.08,1.12,1.13,1.15,1.17,1.23
Rhineland-Palatinate State,2020-11-26,,estimate,1.13,1.14,0.05,1.07,1.11,1.12,1.14,1.16,1.21
Rhineland-Palatinate State,2020-11-27,,estimate,1.13,1.13,0.04,1.05,1.1,1.11,1.13,1.15,1.2
Rhineland-Palatinate State,2020-11-28,,estimate,1.12,1.12,0.04,1.05,1.09,1.11,1.13,1.14,1.19
Rhineland-Palatinate State,2020-11-29,,estimate,1.11,1.11,0.04,1.03,1.08,1.1,1.12,1.13,1.17
Rhineland-Palatinate State,2020-11-30,,estimate,1.1,1.1,0.04,1.02,1.07,1.09,1.11,1.12,1.16
Rhineland-Palatinate State,2020-12-01,,estimate,1.09,1.09,0.04,1.01,1.06,1.08,1.1,1.12,1.15
Rhineland-Palatinate State,2020-12-02,,estimate,1.08,1.08,0.04,1,1.06,1.07,1.09,1.11,1.14
Rhineland-Palatinate State,2020-12-03,,estimate,1.08,1.07,0.05,0.99,1.05,1.07,1.09,1.1,1.14
Rhineland-Palatinate State,2020-12-04,,estimate,1.07,1.06,0.05,0.98,1.04,1.06,1.08,1.09,1.13
Rhineland-Palatinate State,2020-12-05,,estimate,1.06,1.06,0.05,0.97,1.03,1.05,1.07,1.09,1.12
Rhineland-Palatinate State,2020-12-06,,estimate,1.06,1.05,0.05,0.97,1.03,1.05,1.07,1.08,1.12
Rhineland-Palatinate State,2020-12-07,,estimate,1.05,1.05,0.05,0.96,1.02,1.04,1.06,1.08,1.11
Rhineland-Palatinate State,2020-12-08,,estimate,1.05,1.04,0.05,0.95,1.02,1.04,1.06,1.07,1.11
Rhineland-Palatinate State,2020-12-09,,estimate,1.05,1.04,0.05,0.94,1.01,1.03,1.06,1.07,1.11
Rhineland-Palatinate State,2020-12-10,,estimate,1.04,1.03,0.05,0.94,1.01,1.03,1.05,1.07,1.1
Rhineland-Palatinate State,2020-12-11,,estimate,1.04,1.03,0.05,0.94,1.01,1.03,1.05,1.07,1.1
Rhineland-Palatinate State,2020-12-12,,estimate,1.04,1.03,0.05,0.94,1.01,1.03,1.05,1.06,1.1
Rhineland-Palatinate State,2020-12-13,,estimate,1.04,1.03,0.05,0.94,1,1.03,1.05,1.06,1.1
Rhineland-Palatinate State,2020-12-14,,estimate,1.04,1.03,0.05,0.94,1,1.03,1.05,1.06,1.1
Rhineland-Palatinate State,2020-12-15,,estimate,1.04,1.03,0.05,0.94,1,1.03,1.05,1.06,1.1
Rhineland-Palatinate State,2020-12-16,,estimate,1.04,1.03,0.05,0.95,1.01,1.03,1.05,1.06,1.11
Rhineland-Palatinate State,2020-12-17,,estimate,1.04,1.03,0.05,0.95,1.01,1.03,1.05,1.06,1.11
Rhineland-Palatinate State,2020-12-18,,estimate,1.04,1.04,0.05,0.96,1.01,1.03,1.05,1.07,1.11
Rhineland-Palatinate State,2020-12-19,,estimate,1.04,1.04,0.05,0.96,1.01,1.03,1.05,1.07,1.12
Rhineland-Palatinate State,2020-12-20,,estimate,1.04,1.04,0.05,0.96,1.01,1.03,1.06,1.08,1.12
Rhineland-Palatinate State,2020-12-21,,estimate,1.05,1.05,0.05,0.97,1.02,1.04,1.06,1.08,1.13
Rhineland-Palatinate State,2020-12-22,,estimate,1.05,1.05,0.05,0.97,1.02,1.04,1.07,1.09,1.14
Rhineland-Palatinate State,2020-12-23,,estimate,1.06,1.06,0.06,0.97,1.02,1.04,1.07,1.1,1.16
Rhineland-Palatinate State,2020-12-24,,estimate,1.06,1.07,0.06,0.97,1.02,1.05,1.08,1.1,1.18
Rhineland-Palatinate State,2020-12-25,,estimate based on partial data,1.07,1.07,0.07,0.97,1.03,1.05,1.08,1.11,1.2
Rhineland-Palatinate State,2020-12-26,,estimate based on partial data,1.07,1.08,0.08,0.96,1.03,1.05,1.09,1.12,1.22
Rhineland-Palatinate State,2020-12-27,,estimate based on partial data,1.08,1.08,0.09,0.96,1.03,1.06,1.09,1.13,1.25
Rhineland-Palatinate State,2020-12-28,,estimate based on partial data,1.08,1.09,0.1,0.96,1.03,1.06,1.1,1.14,1.28
Rhineland-Palatinate State,2020-12-29,,estimate based on partial data,1.08,1.1,0.11,0.95,1.03,1.06,1.1,1.15,1.31
Rhineland-Palatinate State,2020-12-30,,estimate based on partial data,1.08,1.11,0.12,0.95,1.03,1.06,1.11,1.16,1.34
Rhineland-Palatinate State,2020-12-31,,estimate based on partial data,1.09,1.11,0.13,0.94,1.03,1.06,1.11,1.17,1.37
Rhineland-Palatinate State,2021-01-01,,estimate based on partial data,1.09,1.12,0.15,0.93,1.03,1.06,1.12,1.18,1.4
Rhineland-Palatinate State,2021-01-02,,estimate based on partial data,1.09,1.13,0.17,0.92,1.02,1.06,1.12,1.19,1.43
Rhineland-Palatinate State,2021-01-03,,estimate based on partial data,1.09,1.13,0.18,0.92,1.02,1.06,1.13,1.2,1.46
Rhineland-Palatinate State,2021-01-04,,estimate based on partial data,1.1,1.14,0.2,0.91,1.02,1.07,1.13,1.21,1.49
Rhineland-Palatinate State,2021-01-05,,estimate based on partial data,1.1,1.14,0.23,0.91,1.02,1.07,1.13,1.22,1.52
Rhineland-Palatinate State,2021-01-06,,estimate based on partial data,1.1,1.15,0.25,0.9,1.01,1.07,1.14,1.22,1.56
Rhineland-Palatinate State,2021-01-07,,estimate based on partial data,1.1,1.16,0.28,0.89,1.01,1.07,1.14,1.23,1.58
Rhineland-Palatinate State,2021-01-08,,estimate based on partial data,1.1,1.16,0.31,0.88,1.01,1.07,1.14,1.24,1.62
Rhineland-Palatinate State,2021-01-09,,estimate based on partial data,1.1,1.17,0.34,0.87,1.01,1.07,1.14,1.24,1.65
Rhineland-Palatinate State,2021-01-10,,estimate based on partial data,1.1,1.18,0.38,0.86,1.01,1.06,1.15,1.25,1.68
Rhineland-Palatinate State,2021-01-11,,estimate based on partial data,1.1,1.18,0.42,0.85,1.01,1.06,1.15,1.25,1.71
Rhineland-Palatinate State,2021-01-12,,forecast,1.1,1.18,0.42,0.85,1.01,1.06,1.15,1.25,1.71
Rhineland-Palatinate State,2021-01-13,,forecast,1.1,1.18,0.42,0.85,1.01,1.06,1.15,1.25,1.71
Rhineland-Palatinate State,2021-01-14,,forecast,1.1,1.18,0.42,0.85,1.01,1.06,1.15,1.25,1.71
Rhineland-Palatinate State,2021-01-15,,forecast,1.1,1.18,0.42,0.85,1.01,1.06,1.15,1.25,1.71
Rhineland-Palatinate State,2021-01-16,,forecast,1.1,1.18,0.42,0.85,1.01,1.06,1.15,1.25,1.71
Rhineland-Palatinate State,2021-01-17,,forecast,1.1,1.18,0.42,0.85,1.01,1.06,1.15,1.25,1.71
Rhineland-Palatinate State,2021-01-18,,forecast,1.1,1.18,0.42,0.85,1.01,1.06,1.15,1.25,1.71
Rhineland-Palatinate State,2021-01-19,,forecast,1.1,1.18,0.42,0.85,1.01,1.06,1.15,1.25,1.71
Rhineland-Palatinate State,2021-01-20,,forecast,1.1,1.18,0.42,0.85,1.01,1.06,1.15,1.25,1.71
Rhineland-Palatinate State,2021-01-21,,forecast,1.1,1.18,0.42,0.85,1.01,1.06,1.15,1.25,1.71
Rhineland-Palatinate State,2021-01-22,,forecast,1.1,1.18,0.42,0.85,1.01,1.06,1.15,1.25,1.71
Rhineland-Palatinate State,2021-01-23,,forecast,1.1,1.18,0.42,0.85,1.01,1.06,1.15,1.25,1.71
Rhineland-Palatinate State,2021-01-24,,forecast,1.1,1.18,0.42,0.85,1.01,1.06,1.15,1.25,1.71
Rhineland-Palatinate State,2021-01-25,,forecast,1.1,1.18,0.42,0.85,1.01,1.06,1.15,1.25,1.71
Rhineland-Palatinate State,2021-01-26,,forecast,1.1,1.18,0.42,0.85,1.01,1.06,1.15,1.25,1.71
Rhineland-Palatinate State,2021-01-27,,forecast,1.1,1.18,0.42,0.85,1.01,1.06,1.15,1.25,1.71
Rhineland-Palatinate State,2021-01-28,,forecast,1.1,1.18,0.42,0.85,1.01,1.06,1.15,1.25,1.71
Rhineland-Palatinate State,2021-01-29,,forecast,1.1,1.18,0.42,0.85,1.01,1.06,1.15,1.25,1.71
Rhineland-Palatinate State,2021-01-30,,forecast,1.1,1.18,0.42,0.85,1.01,1.06,1.15,1.25,1.71
Rhineland-Palatinate State,2021-01-31,,forecast,1.1,1.18,0.42,0.85,1.01,1.06,1.15,1.25,1.71
Rhineland-Palatinate State,2021-02-01,,forecast,1.1,1.18,0.42,0.85,1.01,1.06,1.15,1.25,1.71
Rhineland-Palatinate State,2021-02-02,,forecast,1.1,1.18,0.42,0.85,1.01,1.06,1.15,1.25,1.71
Rhineland-Palatinate State,2021-02-03,,forecast,1.1,1.18,0.42,0.85,1.01,1.06,1.15,1.25,1.71
Rhineland-Palatinate State,2021-02-04,,forecast,1.1,1.18,0.42,0.85,1.01,1.06,1.15,1.25,1.71
Rhineland-Palatinate State,2021-02-05,,forecast,1.1,1.18,0.42,0.85,1.01,1.06,1.15,1.25,1.71
Rhineland-Palatinate State,2021-02-06,,forecast,1.1,1.18,0.42,0.85,1.01,1.06,1.15,1.25,1.71
Rhineland-Palatinate State,2021-02-07,,forecast,1.1,1.18,0.42,0.85,1.01,1.06,1.15,1.25,1.71
Rhineland-Palatinate State,2021-02-08,,forecast,1.1,1.18,0.42,0.85,1.01,1.06,1.15,1.25,1.71
Rhineland-Palatinate State,2021-02-09,,forecast,1.1,1.18,0.42,0.85,1.01,1.06,1.15,1.25,1.71
Rhineland-Palatinate State,2021-02-10,,forecast,1.1,1.18,0.42,0.85,1.01,1.06,1.15,1.25,1.71
Saarland State,2020-10-22,,estimate,1.09,1.09,0.1,0.92,1.03,1.08,1.11,1.14,1.24
Saarland State,2020-10-23,,estimate,1.1,1.09,0.09,0.93,1.03,1.08,1.11,1.13,1.23
Saarland State,2020-10-24,,estimate,1.1,1.09,0.09,0.94,1.04,1.08,1.11,1.13,1.22
Saarland State,2020-10-25,,estimate,1.09,1.09,0.08,0.94,1.04,1.08,1.11,1.13,1.21
Saarland State,2020-10-26,,estimate,1.09,1.08,0.08,0.94,1.04,1.08,1.11,1.13,1.2
Saarland State,2020-10-27,,estimate,1.09,1.08,0.08,0.94,1.04,1.08,1.11,1.13,1.2
Saarland State,2020-10-28,,estimate,1.09,1.08,0.08,0.95,1.04,1.08,1.11,1.13,1.19
Saarland State,2020-10-29,,estimate,1.09,1.08,0.07,0.95,1.04,1.08,1.11,1.13,1.19
Saarland State,2020-10-30,,estimate,1.09,1.08,0.07,0.95,1.04,1.08,1.11,1.13,1.18
Saarland State,2020-10-31,,estimate,1.09,1.08,0.07,0.95,1.05,1.08,1.11,1.13,1.18
Saarland State,2020-11-01,,estimate,1.09,1.08,0.07,0.96,1.05,1.08,1.11,1.12,1.18
Saarland State,2020-11-02,,estimate,1.09,1.08,0.07,0.96,1.05,1.08,1.11,1.12,1.18
Saarland State,2020-11-03,,estimate,1.09,1.08,0.06,0.97,1.05,1.08,1.11,1.12,1.17
Saarland State,2020-11-04,,estimate,1.09,1.08,0.06,0.97,1.05,1.08,1.11,1.12,1.17
Saarland State,2020-11-05,,estimate,1.09,1.08,0.06,0.97,1.05,1.08,1.11,1.12,1.17
Saarland State,2020-11-06,,estimate,1.09,1.09,0.06,0.98,1.06,1.08,1.11,1.12,1.17
Saarland State,2020-11-07,,estimate,1.1,1.09,0.06,0.98,1.06,1.08,1.11,1.12,1.17
Saarland State,2020-11-08,,estimate,1.1,1.09,0.06,0.99,1.06,1.09,1.11,1.12,1.17
Saarland State,2020-11-09,,estimate,1.1,1.09,0.06,0.99,1.06,1.09,1.11,1.12,1.17
Saarland State,2020-11-10,,estimate,1.1,1.09,0.05,0.99,1.07,1.09,1.11,1.12,1.17
Saarland State,2020-11-11,,estimate,1.1,1.09,0.05,1,1.07,1.09,1.11,1.12,1.17
Saarland State,2020-11-12,,estimate,1.1,1.1,0.05,1.01,1.07,1.09,1.11,1.13,1.17
Saarland State,2020-11-13,,estimate,1.1,1.1,0.05,1.01,1.07,1.09,1.11,1.13,1.18
Saarland State,2020-11-14,,estimate,1.11,1.1,0.05,1.02,1.08,1.1,1.11,1.13,1.18
Saarland State,2020-11-15,,estimate,1.11,1.1,0.05,1.02,1.08,1.1,1.12,1.13,1.18
Saarland State,2020-11-16,,estimate,1.11,1.11,0.05,1.03,1.08,1.1,1.12,1.13,1.18
Saarland State,2020-11-17,,estimate,1.11,1.11,0.05,1.04,1.09,1.1,1.12,1.14,1.19
Saarland State,2020-11-18,,estimate,1.11,1.11,0.05,1.04,1.09,1.1,1.12,1.14,1.2
Saarland State,2020-11-19,,estimate,1.11,1.12,0.05,1.04,1.09,1.11,1.12,1.14,1.2
Saarland State,2020-11-20,,estimate,1.11,1.12,0.05,1.05,1.09,1.11,1.12,1.14,1.21
Saarland State,2020-11-21,,estimate,1.12,1.12,0.05,1.05,1.09,1.11,1.12,1.14,1.21
Saarland State,2020-11-22,,estimate,1.12,1.13,0.06,1.06,1.09,1.11,1.13,1.15,1.22
Saarland State,2020-11-23,,estimate,1.12,1.13,0.06,1.06,1.1,1.11,1.13,1.15,1.23
Saarland State,2020-11-24,,estimate,1.12,1.13,0.06,1.06,1.1,1.11,1.13,1.15,1.23
Saarland State,2020-11-25,,estimate,1.12,1.13,0.06,1.06,1.1,1.11,1.13,1.15,1.24
Saarland State,2020-11-26,,estimate,1.12,1.13,0.06,1.06,1.1,1.11,1.13,1.15,1.24
Saarland State,2020-11-27,,estimate,1.12,1.13,0.06,1.06,1.1,1.11,1.13,1.15,1.25
Saarland State,2020-11-28,,estimate,1.12,1.14,0.06,1.06,1.1,1.11,1.13,1.15,1.25
Saarland State,2020-11-29,,estimate,1.12,1.14,0.06,1.07,1.1,1.12,1.13,1.16,1.25
Saarland State,2020-11-30,,estimate,1.12,1.14,0.06,1.07,1.1,1.12,1.13,1.16,1.25
Saarland State,2020-12-01,,estimate,1.12,1.14,0.06,1.07,1.1,1.12,1.13,1.16,1.24
Saarland State,2020-12-02,,estimate,1.12,1.13,0.06,1.07,1.1,1.12,1.13,1.15,1.24
Saarland State,2020-12-03,,estimate,1.12,1.13,0.06,1.06,1.1,1.11,1.13,1.15,1.23
Saarland State,2020-12-04,,estimate,1.12,1.13,0.06,1.06,1.1,1.11,1.13,1.15,1.23
Saarland State,2020-12-05,,estimate,1.12,1.13,0.06,1.06,1.1,1.11,1.13,1.15,1.22
Saarland State,2020-12-06,,estimate,1.12,1.13,0.06,1.06,1.1,1.11,1.13,1.15,1.22
Saarland State,2020-12-07,,estimate,1.12,1.13,0.06,1.05,1.1,1.11,1.13,1.15,1.21
Saarland State,2020-12-08,,estimate,1.12,1.12,0.06,1.05,1.1,1.11,1.13,1.15,1.21
Saarland State,2020-12-09,,estimate,1.12,1.12,0.06,1.04,1.1,1.11,1.13,1.15,1.21
Saarland State,2020-12-10,,estimate,1.12,1.12,0.06,1.04,1.09,1.11,1.13,1.15,1.21
Saarland State,2020-12-11,,estimate,1.12,1.12,0.06,1.03,1.09,1.11,1.13,1.15,1.2
Saarland State,2020-12-12,,estimate,1.12,1.12,0.06,1.03,1.09,1.11,1.13,1.14,1.2
Saarland State,2020-12-13,,estimate,1.12,1.11,0.06,1.02,1.09,1.11,1.13,1.14,1.2
Saarland State,2020-12-14,,estimate,1.12,1.11,0.06,1.02,1.09,1.11,1.13,1.15,1.2
Saarland State,2020-12-15,,estimate,1.12,1.11,0.06,1.02,1.09,1.11,1.13,1.15,1.2
Saarland State,2020-12-16,,estimate,1.12,1.11,0.06,1.01,1.08,1.1,1.13,1.14,1.2
Saarland State,2020-12-17,,estimate,1.11,1.11,0.06,1.01,1.08,1.1,1.13,1.15,1.2
Saarland State,2020-12-18,,estimate,1.11,1.11,0.06,1.01,1.08,1.1,1.13,1.15,1.2
Saarland State,2020-12-19,,estimate,1.11,1.11,0.06,1.01,1.08,1.1,1.13,1.15,1.21
Saarland State,2020-12-20,,estimate,1.11,1.11,0.06,1,1.08,1.1,1.13,1.15,1.21
Saarland State,2020-12-21,,estimate,1.12,1.11,0.07,1.01,1.08,1.1,1.13,1.15,1.22
Saarland State,2020-12-22,,estimate,1.12,1.12,0.07,1,1.08,1.1,1.13,1.15,1.23
Saarland State,2020-12-23,,estimate,1.12,1.12,0.07,1,1.08,1.11,1.13,1.16,1.23
Saarland State,2020-12-24,,estimate,1.12,1.12,0.08,1,1.08,1.11,1.13,1.16,1.25
Saarland State,2020-12-25,,estimate based on partial data,1.12,1.12,0.09,0.99,1.08,1.11,1.13,1.16,1.26
Saarland State,2020-12-26,,estimate based on partial data,1.12,1.12,0.09,0.98,1.08,1.11,1.14,1.17,1.28
Saarland State,2020-12-27,,estimate based on partial data,1.12,1.13,0.1,0.98,1.08,1.11,1.14,1.17,1.3
Saarland State,2020-12-28,,estimate based on partial data,1.12,1.13,0.11,0.97,1.08,1.11,1.14,1.17,1.32
Saarland State,2020-12-29,,estimate based on partial data,1.12,1.13,0.12,0.96,1.08,1.11,1.14,1.18,1.34
Saarland State,2020-12-30,,estimate based on partial data,1.12,1.13,0.13,0.95,1.08,1.11,1.14,1.18,1.36
Saarland State,2020-12-31,,estimate based on partial data,1.12,1.14,0.14,0.94,1.08,1.11,1.14,1.18,1.38
Saarland State,2021-01-01,,estimate based on partial data,1.12,1.14,0.16,0.94,1.07,1.11,1.14,1.18,1.4
Saarland State,2021-01-02,,estimate based on partial data,1.12,1.14,0.17,0.93,1.07,1.11,1.14,1.18,1.41
Saarland State,2021-01-03,,estimate based on partial data,1.12,1.14,0.18,0.92,1.07,1.11,1.14,1.19,1.43
Saarland State,2021-01-04,,estimate based on partial data,1.12,1.15,0.19,0.91,1.07,1.1,1.14,1.19,1.45
Saarland State,2021-01-05,,estimate based on partial data,1.12,1.15,0.21,0.91,1.07,1.1,1.14,1.19,1.48
Saarland State,2021-01-06,,estimate based on partial data,1.12,1.15,0.22,0.9,1.07,1.1,1.14,1.19,1.49
Saarland State,2021-01-07,,estimate based on partial data,1.12,1.15,0.24,0.89,1.07,1.1,1.14,1.19,1.5
Saarland State,2021-01-08,,estimate based on partial data,1.12,1.16,0.25,0.88,1.07,1.1,1.14,1.2,1.52
Saarland State,2021-01-09,,estimate based on partial data,1.12,1.16,0.27,0.88,1.06,1.1,1.14,1.2,1.54
Saarland State,2021-01-10,,estimate based on partial data,1.12,1.16,0.28,0.87,1.06,1.1,1.14,1.2,1.55
Saarland State,2021-01-11,,estimate based on partial data,1.12,1.16,0.3,0.87,1.06,1.1,1.14,1.2,1.57
Saarland State,2021-01-12,,forecast,1.12,1.16,0.3,0.87,1.06,1.1,1.14,1.2,1.57
Saarland State,2021-01-13,,forecast,1.12,1.16,0.3,0.87,1.06,1.1,1.14,1.2,1.57
Saarland State,2021-01-14,,forecast,1.12,1.16,0.3,0.87,1.06,1.1,1.14,1.2,1.57
Saarland State,2021-01-15,,forecast,1.12,1.16,0.3,0.87,1.06,1.1,1.14,1.2,1.57
Saarland State,2021-01-16,,forecast,1.12,1.16,0.3,0.87,1.06,1.1,1.14,1.2,1.57
Saarland State,2021-01-17,,forecast,1.12,1.16,0.3,0.87,1.06,1.1,1.14,1.2,1.57
Saarland State,2021-01-18,,forecast,1.12,1.16,0.3,0.87,1.06,1.1,1.14,1.2,1.57
Saarland State,2021-01-19,,forecast,1.12,1.16,0.3,0.87,1.06,1.1,1.14,1.2,1.57
Saarland State,2021-01-20,,forecast,1.12,1.16,0.3,0.87,1.06,1.1,1.14,1.2,1.57
Saarland State,2021-01-21,,forecast,1.12,1.16,0.3,0.87,1.06,1.1,1.14,1.2,1.57
Saarland State,2021-01-22,,forecast,1.12,1.16,0.3,0.87,1.06,1.1,1.14,1.2,1.57
Saarland State,2021-01-23,,forecast,1.12,1.16,0.3,0.87,1.06,1.1,1.14,1.2,1.57
Saarland State,2021-01-24,,forecast,1.12,1.16,0.3,0.87,1.06,1.1,1.14,1.2,1.57
Saarland State,2021-01-25,,forecast,1.12,1.16,0.3,0.87,1.06,1.1,1.14,1.2,1.57
Saarland State,2021-01-26,,forecast,1.12,1.16,0.3,0.87,1.06,1.1,1.14,1.2,1.57
Saarland State,2021-01-27,,forecast,1.12,1.16,0.3,0.87,1.06,1.1,1.14,1.2,1.57
Saarland State,2021-01-28,,forecast,1.12,1.16,0.3,0.87,1.06,1.1,1.14,1.2,1.57
Saarland State,2021-01-29,,forecast,1.12,1.16,0.3,0.87,1.06,1.1,1.14,1.2,1.57
Saarland State,2021-01-30,,forecast,1.12,1.16,0.3,0.87,1.06,1.1,1.14,1.2,1.57
Saarland State,2021-01-31,,forecast,1.12,1.16,0.3,0.87,1.06,1.1,1.14,1.2,1.57
Saarland State,2021-02-01,,forecast,1.12,1.16,0.3,0.87,1.06,1.1,1.14,1.2,1.57
Saarland State,2021-02-02,,forecast,1.12,1.16,0.3,0.87,1.06,1.1,1.14,1.2,1.57
Saarland State,2021-02-03,,forecast,1.12,1.16,0.3,0.87,1.06,1.1,1.14,1.2,1.57
Saarland State,2021-02-04,,forecast,1.12,1.16,0.3,0.87,1.06,1.1,1.14,1.2,1.57
Saarland State,2021-02-05,,forecast,1.12,1.16,0.3,0.87,1.06,1.1,1.14,1.2,1.57
Saarland State,2021-02-06,,forecast,1.12,1.16,0.3,0.87,1.06,1.1,1.14,1.2,1.57
Saarland State,2021-02-07,,forecast,1.12,1.16,0.3,0.87,1.06,1.1,1.14,1.2,1.57
Saarland State,2021-02-08,,forecast,1.12,1.16,0.3,0.87,1.06,1.1,1.14,1.2,1.57
Saarland State,2021-02-09,,forecast,1.12,1.16,0.3,0.87,1.06,1.1,1.14,1.2,1.57
Saarland State,2021-02-10,,forecast,1.12,1.16,0.3,0.87,1.06,1.1,1.14,1.2,1.57
Sachsen-Anhalt State,2020-10-23,,estimate,1.19,1.18,0.11,0.98,1.13,1.17,1.2,1.23,1.34
Sachsen-Anhalt State,2020-10-24,,estimate,1.19,1.18,0.1,1,1.13,1.17,1.2,1.23,1.34
Sachsen-Anhalt State,2020-10-25,,estimate,1.19,1.18,0.1,1.01,1.13,1.17,1.2,1.23,1.33
Sachsen-Anhalt State,2020-10-26,,estimate,1.19,1.18,0.09,1.02,1.13,1.17,1.2,1.23,1.33
Sachsen-Anhalt State,2020-10-27,,estimate,1.19,1.18,0.09,1.02,1.14,1.17,1.2,1.23,1.32
Sachsen-Anhalt State,2020-10-28,,estimate,1.19,1.18,0.09,1.04,1.14,1.17,1.2,1.23,1.31
Sachsen-Anhalt State,2020-10-29,,estimate,1.19,1.19,0.08,1.05,1.15,1.17,1.21,1.23,1.31
Sachsen-Anhalt State,2020-10-30,,estimate,1.19,1.19,0.08,1.05,1.15,1.18,1.21,1.23,1.31
Sachsen-Anhalt State,2020-10-31,,estimate,1.19,1.19,0.07,1.06,1.15,1.18,1.21,1.23,1.31
Sachsen-Anhalt State,2020-11-01,,estimate,1.2,1.19,0.07,1.07,1.16,1.18,1.21,1.23,1.31
Sachsen-Anhalt State,2020-11-02,,estimate,1.2,1.2,0.07,1.08,1.16,1.18,1.21,1.24,1.31
Sachsen-Anhalt State,2020-11-03,,estimate,1.2,1.2,0.07,1.09,1.16,1.19,1.21,1.24,1.31
Sachsen-Anhalt State,2020-11-04,,estimate,1.2,1.2,0.06,1.1,1.17,1.19,1.21,1.24,1.31
Sachsen-Anhalt State,2020-11-05,,estimate,1.2,1.21,0.06,1.11,1.17,1.19,1.21,1.24,1.31
Sachsen-Anhalt State,2020-11-06,,estimate,1.2,1.21,0.06,1.11,1.17,1.19,1.22,1.24,1.31
Sachsen-Anhalt State,2020-11-07,,estimate,1.2,1.21,0.06,1.12,1.18,1.19,1.22,1.25,1.31
Sachsen-Anhalt State,2020-11-08,,estimate,1.21,1.21,0.06,1.13,1.18,1.2,1.22,1.25,1.31
Sachsen-Anhalt State,2020-11-09,,estimate,1.21,1.22,0.06,1.13,1.18,1.2,1.22,1.25,1.32
Sachsen-Anhalt State,2020-11-10,,estimate,1.21,1.22,0.06,1.14,1.18,1.2,1.22,1.25,1.32
Sachsen-Anhalt State,2020-11-11,,estimate,1.21,1.22,0.06,1.14,1.18,1.2,1.22,1.25,1.32
Sachsen-Anhalt State,2020-11-12,,estimate,1.21,1.22,0.06,1.15,1.18,1.2,1.23,1.25,1.33
Sachsen-Anhalt State,2020-11-13,,estimate,1.21,1.22,0.06,1.15,1.19,1.2,1.23,1.25,1.33
Sachsen-Anhalt State,2020-11-14,,estimate,1.21,1.22,0.06,1.15,1.19,1.2,1.23,1.26,1.34
Sachsen-Anhalt State,2020-11-15,,estimate,1.21,1.22,0.06,1.15,1.19,1.2,1.23,1.25,1.34
Sachsen-Anhalt State,2020-11-16,,estimate,1.21,1.22,0.06,1.15,1.19,1.2,1.23,1.25,1.34
Sachsen-Anhalt State,2020-11-17,,estimate,1.21,1.22,0.06,1.15,1.19,1.2,1.23,1.25,1.34
Sachsen-Anhalt State,2020-11-18,,estimate,1.21,1.22,0.06,1.15,1.19,1.2,1.22,1.25,1.34
Sachsen-Anhalt State,2020-11-19,,estimate,1.21,1.22,0.06,1.15,1.19,1.2,1.22,1.25,1.33
Sachsen-Anhalt State,2020-11-20,,estimate,1.21,1.22,0.06,1.15,1.18,1.2,1.22,1.25,1.33
Sachsen-Anhalt State,2020-11-21,,estimate,1.21,1.22,0.06,1.15,1.18,1.2,1.22,1.25,1.33
Sachsen-Anhalt State,2020-11-22,,estimate,1.21,1.22,0.06,1.15,1.18,1.2,1.22,1.24,1.32
Sachsen-Anhalt State,2020-11-23,,estimate,1.21,1.22,0.06,1.15,1.18,1.2,1.22,1.24,1.32
Sachsen-Anhalt State,2020-11-24,,estimate,1.21,1.21,0.06,1.14,1.18,1.2,1.22,1.24,1.31
Sachsen-Anhalt State,2020-11-25,,estimate,1.2,1.21,0.05,1.14,1.18,1.19,1.21,1.24,1.3
Sachsen-Anhalt State,2020-11-26,,estimate,1.2,1.21,0.05,1.14,1.18,1.19,1.21,1.23,1.3
Sachsen-Anhalt State,2020-11-27,,estimate,1.2,1.21,0.05,1.14,1.18,1.19,1.21,1.23,1.3
Sachsen-Anhalt State,2020-11-28,,estimate,1.2,1.2,0.05,1.13,1.17,1.19,1.21,1.23,1.29
Sachsen-Anhalt State,2020-11-29,,estimate,1.19,1.2,0.05,1.13,1.17,1.19,1.2,1.22,1.29
Sachsen-Anhalt State,2020-11-30,,estimate,1.19,1.2,0.05,1.13,1.17,1.18,1.2,1.22,1.28
Sachsen-Anhalt State,2020-12-01,,estimate,1.19,1.19,0.05,1.12,1.16,1.18,1.2,1.22,1.28
Sachsen-Anhalt State,2020-12-02,,estimate,1.19,1.19,0.05,1.12,1.16,1.18,1.19,1.21,1.27
Sachsen-Anhalt State,2020-12-03,,estimate,1.18,1.18,0.05,1.11,1.16,1.17,1.19,1.21,1.27
Sachsen-Anhalt State,2020-12-04,,estimate,1.18,1.18,0.05,1.11,1.16,1.17,1.19,1.21,1.26
Sachsen-Anhalt State,2020-12-05,,estimate,1.18,1.18,0.05,1.1,1.15,1.17,1.19,1.2,1.25
Sachsen-Anhalt State,2020-12-06,,estimate,1.18,1.17,0.05,1.09,1.15,1.17,1.18,1.2,1.25
Sachsen-Anhalt State,2020-12-07,,estimate,1.17,1.17,0.05,1.09,1.14,1.16,1.18,1.2,1.24
Sachsen-Anhalt State,2020-12-08,,estimate,1.17,1.17,0.05,1.08,1.14,1.16,1.18,1.2,1.24
Sachsen-Anhalt State,2020-12-09,,estimate,1.17,1.16,0.05,1.08,1.14,1.16,1.18,1.19,1.23
Sachsen-Anhalt State,2020-12-10,,estimate,1.16,1.16,0.05,1.07,1.13,1.15,1.17,1.19,1.23
Sachsen-Anhalt State,2020-12-11,,estimate,1.16,1.16,0.05,1.07,1.13,1.15,1.17,1.19,1.23
Sachsen-Anhalt State,2020-12-12,,estimate,1.16,1.15,0.05,1.06,1.12,1.15,1.17,1.19,1.22
Sachsen-Anhalt State,2020-12-13,,estimate,1.15,1.15,0.05,1.06,1.12,1.14,1.17,1.18,1.22
Sachsen-Anhalt State,2020-12-14,,estimate,1.15,1.15,0.06,1.05,1.11,1.14,1.16,1.18,1.22
Sachsen-Anhalt State,2020-12-15,,estimate,1.15,1.14,0.06,1.04,1.11,1.14,1.16,1.18,1.22
Sachsen-Anhalt State,2020-12-16,,estimate,1.15,1.14,0.06,1.04,1.11,1.13,1.16,1.18,1.22
Sachsen-Anhalt State,2020-12-17,,estimate,1.15,1.14,0.06,1.03,1.1,1.13,1.16,1.18,1.22
Sachsen-Anhalt State,2020-12-18,,estimate,1.14,1.13,0.06,1.02,1.1,1.13,1.16,1.18,1.22
Sachsen-Anhalt State,2020-12-19,,estimate,1.14,1.13,0.06,1.02,1.1,1.13,1.16,1.18,1.22
Sachsen-Anhalt State,2020-12-20,,estimate,1.14,1.13,0.07,1.02,1.09,1.12,1.15,1.18,1.22
Sachsen-Anhalt State,2020-12-21,,estimate,1.14,1.13,0.07,1.01,1.09,1.12,1.15,1.18,1.22
Sachsen-Anhalt State,2020-12-22,,estimate,1.14,1.13,0.07,1,1.09,1.12,1.16,1.18,1.23
Sachsen-Anhalt State,2020-12-23,,estimate,1.14,1.13,0.08,1,1.09,1.12,1.16,1.18,1.23
Sachsen-Anhalt State,2020-12-24,,estimate,1.14,1.13,0.08,0.99,1.08,1.12,1.16,1.18,1.23
Sachsen-Anhalt State,2020-12-25,,estimate based on partial data,1.14,1.13,0.08,0.98,1.08,1.12,1.16,1.18,1.24
Sachsen-Anhalt State,2020-12-26,,estimate based on partial data,1.14,1.13,0.09,0.97,1.08,1.12,1.16,1.18,1.24
Sachsen-Anhalt State,2020-12-27,,estimate based on partial data,1.14,1.13,0.09,0.96,1.08,1.12,1.16,1.18,1.26
Sachsen-Anhalt State,2020-12-28,,estimate based on partial data,1.14,1.13,0.1,0.95,1.07,1.12,1.16,1.19,1.27
Sachsen-Anhalt State,2020-12-29,,estimate based on partial data,1.14,1.13,0.1,0.95,1.07,1.12,1.16,1.19,1.28
Sachsen-Anhalt State,2020-12-30,,estimate based on partial data,1.14,1.13,0.11,0.94,1.07,1.12,1.16,1.19,1.29
Sachsen-Anhalt State,2020-12-31,,estimate based on partial data,1.14,1.13,0.12,0.93,1.07,1.12,1.16,1.19,1.3
Sachsen-Anhalt State,2021-01-01,,estimate based on partial data,1.14,1.13,0.13,0.92,1.07,1.12,1.17,1.19,1.32
Sachsen-Anhalt State,2021-01-02,,estimate based on partial data,1.14,1.13,0.13,0.9,1.07,1.12,1.17,1.2,1.33
Sachsen-Anhalt State,2021-01-03,,estimate based on partial data,1.14,1.13,0.14,0.89,1.07,1.12,1.17,1.2,1.34
Sachsen-Anhalt State,2021-01-04,,estimate based on partial data,1.14,1.13,0.15,0.88,1.07,1.12,1.17,1.2,1.36
Sachsen-Anhalt State,2021-01-05,,estimate based on partial data,1.14,1.14,0.16,0.87,1.07,1.12,1.17,1.2,1.37
Sachsen-Anhalt State,2021-01-06,,estimate based on partial data,1.15,1.14,0.18,0.86,1.06,1.12,1.17,1.2,1.39
Sachsen-Anhalt State,2021-01-07,,estimate based on partial data,1.15,1.14,0.19,0.85,1.06,1.12,1.17,1.21,1.41
Sachsen-Anhalt State,2021-01-08,,estimate based on partial data,1.15,1.14,0.2,0.85,1.06,1.12,1.17,1.21,1.42
Sachsen-Anhalt State,2021-01-09,,estimate based on partial data,1.15,1.15,0.21,0.84,1.06,1.12,1.17,1.21,1.44
Sachsen-Anhalt State,2021-01-10,,estimate based on partial data,1.15,1.15,0.22,0.83,1.06,1.12,1.17,1.21,1.46
Sachsen-Anhalt State,2021-01-11,,estimate based on partial data,1.15,1.15,0.23,0.82,1.06,1.12,1.17,1.21,1.49
Sachsen-Anhalt State,2021-01-12,,forecast,1.15,1.15,0.23,0.82,1.06,1.12,1.17,1.21,1.49
Sachsen-Anhalt State,2021-01-13,,forecast,1.15,1.15,0.23,0.82,1.06,1.12,1.17,1.21,1.49
Sachsen-Anhalt State,2021-01-14,,forecast,1.15,1.15,0.23,0.82,1.06,1.12,1.17,1.21,1.49
Sachsen-Anhalt State,2021-01-15,,forecast,1.15,1.15,0.23,0.82,1.06,1.12,1.17,1.21,1.49
Sachsen-Anhalt State,2021-01-16,,forecast,1.15,1.15,0.23,0.82,1.06,1.12,1.17,1.21,1.49
Sachsen-Anhalt State,2021-01-17,,forecast,1.15,1.15,0.23,0.82,1.06,1.12,1.17,1.21,1.49
Sachsen-Anhalt State,2021-01-18,,forecast,1.15,1.15,0.23,0.82,1.06,1.12,1.17,1.21,1.49
Sachsen-Anhalt State,2021-01-19,,forecast,1.15,1.15,0.23,0.82,1.06,1.12,1.17,1.21,1.49
Sachsen-Anhalt State,2021-01-20,,forecast,1.15,1.15,0.23,0.82,1.06,1.12,1.17,1.21,1.49
Sachsen-Anhalt State,2021-01-21,,forecast,1.15,1.15,0.23,0.82,1.06,1.12,1.17,1.21,1.49
Sachsen-Anhalt State,2021-01-22,,forecast,1.15,1.15,0.23,0.82,1.06,1.12,1.17,1.21,1.49
Sachsen-Anhalt State,2021-01-23,,forecast,1.15,1.15,0.23,0.82,1.06,1.12,1.17,1.21,1.49
Sachsen-Anhalt State,2021-01-24,,forecast,1.15,1.15,0.23,0.82,1.06,1.12,1.17,1.21,1.49
Sachsen-Anhalt State,2021-01-25,,forecast,1.15,1.15,0.23,0.82,1.06,1.12,1.17,1.21,1.49
Sachsen-Anhalt State,2021-01-26,,forecast,1.15,1.15,0.23,0.82,1.06,1.12,1.17,1.21,1.49
Sachsen-Anhalt State,2021-01-27,,forecast,1.15,1.15,0.23,0.82,1.06,1.12,1.17,1.21,1.49
Sachsen-Anhalt State,2021-01-28,,forecast,1.15,1.15,0.23,0.82,1.06,1.12,1.17,1.21,1.49
Sachsen-Anhalt State,2021-01-29,,forecast,1.15,1.15,0.23,0.82,1.06,1.12,1.17,1.21,1.49
Sachsen-Anhalt State,2021-01-30,,forecast,1.15,1.15,0.23,0.82,1.06,1.12,1.17,1.21,1.49
Sachsen-Anhalt State,2021-01-31,,forecast,1.15,1.15,0.23,0.82,1.06,1.12,1.17,1.21,1.49
Sachsen-Anhalt State,2021-02-01,,forecast,1.15,1.15,0.23,0.82,1.06,1.12,1.17,1.21,1.49
Sachsen-Anhalt State,2021-02-02,,forecast,1.15,1.15,0.23,0.82,1.06,1.12,1.17,1.21,1.49
Sachsen-Anhalt State,2021-02-03,,forecast,1.15,1.15,0.23,0.82,1.06,1.12,1.17,1.21,1.49
Sachsen-Anhalt State,2021-02-04,,forecast,1.15,1.15,0.23,0.82,1.06,1.12,1.17,1.21,1.49
Sachsen-Anhalt State,2021-02-05,,forecast,1.15,1.15,0.23,0.82,1.06,1.12,1.17,1.21,1.49
Sachsen-Anhalt State,2021-02-06,,forecast,1.15,1.15,0.23,0.82,1.06,1.12,1.17,1.21,1.49
Sachsen-Anhalt State,2021-02-07,,forecast,1.15,1.15,0.23,0.82,1.06,1.12,1.17,1.21,1.49
Sachsen-Anhalt State,2021-02-08,,forecast,1.15,1.15,0.23,0.82,1.06,1.12,1.17,1.21,1.49
Sachsen-Anhalt State,2021-02-09,,forecast,1.15,1.15,0.23,0.82,1.06,1.12,1.17,1.21,1.49
Sachsen-Anhalt State,2021-02-10,,forecast,1.15,1.15,0.23,0.82,1.06,1.12,1.17,1.21,1.49
Schleswig-Holstein State,2020-10-23,,estimate,0.98,0.99,0.11,0.82,0.92,0.95,1.01,1.05,1.18
Schleswig-Holstein State,2020-10-24,,estimate,0.98,0.98,0.1,0.82,0.92,0.95,1,1.04,1.16
Schleswig-Holstein State,2020-10-25,,estimate,0.97,0.98,0.1,0.82,0.92,0.95,1,1.03,1.15
Schleswig-Holstein State,2020-10-26,,estimate,0.97,0.97,0.09,0.83,0.91,0.95,0.99,1.03,1.13
Schleswig-Holstein State,2020-10-27,,estimate,0.97,0.97,0.09,0.83,0.91,0.95,0.99,1.02,1.12
Schleswig-Holstein State,2020-10-28,,estimate,0.97,0.97,0.09,0.83,0.91,0.95,0.98,1.02,1.11
Schleswig-Holstein State,2020-10-29,,estimate,0.96,0.96,0.08,0.83,0.91,0.94,0.98,1.01,1.1
Schleswig-Holstein State,2020-10-30,,estimate,0.96,0.96,0.08,0.82,0.91,0.94,0.98,1.01,1.09
Schleswig-Holstein State,2020-10-31,,estimate,0.96,0.96,0.08,0.82,0.91,0.94,0.98,1.01,1.08
Schleswig-Holstein State,2020-11-01,,estimate,0.96,0.96,0.08,0.82,0.91,0.94,0.98,1.01,1.08
Schleswig-Holstein State,2020-11-02,,estimate,0.96,0.95,0.08,0.82,0.91,0.94,0.98,1.01,1.07
Schleswig-Holstein State,2020-11-03,,estimate,0.96,0.95,0.08,0.82,0.91,0.94,0.98,1.01,1.07
Schleswig-Holstein State,2020-11-04,,estimate,0.96,0.96,0.08,0.82,0.91,0.94,0.98,1.01,1.07
Schleswig-Holstein State,2020-11-05,,estimate,0.96,0.96,0.08,0.82,0.91,0.95,0.98,1.01,1.07
Schleswig-Holstein State,2020-11-06,,estimate,0.97,0.96,0.08,0.83,0.92,0.95,0.98,1.01,1.07
Schleswig-Holstein State,2020-11-07,,estimate,0.97,0.96,0.07,0.83,0.92,0.95,0.99,1.01,1.07
Schleswig-Holstein State,2020-11-08,,estimate,0.98,0.97,0.07,0.84,0.93,0.96,0.99,1.02,1.08
Schleswig-Holstein State,2020-11-09,,estimate,0.98,0.97,0.07,0.85,0.93,0.96,1,1.02,1.08
Schleswig-Holstein State,2020-11-10,,estimate,0.99,0.98,0.07,0.86,0.94,0.97,1,1.03,1.08
Schleswig-Holstein State,2020-11-11,,estimate,0.99,0.99,0.07,0.87,0.95,0.98,1.01,1.03,1.08
Schleswig-Holstein State,2020-11-12,,estimate,1,0.99,0.07,0.88,0.96,0.99,1.01,1.04,1.09
Schleswig-Holstein State,2020-11-13,,estimate,1.01,1,0.07,0.89,0.97,0.99,1.02,1.04,1.1
Schleswig-Holstein State,2020-11-14,,estimate,1.02,1.01,0.07,0.9,0.98,1,1.03,1.05,1.11
Schleswig-Holstein State,2020-11-15,,estimate,1.03,1.02,0.07,0.91,0.99,1.01,1.04,1.06,1.11
Schleswig-Holstein State,2020-11-16,,estimate,1.04,1.03,0.07,0.92,1,1.02,1.05,1.07,1.12
Schleswig-Holstein State,2020-11-17,,estimate,1.05,1.04,0.07,0.94,1.01,1.03,1.06,1.08,1.13
Schleswig-Holstein State,2020-11-18,,estimate,1.06,1.05,0.07,0.95,1.02,1.04,1.07,1.09,1.15
Schleswig-Holstein State,2020-11-19,,estimate,1.07,1.07,0.07,0.96,1.03,1.05,1.08,1.1,1.16
Schleswig-Holstein State,2020-11-20,,estimate,1.08,1.08,0.07,0.97,1.04,1.06,1.09,1.11,1.18
Schleswig-Holstein State,2020-11-21,,estimate,1.09,1.09,0.07,0.99,1.05,1.07,1.1,1.12,1.19
Schleswig-Holstein State,2020-11-22,,estimate,1.09,1.1,0.07,1,1.06,1.08,1.11,1.13,1.21
Schleswig-Holstein State,2020-11-23,,estimate,1.1,1.11,0.07,1.01,1.07,1.09,1.12,1.14,1.22
Schleswig-Holstein State,2020-11-24,,estimate,1.11,1.12,0.07,1.02,1.08,1.1,1.13,1.15,1.24
Schleswig-Holstein State,2020-11-25,,estimate,1.12,1.13,0.07,1.03,1.09,1.11,1.14,1.16,1.25
Schleswig-Holstein State,2020-11-26,,estimate,1.13,1.14,0.07,1.04,1.1,1.12,1.15,1.17,1.26
Schleswig-Holstein State,2020-11-27,,estimate,1.14,1.15,0.08,1.05,1.1,1.13,1.15,1.18,1.28
Schleswig-Holstein State,2020-11-28,,estimate,1.15,1.16,0.08,1.06,1.11,1.13,1.16,1.19,1.29
Schleswig-Holstein State,2020-11-29,,estimate,1.15,1.17,0.08,1.07,1.12,1.14,1.17,1.2,1.3
Schleswig-Holstein State,2020-11-30,,estimate,1.16,1.17,0.08,1.07,1.13,1.15,1.18,1.21,1.31
Schleswig-Holstein State,2020-12-01,,estimate,1.17,1.18,0.08,1.08,1.13,1.15,1.19,1.22,1.31
Schleswig-Holstein State,2020-12-02,,estimate,1.17,1.19,0.08,1.09,1.14,1.16,1.19,1.23,1.32
Schleswig-Holstein State,2020-12-03,,estimate,1.18,1.19,0.08,1.09,1.14,1.17,1.2,1.23,1.33
Schleswig-Holstein State,2020-12-04,,estimate,1.19,1.2,0.07,1.1,1.15,1.17,1.2,1.24,1.33
Schleswig-Holstein State,2020-12-05,,estimate,1.19,1.2,0.07,1.1,1.15,1.18,1.21,1.24,1.33
Schleswig-Holstein State,2020-12-06,,estimate,1.2,1.21,0.07,1.11,1.16,1.18,1.21,1.25,1.34
Schleswig-Holstein State,2020-12-07,,estimate,1.2,1.21,0.07,1.11,1.16,1.19,1.22,1.25,1.34
Schleswig-Holstein State,2020-12-08,,estimate,1.2,1.21,0.07,1.12,1.16,1.19,1.22,1.25,1.34
Schleswig-Holstein State,2020-12-09,,estimate,1.21,1.22,0.07,1.12,1.17,1.19,1.22,1.26,1.34
Schleswig-Holstein State,2020-12-10,,estimate,1.21,1.22,0.07,1.12,1.17,1.2,1.23,1.26,1.34
Schleswig-Holstein State,2020-12-11,,estimate,1.21,1.22,0.07,1.12,1.18,1.2,1.23,1.26,1.34
Schleswig-Holstein State,2020-12-12,,estimate,1.21,1.22,0.07,1.12,1.18,1.2,1.23,1.26,1.35
Schleswig-Holstein State,2020-12-13,,estimate,1.21,1.22,0.07,1.12,1.18,1.2,1.23,1.26,1.35
Schleswig-Holstein State,2020-12-14,,estimate,1.21,1.22,0.07,1.12,1.18,1.2,1.23,1.26,1.34
Schleswig-Holstein State,2020-12-15,,estimate,1.21,1.22,0.07,1.12,1.18,1.2,1.23,1.26,1.34
Schleswig-Holstein State,2020-12-16,,estimate,1.21,1.22,0.07,1.12,1.18,1.2,1.23,1.26,1.34
Schleswig-Holstein State,2020-12-17,,estimate,1.21,1.22,0.07,1.11,1.17,1.2,1.23,1.25,1.33
Schleswig-Holstein State,2020-12-18,,estimate,1.21,1.21,0.07,1.11,1.17,1.2,1.23,1.25,1.33
Schleswig-Holstein State,2020-12-19,,estimate,1.21,1.21,0.07,1.1,1.17,1.19,1.23,1.25,1.33
Schleswig-Holstein State,2020-12-20,,estimate,1.21,1.21,0.07,1.09,1.17,1.19,1.22,1.25,1.33
Schleswig-Holstein State,2020-12-21,,estimate,1.21,1.21,0.08,1.09,1.16,1.19,1.22,1.25,1.33
Schleswig-Holstein State,2020-12-22,,estimate,1.2,1.2,0.08,1.07,1.16,1.19,1.22,1.25,1.33
Schleswig-Holstein State,2020-12-23,,estimate,1.2,1.2,0.09,1.06,1.15,1.18,1.22,1.25,1.34
Schleswig-Holstein State,2020-12-24,,estimate,1.2,1.2,0.09,1.05,1.14,1.18,1.22,1.25,1.34
Schleswig-Holstein State,2020-12-25,,estimate based on partial data,1.2,1.19,0.1,1.03,1.14,1.17,1.22,1.25,1.35
Schleswig-Holstein State,2020-12-26,,estimate based on partial data,1.19,1.19,0.11,1.02,1.13,1.17,1.22,1.26,1.35
Schleswig-Holstein State,2020-12-27,,estimate based on partial data,1.19,1.19,0.11,1,1.12,1.16,1.21,1.26,1.37
Schleswig-Holstein State,2020-12-28,,estimate based on partial data,1.19,1.19,0.12,0.98,1.12,1.16,1.21,1.26,1.38
Schleswig-Holstein State,2020-12-29,,estimate based on partial data,1.19,1.18,0.13,0.96,1.11,1.16,1.21,1.26,1.39
Schleswig-Holstein State,2020-12-30,,estimate based on partial data,1.19,1.18,0.14,0.94,1.11,1.16,1.21,1.27,1.4
Schleswig-Holstein State,2020-12-31,,estimate based on partial data,1.18,1.18,0.15,0.92,1.1,1.16,1.22,1.27,1.41
Schleswig-Holstein State,2021-01-01,,estimate based on partial data,1.18,1.18,0.16,0.9,1.09,1.15,1.22,1.27,1.42
Schleswig-Holstein State,2021-01-02,,estimate based on partial data,1.18,1.18,0.18,0.89,1.09,1.15,1.22,1.28,1.45
Schleswig-Holstein State,2021-01-03,,estimate based on partial data,1.18,1.18,0.19,0.87,1.08,1.15,1.22,1.28,1.47
Schleswig-Holstein State,2021-01-04,,estimate based on partial data,1.18,1.18,0.21,0.84,1.07,1.14,1.22,1.29,1.49
Schleswig-Holstein State,2021-01-05,,estimate based on partial data,1.18,1.18,0.22,0.83,1.06,1.14,1.22,1.29,1.51
Schleswig-Holstein State,2021-01-06,,estimate based on partial data,1.18,1.18,0.24,0.82,1.05,1.14,1.22,1.3,1.54
Schleswig-Holstein State,2021-01-07,,estimate based on partial data,1.18,1.18,0.26,0.79,1.05,1.14,1.22,1.3,1.56
Schleswig-Holstein State,2021-01-08,,estimate based on partial data,1.18,1.18,0.29,0.76,1.04,1.14,1.22,1.3,1.6
Schleswig-Holstein State,2021-01-09,,estimate based on partial data,1.18,1.19,0.31,0.74,1.03,1.13,1.22,1.31,1.63
Schleswig-Holstein State,2021-01-10,,estimate based on partial data,1.17,1.19,0.34,0.73,1.03,1.13,1.23,1.31,1.66
Schleswig-Holstein State,2021-01-11,,estimate based on partial data,1.17,1.19,0.36,0.72,1.03,1.12,1.23,1.31,1.69
Schleswig-Holstein State,2021-01-12,,forecast,1.17,1.19,0.36,0.72,1.03,1.12,1.23,1.31,1.69
Schleswig-Holstein State,2021-01-13,,forecast,1.17,1.19,0.36,0.72,1.03,1.12,1.23,1.31,1.69
Schleswig-Holstein State,2021-01-14,,forecast,1.17,1.19,0.36,0.72,1.03,1.12,1.23,1.31,1.69
Schleswig-Holstein State,2021-01-15,,forecast,1.17,1.19,0.36,0.72,1.03,1.12,1.23,1.31,1.69
Schleswig-Holstein State,2021-01-16,,forecast,1.17,1.19,0.36,0.72,1.03,1.12,1.23,1.31,1.69
Schleswig-Holstein State,2021-01-17,,forecast,1.17,1.19,0.36,0.72,1.03,1.12,1.23,1.31,1.69
Schleswig-Holstein State,2021-01-18,,forecast,1.17,1.19,0.36,0.72,1.03,1.12,1.23,1.31,1.69
Schleswig-Holstein State,2021-01-19,,forecast,1.17,1.19,0.36,0.72,1.03,1.12,1.23,1.31,1.69
Schleswig-Holstein State,2021-01-20,,forecast,1.17,1.19,0.36,0.72,1.03,1.12,1.23,1.31,1.69
Schleswig-Holstein State,2021-01-21,,forecast,1.17,1.19,0.36,0.72,1.03,1.12,1.23,1.31,1.69
Schleswig-Holstein State,2021-01-22,,forecast,1.17,1.19,0.36,0.72,1.03,1.12,1.23,1.31,1.69
Schleswig-Holstein State,2021-01-23,,forecast,1.17,1.19,0.36,0.72,1.03,1.12,1.23,1.31,1.69
Schleswig-Holstein State,2021-01-24,,forecast,1.17,1.19,0.36,0.72,1.03,1.12,1.23,1.31,1.69
Schleswig-Holstein State,2021-01-25,,forecast,1.17,1.19,0.36,0.72,1.03,1.12,1.23,1.31,1.69
Schleswig-Holstein State,2021-01-26,,forecast,1.17,1.19,0.36,0.72,1.03,1.12,1.23,1.31,1.69
Schleswig-Holstein State,2021-01-27,,forecast,1.17,1.19,0.36,0.72,1.03,1.12,1.23,1.31,1.69
Schleswig-Holstein State,2021-01-28,,forecast,1.17,1.19,0.36,0.72,1.03,1.12,1.23,1.31,1.69
Schleswig-Holstein State,2021-01-29,,forecast,1.17,1.19,0.36,0.72,1.03,1.12,1.23,1.31,1.69
Schleswig-Holstein State,2021-01-30,,forecast,1.17,1.19,0.36,0.72,1.03,1.12,1.23,1.31,1.69
Schleswig-Holstein State,2021-01-31,,forecast,1.17,1.19,0.36,0.72,1.03,1.12,1.23,1.31,1.69
Schleswig-Holstein State,2021-02-01,,forecast,1.17,1.19,0.36,0.72,1.03,1.12,1.23,1.31,1.69
Schleswig-Holstein State,2021-02-02,,forecast,1.17,1.19,0.36,0.72,1.03,1.12,1.23,1.31,1.69
Schleswig-Holstein State,2021-02-03,,forecast,1.17,1.19,0.36,0.72,1.03,1.12,1.23,1.31,1.69
Schleswig-Holstein State,2021-02-04,,forecast,1.17,1.19,0.36,0.72,1.03,1.12,1.23,1.31,1.69
Schleswig-Holstein State,2021-02-05,,forecast,1.17,1.19,0.36,0.72,1.03,1.12,1.23,1.31,1.69
Schleswig-Holstein State,2021-02-06,,forecast,1.17,1.19,0.36,0.72,1.03,1.12,1.23,1.31,1.69
Schleswig-Holstein State,2021-02-07,,forecast,1.17,1.19,0.36,0.72,1.03,1.12,1.23,1.31,1.69
Schleswig-Holstein State,2021-02-08,,forecast,1.17,1.19,0.36,0.72,1.03,1.12,1.23,1.31,1.69
Schleswig-Holstein State,2021-02-09,,forecast,1.17,1.19,0.36,0.72,1.03,1.12,1.23,1.31,1.69
Schleswig-Holstein State,2021-02-10,,forecast,1.17,1.19,0.36,0.72,1.03,1.12,1.23,1.31,1.69
Slaskie,2020-10-20,,estimate,1.17,1.18,0.12,1,1.1,1.14,1.2,1.25,1.38
Slaskie,2020-10-21,,estimate,1.17,1.18,0.11,1.01,1.1,1.15,1.2,1.24,1.36
Slaskie,2020-10-22,,estimate,1.17,1.18,0.1,1.02,1.11,1.15,1.19,1.24,1.35
Slaskie,2020-10-23,,estimate,1.17,1.17,0.09,1.03,1.11,1.15,1.19,1.23,1.33
Slaskie,2020-10-24,,estimate,1.17,1.17,0.08,1.04,1.12,1.15,1.19,1.23,1.32
Slaskie,2020-10-25,,estimate,1.17,1.17,0.08,1.05,1.12,1.15,1.19,1.22,1.3
Slaskie,2020-10-26,,estimate,1.17,1.17,0.07,1.06,1.12,1.15,1.19,1.22,1.29
Slaskie,2020-10-27,,estimate,1.17,1.17,0.07,1.06,1.12,1.15,1.18,1.21,1.28
Slaskie,2020-10-28,,estimate,1.16,1.16,0.07,1.06,1.12,1.15,1.18,1.21,1.27
Slaskie,2020-10-29,,estimate,1.16,1.16,0.06,1.06,1.12,1.14,1.17,1.2,1.27
Slaskie,2020-10-30,,estimate,1.15,1.16,0.06,1.06,1.12,1.14,1.17,1.19,1.26
Slaskie,2020-10-31,,estimate,1.15,1.15,0.06,1.06,1.11,1.13,1.16,1.18,1.25
Slaskie,2020-11-01,,estimate,1.14,1.14,0.06,1.06,1.1,1.12,1.15,1.18,1.24
Slaskie,2020-11-02,,estimate,1.13,1.13,0.06,1.05,1.09,1.12,1.14,1.17,1.23
Slaskie,2020-11-03,,estimate,1.12,1.12,0.06,1.04,1.09,1.11,1.13,1.16,1.22
Slaskie,2020-11-04,,estimate,1.11,1.11,0.05,1.03,1.08,1.1,1.12,1.15,1.21
Slaskie,2020-11-05,,estimate,1.1,1.1,0.05,1.02,1.07,1.08,1.11,1.13,1.2
Slaskie,2020-11-06,,estimate,1.09,1.09,0.05,1.02,1.06,1.07,1.1,1.12,1.18
Slaskie,2020-11-07,,estimate,1.07,1.08,0.05,1.01,1.04,1.06,1.08,1.11,1.16
Slaskie,2020-11-08,,estimate,1.06,1.06,0.05,0.99,1.03,1.05,1.07,1.09,1.15
Slaskie,2020-11-09,,estimate,1.05,1.05,0.05,0.98,1.02,1.04,1.06,1.08,1.13
Slaskie,2020-11-10,,estimate,1.04,1.04,0.04,0.97,1.01,1.03,1.05,1.06,1.11
Slaskie,2020-11-11,,estimate,1.02,1.03,0.04,0.96,1,1.01,1.03,1.05,1.1
Slaskie,2020-11-12,,estimate,1.01,1.01,0.04,0.95,0.99,1,1.02,1.04,1.08
Slaskie,2020-11-13,,estimate,1,1,0.04,0.93,0.97,0.99,1.01,1.02,1.06
Slaskie,2020-11-14,,estimate,0.99,0.99,0.04,0.92,0.96,0.98,1,1.01,1.05
Slaskie,2020-11-15,,estimate,0.98,0.97,0.04,0.91,0.95,0.97,0.99,1,1.03
Slaskie,2020-11-16,,estimate,0.97,0.96,0.04,0.9,0.94,0.96,0.97,0.99,1.02
Slaskie,2020-11-17,,estimate,0.95,0.95,0.04,0.88,0.93,0.94,0.96,0.98,1.01
Slaskie,2020-11-18,,estimate,0.94,0.94,0.04,0.88,0.92,0.93,0.95,0.97,1
Slaskie,2020-11-19,,estimate,0.93,0.93,0.04,0.86,0.91,0.92,0.94,0.96,0.99
Slaskie,2020-11-20,,estimate,0.93,0.92,0.04,0.85,0.9,0.91,0.93,0.95,0.99
Slaskie,2020-11-21,,estimate,0.92,0.91,0.04,0.84,0.89,0.91,0.93,0.94,0.98
Slaskie,2020-11-22,,estimate,0.91,0.91,0.04,0.84,0.88,0.9,0.92,0.93,0.97
Slaskie,2020-11-23,,estimate,0.9,0.9,0.04,0.83,0.87,0.89,0.91,0.93,0.97
Slaskie,2020-11-24,,estimate,0.89,0.89,0.04,0.82,0.86,0.88,0.9,0.92,0.96
Slaskie,2020-11-25,,estimate,0.89,0.89,0.04,0.81,0.86,0.88,0.9,0.92,0.95
Slaskie,2020-11-26,,estimate,0.88,0.88,0.04,0.81,0.85,0.87,0.89,0.91,0.95
Slaskie,2020-11-27,,estimate,0.88,0.88,0.04,0.8,0.85,0.87,0.89,0.91,0.94
Slaskie,2020-11-28,,estimate,0.88,0.87,0.04,0.8,0.85,0.86,0.89,0.9,0.94
Slaskie,2020-11-29,,estimate,0.87,0.87,0.04,0.8,0.84,0.86,0.88,0.9,0.93
Slaskie,2020-11-30,,estimate,0.87,0.87,0.04,0.79,0.84,0.86,0.88,0.9,0.93
Slaskie,2020-12-01,,estimate,0.87,0.87,0.04,0.79,0.84,0.86,0.88,0.9,0.93
Slaskie,2020-12-02,,estimate,0.87,0.87,0.04,0.79,0.84,0.86,0.88,0.9,0.93
Slaskie,2020-12-03,,estimate,0.87,0.86,0.04,0.79,0.84,0.86,0.88,0.89,0.93
Slaskie,2020-12-04,,estimate,0.87,0.87,0.04,0.79,0.84,0.86,0.88,0.9,0.93
Slaskie,2020-12-05,,estimate,0.87,0.87,0.04,0.79,0.84,0.86,0.88,0.9,0.93
Slaskie,2020-12-06,,estimate,0.87,0.87,0.04,0.8,0.84,0.86,0.88,0.9,0.93
Slaskie,2020-12-07,,estimate,0.87,0.87,0.04,0.8,0.85,0.86,0.88,0.9,0.93
Slaskie,2020-12-08,,estimate,0.88,0.87,0.04,0.8,0.85,0.87,0.89,0.9,0.94
Slaskie,2020-12-09,,estimate,0.88,0.88,0.04,0.81,0.85,0.87,0.89,0.9,0.94
Slaskie,2020-12-10,,estimate,0.88,0.88,0.04,0.81,0.86,0.87,0.89,0.91,0.95
Slaskie,2020-12-11,,estimate,0.89,0.89,0.04,0.82,0.86,0.88,0.9,0.91,0.95
Slaskie,2020-12-12,,estimate,0.89,0.89,0.04,0.82,0.86,0.88,0.9,0.92,0.96
Slaskie,2020-12-13,,estimate,0.9,0.9,0.05,0.83,0.87,0.89,0.91,0.92,0.97
Slaskie,2020-12-14,,estimate,0.9,0.9,0.05,0.83,0.87,0.89,0.91,0.93,0.98
Slaskie,2020-12-15,,estimate,0.91,0.91,0.05,0.84,0.88,0.9,0.92,0.94,0.99
Slaskie,2020-12-16,,estimate,0.91,0.92,0.05,0.84,0.88,0.9,0.92,0.94,1
Slaskie,2020-12-17,,estimate,0.92,0.92,0.05,0.85,0.89,0.91,0.93,0.95,1.01
Slaskie,2020-12-18,,estimate,0.92,0.93,0.05,0.85,0.89,0.91,0.94,0.96,1.02
Slaskie,2020-12-19,,estimate,0.93,0.93,0.06,0.85,0.9,0.92,0.94,0.97,1.03
Slaskie,2020-12-20,,estimate,0.94,0.94,0.06,0.86,0.9,0.92,0.95,0.97,1.04
Slaskie,2020-12-21,,estimate,0.94,0.95,0.06,0.86,0.9,0.93,0.96,0.98,1.05
Slaskie,2020-12-22,,estimate,0.95,0.95,0.06,0.86,0.91,0.93,0.96,0.99,1.07
Slaskie,2020-12-23,,estimate,0.95,0.96,0.07,0.86,0.91,0.94,0.97,1,1.08
Slaskie,2020-12-24,,estimate,0.96,0.96,0.07,0.85,0.91,0.94,0.98,1.01,1.1
Slaskie,2020-12-25,,estimate,0.96,0.97,0.08,0.85,0.91,0.94,0.99,1.02,1.11
Slaskie,2020-12-26,,estimate based on partial data,0.97,0.97,0.09,0.84,0.92,0.95,0.99,1.03,1.12
Slaskie,2020-12-27,,estimate based on partial data,0.97,0.98,0.09,0.84,0.92,0.95,1,1.04,1.14
Slaskie,2020-12-28,,estimate based on partial data,0.97,0.98,0.1,0.83,0.91,0.95,1,1.05,1.16
Slaskie,2020-12-29,,estimate based on partial data,0.98,0.99,0.11,0.82,0.91,0.95,1,1.05,1.18
Slaskie,2020-12-30,,estimate based on partial data,0.98,0.99,0.12,0.81,0.91,0.95,1.01,1.06,1.2
Slaskie,2020-12-31,,estimate based on partial data,0.98,0.99,0.13,0.81,0.91,0.95,1.01,1.07,1.22
Slaskie,2021-01-01,,estimate based on partial data,0.98,1,0.14,0.8,0.9,0.95,1.02,1.07,1.24
Slaskie,2021-01-02,,estimate based on partial data,0.99,1,0.15,0.78,0.9,0.96,1.02,1.08,1.27
Slaskie,2021-01-03,,estimate based on partial data,0.99,1,0.16,0.78,0.9,0.95,1.02,1.09,1.29
Slaskie,2021-01-04,,estimate based on partial data,0.99,1,0.17,0.77,0.89,0.95,1.02,1.09,1.31
Slaskie,2021-01-05,,estimate based on partial data,0.99,1.01,0.18,0.75,0.89,0.95,1.03,1.1,1.33
Slaskie,2021-01-06,,estimate based on partial data,0.99,1.01,0.2,0.74,0.89,0.95,1.03,1.11,1.36
Slaskie,2021-01-07,,estimate based on partial data,0.99,1.01,0.21,0.73,0.89,0.95,1.03,1.11,1.39
Slaskie,2021-01-08,,estimate based on partial data,0.99,1.01,0.22,0.71,0.88,0.95,1.03,1.12,1.42
Slaskie,2021-01-09,,estimate based on partial data,0.99,1.02,0.24,0.7,0.88,0.95,1.04,1.12,1.44
Slaskie,2021-01-10,,estimate based on partial data,0.99,1.02,0.25,0.69,0.87,0.95,1.04,1.13,1.47
Slaskie,2021-01-11,,estimate based on partial data,0.99,1.02,0.27,0.67,0.87,0.95,1.04,1.13,1.49
Slaskie,2021-01-12,,estimate based on partial data,0.99,1.03,0.28,0.66,0.86,0.94,1.04,1.13,1.52
Slaskie,2021-01-13,,forecast,0.99,1.03,0.28,0.66,0.86,0.94,1.04,1.13,1.52
Slaskie,2021-01-14,,forecast,0.99,1.03,0.28,0.66,0.86,0.94,1.04,1.13,1.52
Slaskie,2021-01-15,,forecast,0.99,1.03,0.28,0.66,0.86,0.94,1.04,1.13,1.52
Slaskie,2021-01-16,,forecast,0.99,1.03,0.28,0.66,0.86,0.94,1.04,1.13,1.52
Slaskie,2021-01-17,,forecast,0.99,1.03,0.28,0.66,0.86,0.94,1.04,1.13,1.52
Slaskie,2021-01-18,,forecast,0.99,1.03,0.28,0.66,0.86,0.94,1.04,1.13,1.52
Slaskie,2021-01-19,,forecast,0.99,1.03,0.28,0.66,0.86,0.94,1.04,1.13,1.52
Slaskie,2021-01-20,,forecast,0.99,1.03,0.28,0.66,0.86,0.94,1.04,1.13,1.52
Slaskie,2021-01-21,,forecast,0.99,1.03,0.28,0.66,0.86,0.94,1.04,1.13,1.52
Slaskie,2021-01-22,,forecast,0.99,1.03,0.28,0.66,0.86,0.94,1.04,1.13,1.52
Slaskie,2021-01-23,,forecast,0.99,1.03,0.28,0.66,0.86,0.94,1.04,1.13,1.52
Slaskie,2021-01-24,,forecast,0.99,1.03,0.28,0.66,0.86,0.94,1.04,1.13,1.52
Slaskie,2021-01-25,,forecast,0.99,1.03,0.28,0.66,0.86,0.94,1.04,1.13,1.52
Slaskie,2021-01-26,,forecast,0.99,1.03,0.28,0.66,0.86,0.94,1.04,1.13,1.52
Slaskie,2021-01-27,,forecast,0.99,1.03,0.28,0.66,0.86,0.94,1.04,1.13,1.52
Slaskie,2021-01-28,,forecast,0.99,1.03,0.28,0.66,0.86,0.94,1.04,1.13,1.52
Slaskie,2021-01-29,,forecast,0.99,1.03,0.28,0.66,0.86,0.94,1.04,1.13,1.52
Slaskie,2021-01-30,,forecast,0.99,1.03,0.28,0.66,0.86,0.94,1.04,1.13,1.52
Slaskie,2021-01-31,,forecast,0.99,1.03,0.28,0.66,0.86,0.94,1.04,1.13,1.52
Slaskie,2021-02-01,,forecast,0.99,1.03,0.28,0.66,0.86,0.94,1.04,1.13,1.52
Slaskie,2021-02-02,,forecast,0.99,1.03,0.28,0.66,0.86,0.94,1.04,1.13,1.52
Slaskie,2021-02-03,,forecast,0.99,1.03,0.28,0.66,0.86,0.94,1.04,1.13,1.52
Slaskie,2021-02-04,,forecast,0.99,1.03,0.28,0.66,0.86,0.94,1.04,1.13,1.52
Slaskie,2021-02-05,,forecast,0.99,1.03,0.28,0.66,0.86,0.94,1.04,1.13,1.52
Slaskie,2021-02-06,,forecast,0.99,1.03,0.28,0.66,0.86,0.94,1.04,1.13,1.52
Slaskie,2021-02-07,,forecast,0.99,1.03,0.28,0.66,0.86,0.94,1.04,1.13,1.52
Slaskie,2021-02-08,,forecast,0.99,1.03,0.28,0.66,0.86,0.94,1.04,1.13,1.52
Slaskie,2021-02-09,,forecast,0.99,1.03,0.28,0.66,0.86,0.94,1.04,1.13,1.52
Slaskie,2021-02-10,,forecast,0.99,1.03,0.28,0.66,0.86,0.94,1.04,1.13,1.52
Swietokrzyskie,2020-10-22,,estimate,1.03,1.04,0.1,0.89,0.98,1.01,1.06,1.1,1.22
Swietokrzyskie,2020-10-23,,estimate,1.03,1.04,0.09,0.9,0.98,1.01,1.06,1.09,1.2
Swietokrzyskie,2020-10-24,,estimate,1.03,1.04,0.09,0.9,0.98,1.01,1.05,1.09,1.19
Swietokrzyskie,2020-10-25,,estimate,1.03,1.03,0.08,0.91,0.98,1.01,1.05,1.08,1.17
Swietokrzyskie,2020-10-26,,estimate,1.03,1.03,0.07,0.91,0.98,1.01,1.05,1.08,1.16
Swietokrzyskie,2020-10-27,,estimate,1.03,1.03,0.07,0.92,0.98,1.01,1.05,1.07,1.15
Swietokrzyskie,2020-10-28,,estimate,1.02,1.03,0.07,0.92,0.98,1.01,1.04,1.07,1.14
Swietokrzyskie,2020-10-29,,estimate,1.02,1.03,0.06,0.93,0.98,1.01,1.04,1.07,1.13
Swietokrzyskie,2020-10-30,,estimate,1.02,1.02,0.06,0.93,0.98,1.01,1.03,1.06,1.12
Swietokrzyskie,2020-10-31,,estimate,1.02,1.02,0.06,0.93,0.98,1,1.03,1.06,1.11
Swietokrzyskie,2020-11-01,,estimate,1.02,1.02,0.05,0.94,0.98,1,1.03,1.05,1.11
Swietokrzyskie,2020-11-02,,estimate,1.01,1.02,0.05,0.94,0.98,1,1.03,1.05,1.1
Swietokrzyskie,2020-11-03,,estimate,1.01,1.01,0.05,0.94,0.98,1,1.03,1.05,1.1
Swietokrzyskie,2020-11-04,,estimate,1.01,1.01,0.05,0.94,0.98,1,1.02,1.04,1.09
Swietokrzyskie,2020-11-05,,estimate,1.01,1.01,0.05,0.94,0.98,1,1.02,1.04,1.09
Swietokrzyskie,2020-11-06,,estimate,1.01,1.01,0.05,0.94,0.98,1,1.02,1.04,1.08
Swietokrzyskie,2020-11-07,,estimate,1,1,0.05,0.94,0.97,0.99,1.01,1.03,1.08
Swietokrzyskie,2020-11-08,,estimate,1,1,0.05,0.93,0.97,0.99,1.01,1.03,1.08
Swietokrzyskie,2020-11-09,,estimate,1,1,0.04,0.93,0.97,0.99,1.01,1.03,1.07
Swietokrzyskie,2020-11-10,,estimate,0.99,1,0.04,0.93,0.97,0.98,1.01,1.02,1.07
Swietokrzyskie,2020-11-11,,estimate,0.99,0.99,0.04,0.93,0.97,0.98,1,1.02,1.07
Swietokrzyskie,2020-11-12,,estimate,0.99,0.99,0.04,0.93,0.96,0.98,1,1.02,1.07
Swietokrzyskie,2020-11-13,,estimate,0.98,0.99,0.04,0.92,0.96,0.98,0.99,1.01,1.06
Swietokrzyskie,2020-11-14,,estimate,0.98,0.98,0.04,0.92,0.96,0.97,0.99,1.01,1.06
Swietokrzyskie,2020-11-15,,estimate,0.98,0.98,0.04,0.92,0.95,0.97,0.99,1.01,1.05
Swietokrzyskie,2020-11-16,,estimate,0.97,0.98,0.04,0.91,0.95,0.97,0.98,1,1.05
Swietokrzyskie,2020-11-17,,estimate,0.97,0.97,0.04,0.91,0.95,0.96,0.98,1,1.05
Swietokrzyskie,2020-11-18,,estimate,0.97,0.97,0.04,0.91,0.94,0.96,0.98,0.99,1.04
Swietokrzyskie,2020-11-19,,estimate,0.96,0.96,0.04,0.9,0.94,0.95,0.97,0.99,1.04
Swietokrzyskie,2020-11-20,,estimate,0.96,0.96,0.04,0.9,0.93,0.95,0.97,0.98,1.03
Swietokrzyskie,2020-11-21,,estimate,0.95,0.96,0.04,0.89,0.93,0.94,0.96,0.98,1.03
Swietokrzyskie,2020-11-22,,estimate,0.95,0.95,0.04,0.89,0.93,0.94,0.96,0.97,1.02
Swietokrzyskie,2020-11-23,,estimate,0.94,0.95,0.04,0.88,0.92,0.93,0.95,0.97,1.02
Swietokrzyskie,2020-11-24,,estimate,0.94,0.94,0.04,0.88,0.91,0.93,0.95,0.96,1.01
Swietokrzyskie,2020-11-25,,estimate,0.93,0.94,0.04,0.87,0.91,0.93,0.94,0.96,1.01
Swietokrzyskie,2020-11-26,,estimate,0.93,0.93,0.04,0.86,0.91,0.92,0.94,0.95,1
Swietokrzyskie,2020-11-27,,estimate,0.93,0.93,0.04,0.86,0.9,0.92,0.93,0.95,1
Swietokrzyskie,2020-11-28,,estimate,0.92,0.92,0.04,0.85,0.9,0.91,0.93,0.95,0.99
Swietokrzyskie,2020-11-29,,estimate,0.92,0.92,0.04,0.84,0.89,0.91,0.93,0.94,0.98
Swietokrzyskie,2020-11-30,,estimate,0.91,0.91,0.04,0.84,0.89,0.9,0.92,0.94,0.98
Swietokrzyskie,2020-12-01,,estimate,0.91,0.91,0.04,0.83,0.88,0.9,0.92,0.93,0.97
Swietokrzyskie,2020-12-02,,estimate,0.9,0.9,0.04,0.83,0.88,0.89,0.91,0.93,0.97
Swietokrzyskie,2020-12-03,,estimate,0.9,0.9,0.04,0.83,0.87,0.89,0.91,0.92,0.96
Swietokrzyskie,2020-12-04,,estimate,0.89,0.89,0.04,0.82,0.87,0.88,0.9,0.92,0.96
Swietokrzyskie,2020-12-05,,estimate,0.89,0.89,0.04,0.82,0.86,0.88,0.9,0.92,0.95
Swietokrzyskie,2020-12-06,,estimate,0.89,0.88,0.04,0.81,0.86,0.88,0.9,0.91,0.95
Swietokrzyskie,2020-12-07,,estimate,0.88,0.88,0.04,0.81,0.85,0.87,0.89,0.91,0.95
Swietokrzyskie,2020-12-08,,estimate,0.88,0.88,0.05,0.8,0.85,0.87,0.89,0.9,0.94
Swietokrzyskie,2020-12-09,,estimate,0.88,0.87,0.05,0.8,0.84,0.86,0.88,0.9,0.94
Swietokrzyskie,2020-12-10,,estimate,0.87,0.87,0.05,0.79,0.84,0.86,0.88,0.9,0.94
Swietokrzyskie,2020-12-11,,estimate,0.87,0.87,0.05,0.79,0.84,0.86,0.88,0.9,0.94
Swietokrzyskie,2020-12-12,,estimate,0.86,0.86,0.05,0.78,0.83,0.85,0.88,0.89,0.93
Swietokrzyskie,2020-12-13,,estimate,0.86,0.86,0.05,0.78,0.83,0.85,0.87,0.89,0.93
Swietokrzyskie,2020-12-14,,estimate,0.86,0.86,0.05,0.77,0.83,0.85,0.87,0.89,0.93
Swietokrzyskie,2020-12-15,,estimate,0.86,0.85,0.05,0.77,0.82,0.84,0.87,0.89,0.93
Swietokrzyskie,2020-12-16,,estimate,0.85,0.85,0.05,0.76,0.82,0.84,0.87,0.88,0.93
Swietokrzyskie,2020-12-17,,estimate,0.85,0.85,0.06,0.75,0.81,0.84,0.86,0.88,0.93
Swietokrzyskie,2020-12-18,,estimate,0.85,0.85,0.06,0.75,0.81,0.84,0.86,0.88,0.93
Swietokrzyskie,2020-12-19,,estimate,0.85,0.85,0.06,0.74,0.81,0.83,0.86,0.89,0.94
Swietokrzyskie,2020-12-20,,estimate,0.85,0.84,0.06,0.73,0.8,0.83,0.86,0.89,0.94
Swietokrzyskie,2020-12-21,,estimate,0.85,0.84,0.07,0.72,0.8,0.83,0.86,0.89,0.95
Swietokrzyskie,2020-12-22,,estimate,0.85,0.84,0.07,0.72,0.8,0.83,0.86,0.89,0.95
Swietokrzyskie,2020-12-23,,estimate,0.84,0.84,0.08,0.71,0.8,0.83,0.86,0.89,0.96
Swietokrzyskie,2020-12-24,,estimate,0.84,0.84,0.08,0.7,0.79,0.83,0.86,0.89,0.96
Swietokrzyskie,2020-12-25,,estimate,0.84,0.84,0.09,0.69,0.79,0.82,0.86,0.9,0.97
Swietokrzyskie,2020-12-26,,estimate based on partial data,0.84,0.84,0.09,0.68,0.79,0.82,0.86,0.9,0.98
Swietokrzyskie,2020-12-27,,estimate based on partial data,0.84,0.84,0.1,0.68,0.79,0.82,0.87,0.9,1
Swietokrzyskie,2020-12-28,,estimate based on partial data,0.84,0.84,0.1,0.67,0.78,0.82,0.87,0.9,1
Swietokrzyskie,2020-12-29,,estimate based on partial data,0.84,0.84,0.11,0.66,0.78,0.82,0.87,0.91,1.01
Swietokrzyskie,2020-12-30,,estimate based on partial data,0.84,0.84,0.12,0.65,0.78,0.82,0.87,0.91,1.03
Swietokrzyskie,2020-12-31,,estimate based on partial data,0.84,0.84,0.13,0.64,0.77,0.82,0.87,0.91,1.04
Swietokrzyskie,2021-01-01,,estimate based on partial data,0.84,0.84,0.14,0.62,0.77,0.82,0.87,0.92,1.06
Swietokrzyskie,2021-01-02,,estimate based on partial data,0.85,0.85,0.15,0.62,0.77,0.82,0.87,0.92,1.07
Swietokrzyskie,2021-01-03,,estimate based on partial data,0.85,0.85,0.16,0.61,0.77,0.82,0.87,0.92,1.09
Swietokrzyskie,2021-01-04,,estimate based on partial data,0.85,0.85,0.17,0.6,0.77,0.81,0.87,0.93,1.11
Swietokrzyskie,2021-01-05,,estimate based on partial data,0.84,0.85,0.18,0.59,0.76,0.81,0.87,0.93,1.12
Swietokrzyskie,2021-01-06,,estimate based on partial data,0.85,0.85,0.19,0.58,0.76,0.81,0.87,0.93,1.14
Swietokrzyskie,2021-01-07,,estimate based on partial data,0.84,0.86,0.2,0.58,0.76,0.81,0.88,0.94,1.15
Swietokrzyskie,2021-01-08,,estimate based on partial data,0.85,0.86,0.21,0.57,0.76,0.81,0.88,0.94,1.17
Swietokrzyskie,2021-01-09,,estimate based on partial data,0.85,0.86,0.22,0.56,0.75,0.81,0.88,0.94,1.19
Swietokrzyskie,2021-01-10,,estimate based on partial data,0.85,0.86,0.23,0.56,0.75,0.81,0.88,0.95,1.21
Swietokrzyskie,2021-01-11,,estimate based on partial data,0.85,0.87,0.25,0.55,0.75,0.81,0.88,0.95,1.23
Swietokrzyskie,2021-01-12,,estimate based on partial data,0.85,0.87,0.26,0.54,0.74,0.81,0.88,0.95,1.25
Swietokrzyskie,2021-01-13,,forecast,0.85,0.87,0.26,0.54,0.74,0.81,0.88,0.95,1.25
Swietokrzyskie,2021-01-14,,forecast,0.85,0.87,0.26,0.54,0.74,0.81,0.88,0.95,1.25
Swietokrzyskie,2021-01-15,,forecast,0.85,0.87,0.26,0.54,0.74,0.81,0.88,0.95,1.25
Swietokrzyskie,2021-01-16,,forecast,0.85,0.87,0.26,0.54,0.74,0.81,0.88,0.95,1.25
Swietokrzyskie,2021-01-17,,forecast,0.85,0.87,0.26,0.54,0.74,0.81,0.88,0.95,1.25
Swietokrzyskie,2021-01-18,,forecast,0.85,0.87,0.26,0.54,0.74,0.81,0.88,0.95,1.25
Swietokrzyskie,2021-01-19,,forecast,0.85,0.87,0.26,0.54,0.74,0.81,0.88,0.95,1.25
Swietokrzyskie,2021-01-20,,forecast,0.85,0.87,0.26,0.54,0.74,0.81,0.88,0.95,1.25
Swietokrzyskie,2021-01-21,,forecast,0.85,0.87,0.26,0.54,0.74,0.81,0.88,0.95,1.25
Swietokrzyskie,2021-01-22,,forecast,0.85,0.87,0.26,0.54,0.74,0.81,0.88,0.95,1.25
Swietokrzyskie,2021-01-23,,forecast,0.85,0.87,0.26,0.54,0.74,0.81,0.88,0.95,1.25
Swietokrzyskie,2021-01-24,,forecast,0.85,0.87,0.26,0.54,0.74,0.81,0.88,0.95,1.25
Swietokrzyskie,2021-01-25,,forecast,0.85,0.87,0.26,0.54,0.74,0.81,0.88,0.95,1.25
Swietokrzyskie,2021-01-26,,forecast,0.85,0.87,0.26,0.54,0.74,0.81,0.88,0.95,1.25
Swietokrzyskie,2021-01-27,,forecast,0.85,0.87,0.26,0.54,0.74,0.81,0.88,0.95,1.25
Swietokrzyskie,2021-01-28,,forecast,0.85,0.87,0.26,0.54,0.74,0.81,0.88,0.95,1.25
Swietokrzyskie,2021-01-29,,forecast,0.85,0.87,0.26,0.54,0.74,0.81,0.88,0.95,1.25
Swietokrzyskie,2021-01-30,,forecast,0.85,0.87,0.26,0.54,0.74,0.81,0.88,0.95,1.25
Swietokrzyskie,2021-01-31,,forecast,0.85,0.87,0.26,0.54,0.74,0.81,0.88,0.95,1.25
Swietokrzyskie,2021-02-01,,forecast,0.85,0.87,0.26,0.54,0.74,0.81,0.88,0.95,1.25
Swietokrzyskie,2021-02-02,,forecast,0.85,0.87,0.26,0.54,0.74,0.81,0.88,0.95,1.25
Swietokrzyskie,2021-02-03,,forecast,0.85,0.87,0.26,0.54,0.74,0.81,0.88,0.95,1.25
Swietokrzyskie,2021-02-04,,forecast,0.85,0.87,0.26,0.54,0.74,0.81,0.88,0.95,1.25
Swietokrzyskie,2021-02-05,,forecast,0.85,0.87,0.26,0.54,0.74,0.81,0.88,0.95,1.25
Swietokrzyskie,2021-02-06,,forecast,0.85,0.87,0.26,0.54,0.74,0.81,0.88,0.95,1.25
Swietokrzyskie,2021-02-07,,forecast,0.85,0.87,0.26,0.54,0.74,0.81,0.88,0.95,1.25
Swietokrzyskie,2021-02-08,,forecast,0.85,0.87,0.26,0.54,0.74,0.81,0.88,0.95,1.25
Swietokrzyskie,2021-02-09,,forecast,0.85,0.87,0.26,0.54,0.74,0.81,0.88,0.95,1.25
Swietokrzyskie,2021-02-10,,forecast,0.85,0.87,0.26,0.54,0.74,0.81,0.88,0.95,1.25
Warminsko-Mazurskie,2020-10-20,,estimate,1.19,1.19,0.14,0.99,1.1,1.16,1.22,1.28,1.42
Warminsko-Mazurskie,2020-10-21,,estimate,1.19,1.19,0.13,1,1.11,1.16,1.22,1.27,1.42
Warminsko-Mazurskie,2020-10-22,,estimate,1.19,1.2,0.12,1.01,1.11,1.16,1.22,1.27,1.4
Warminsko-Mazurskie,2020-10-23,,estimate,1.19,1.2,0.11,1.03,1.12,1.16,1.22,1.27,1.39
Warminsko-Mazurskie,2020-10-24,,estimate,1.19,1.2,0.11,1.03,1.13,1.17,1.22,1.27,1.39
Warminsko-Mazurskie,2020-10-25,,estimate,1.19,1.2,0.11,1.04,1.13,1.17,1.22,1.26,1.38
Warminsko-Mazurskie,2020-10-26,,estimate,1.19,1.2,0.1,1.05,1.14,1.17,1.22,1.26,1.37
Warminsko-Mazurskie,2020-10-27,,estimate,1.19,1.2,0.1,1.05,1.14,1.17,1.22,1.26,1.37
Warminsko-Mazurskie,2020-10-28,,estimate,1.19,1.2,0.09,1.06,1.14,1.17,1.22,1.26,1.37
Warminsko-Mazurskie,2020-10-29,,estimate,1.19,1.2,0.09,1.06,1.14,1.17,1.21,1.25,1.36
Warminsko-Mazurskie,2020-10-30,,estimate,1.19,1.2,0.09,1.06,1.14,1.17,1.21,1.25,1.35
Warminsko-Mazurskie,2020-10-31,,estimate,1.19,1.2,0.08,1.07,1.14,1.17,1.21,1.25,1.35
Warminsko-Mazurskie,2020-11-01,,estimate,1.19,1.2,0.08,1.07,1.14,1.17,1.21,1.24,1.34
Warminsko-Mazurskie,2020-11-02,,estimate,1.19,1.19,0.08,1.08,1.14,1.17,1.21,1.24,1.33
Warminsko-Mazurskie,2020-11-03,,estimate,1.18,1.19,0.08,1.08,1.14,1.17,1.2,1.24,1.33
Warminsko-Mazurskie,2020-11-04,,estimate,1.18,1.19,0.08,1.07,1.14,1.16,1.2,1.23,1.32
Warminsko-Mazurskie,2020-11-05,,estimate,1.18,1.18,0.08,1.07,1.13,1.16,1.19,1.23,1.31
Warminsko-Mazurskie,2020-11-06,,estimate,1.17,1.18,0.08,1.07,1.13,1.16,1.19,1.22,1.31
Warminsko-Mazurskie,2020-11-07,,estimate,1.16,1.17,0.07,1.07,1.12,1.15,1.18,1.21,1.3
Warminsko-Mazurskie,2020-11-08,,estimate,1.16,1.17,0.07,1.06,1.12,1.14,1.17,1.21,1.3
Warminsko-Mazurskie,2020-11-09,,estimate,1.15,1.16,0.07,1.06,1.11,1.14,1.17,1.2,1.29
Warminsko-Mazurskie,2020-11-10,,estimate,1.14,1.15,0.07,1.05,1.1,1.13,1.16,1.19,1.28
Warminsko-Mazurskie,2020-11-11,,estimate,1.13,1.14,0.07,1.04,1.09,1.12,1.15,1.18,1.27
Warminsko-Mazurskie,2020-11-12,,estimate,1.12,1.13,0.07,1.04,1.08,1.11,1.14,1.17,1.26
Warminsko-Mazurskie,2020-11-13,,estimate,1.11,1.12,0.07,1.02,1.08,1.1,1.13,1.16,1.25
Warminsko-Mazurskie,2020-11-14,,estimate,1.1,1.11,0.07,1.01,1.07,1.09,1.12,1.15,1.24
Warminsko-Mazurskie,2020-11-15,,estimate,1.09,1.1,0.07,1,1.06,1.08,1.11,1.13,1.22
Warminsko-Mazurskie,2020-11-16,,estimate,1.08,1.09,0.07,0.99,1.05,1.07,1.1,1.12,1.21
Warminsko-Mazurskie,2020-11-17,,estimate,1.07,1.08,0.07,0.98,1.04,1.06,1.09,1.11,1.19
Warminsko-Mazurskie,2020-11-18,,estimate,1.06,1.06,0.07,0.97,1.02,1.05,1.08,1.1,1.18
Warminsko-Mazurskie,2020-11-19,,estimate,1.05,1.05,0.07,0.95,1.02,1.04,1.06,1.08,1.16
Warminsko-Mazurskie,2020-11-20,,estimate,1.04,1.04,0.06,0.94,1.01,1.03,1.05,1.07,1.14
Warminsko-Mazurskie,2020-11-21,,estimate,1.03,1.03,0.06,0.93,0.99,1.01,1.04,1.06,1.13
Warminsko-Mazurskie,2020-11-22,,estimate,1.02,1.02,0.06,0.91,0.98,1,1.03,1.05,1.11
Warminsko-Mazurskie,2020-11-23,,estimate,1.01,1,0.06,0.9,0.97,0.99,1.02,1.04,1.1
Warminsko-Mazurskie,2020-11-24,,estimate,1,0.99,0.06,0.89,0.96,0.98,1.01,1.03,1.08
Warminsko-Mazurskie,2020-11-25,,estimate,0.99,0.98,0.06,0.88,0.95,0.97,1,1.02,1.07
Warminsko-Mazurskie,2020-11-26,,estimate,0.98,0.97,0.06,0.86,0.94,0.96,0.99,1.01,1.06
Warminsko-Mazurskie,2020-11-27,,estimate,0.97,0.96,0.06,0.85,0.93,0.95,0.98,1,1.05
Warminsko-Mazurskie,2020-11-28,,estimate,0.96,0.95,0.06,0.84,0.92,0.95,0.97,0.99,1.04
Warminsko-Mazurskie,2020-11-29,,estimate,0.95,0.95,0.06,0.83,0.91,0.94,0.97,0.99,1.04
Warminsko-Mazurskie,2020-11-30,,estimate,0.95,0.94,0.06,0.82,0.9,0.93,0.96,0.98,1.03
Warminsko-Mazurskie,2020-12-01,,estimate,0.94,0.93,0.06,0.81,0.9,0.93,0.96,0.98,1.02
Warminsko-Mazurskie,2020-12-02,,estimate,0.93,0.93,0.07,0.8,0.89,0.92,0.95,0.97,1.02
Warminsko-Mazurskie,2020-12-03,,estimate,0.93,0.92,0.07,0.8,0.89,0.92,0.94,0.97,1.01
Warminsko-Mazurskie,2020-12-04,,estimate,0.93,0.92,0.07,0.79,0.88,0.91,0.94,0.96,1.01
Warminsko-Mazurskie,2020-12-05,,estimate,0.92,0.92,0.07,0.79,0.88,0.91,0.94,0.96,1.01
Warminsko-Mazurskie,2020-12-06,,estimate,0.92,0.91,0.07,0.79,0.88,0.91,0.93,0.95,1
Warminsko-Mazurskie,2020-12-07,,estimate,0.92,0.91,0.07,0.79,0.88,0.9,0.93,0.95,1
Warminsko-Mazurskie,2020-12-08,,estimate,0.92,0.91,0.07,0.79,0.88,0.9,0.93,0.95,1
Warminsko-Mazurskie,2020-12-09,,estimate,0.92,0.91,0.06,0.8,0.87,0.9,0.93,0.95,1
Warminsko-Mazurskie,2020-12-10,,estimate,0.92,0.91,0.06,0.8,0.88,0.9,0.93,0.95,1
Warminsko-Mazurskie,2020-12-11,,estimate,0.92,0.91,0.06,0.81,0.88,0.9,0.93,0.95,1.01
Warminsko-Mazurskie,2020-12-12,,estimate,0.92,0.91,0.06,0.81,0.88,0.9,0.93,0.95,1.01
Warminsko-Mazurskie,2020-12-13,,estimate,0.92,0.92,0.06,0.82,0.88,0.9,0.93,0.95,1.02
Warminsko-Mazurskie,2020-12-14,,estimate,0.92,0.92,0.06,0.82,0.88,0.9,0.93,0.96,1.02
Warminsko-Mazurskie,2020-12-15,,estimate,0.92,0.92,0.06,0.82,0.88,0.91,0.94,0.96,1.03
Warminsko-Mazurskie,2020-12-16,,estimate,0.92,0.93,0.06,0.82,0.88,0.91,0.94,0.96,1.04
Warminsko-Mazurskie,2020-12-17,,estimate,0.93,0.93,0.07,0.83,0.89,0.91,0.94,0.97,1.04
Warminsko-Mazurskie,2020-12-18,,estimate,0.93,0.93,0.07,0.83,0.89,0.91,0.95,0.97,1.05
Warminsko-Mazurskie,2020-12-19,,estimate,0.93,0.94,0.07,0.83,0.89,0.92,0.95,0.98,1.07
Warminsko-Mazurskie,2020-12-20,,estimate,0.94,0.94,0.08,0.82,0.89,0.92,0.96,0.99,1.08
Warminsko-Mazurskie,2020-12-21,,estimate,0.94,0.95,0.08,0.82,0.89,0.92,0.96,1,1.09
Warminsko-Mazurskie,2020-12-22,,estimate,0.95,0.95,0.09,0.82,0.89,0.93,0.97,1.01,1.11
Warminsko-Mazurskie,2020-12-23,,estimate,0.95,0.96,0.1,0.81,0.89,0.93,0.97,1.01,1.12
Warminsko-Mazurskie,2020-12-24,,estimate,0.95,0.96,0.11,0.8,0.89,0.93,0.97,1.02,1.15
Warminsko-Mazurskie,2020-12-25,,estimate,0.96,0.96,0.11,0.8,0.89,0.93,0.98,1.03,1.17
Warminsko-Mazurskie,2020-12-26,,estimate based on partial data,0.96,0.97,0.12,0.79,0.89,0.93,0.98,1.03,1.18
Warminsko-Mazurskie,2020-12-27,,estimate based on partial data,0.96,0.97,0.13,0.78,0.89,0.93,0.98,1.04,1.2
Warminsko-Mazurskie,2020-12-28,,estimate based on partial data,0.96,0.97,0.14,0.77,0.89,0.93,0.99,1.05,1.22
Warminsko-Mazurskie,2020-12-29,,estimate based on partial data,0.96,0.98,0.15,0.76,0.88,0.93,0.99,1.05,1.24
Warminsko-Mazurskie,2020-12-30,,estimate based on partial data,0.96,0.98,0.16,0.75,0.88,0.93,0.99,1.06,1.26
Warminsko-Mazurskie,2020-12-31,,estimate based on partial data,0.96,0.98,0.17,0.74,0.88,0.93,0.99,1.06,1.29
Warminsko-Mazurskie,2021-01-01,,estimate based on partial data,0.96,0.98,0.18,0.73,0.88,0.93,1,1.07,1.33
Warminsko-Mazurskie,2021-01-02,,estimate based on partial data,0.96,0.99,0.2,0.72,0.87,0.93,1,1.07,1.35
Warminsko-Mazurskie,2021-01-03,,estimate based on partial data,0.96,0.99,0.21,0.7,0.87,0.93,1,1.07,1.38
Warminsko-Mazurskie,2021-01-04,,estimate based on partial data,0.96,0.99,0.22,0.69,0.87,0.92,1,1.08,1.42
Warminsko-Mazurskie,2021-01-05,,estimate based on partial data,0.96,1,0.24,0.68,0.86,0.92,1,1.08,1.44
Warminsko-Mazurskie,2021-01-06,,estimate based on partial data,0.96,1,0.25,0.67,0.86,0.92,1,1.09,1.47
Warminsko-Mazurskie,2021-01-07,,estimate based on partial data,0.96,1,0.27,0.67,0.85,0.92,1,1.09,1.49
Warminsko-Mazurskie,2021-01-08,,estimate based on partial data,0.96,1,0.29,0.65,0.85,0.92,1,1.1,1.53
Warminsko-Mazurskie,2021-01-09,,estimate based on partial data,0.96,1.01,0.31,0.65,0.85,0.91,1.01,1.1,1.56
Warminsko-Mazurskie,2021-01-10,,estimate based on partial data,0.96,1.01,0.33,0.64,0.84,0.91,1.01,1.1,1.59
Warminsko-Mazurskie,2021-01-11,,estimate based on partial data,0.96,1.01,0.35,0.62,0.84,0.91,1.01,1.1,1.62
Warminsko-Mazurskie,2021-01-12,,estimate based on partial data,0.96,1.02,0.38,0.61,0.83,0.91,1.01,1.1,1.66
Warminsko-Mazurskie,2021-01-13,,forecast,0.96,1.02,0.38,0.61,0.83,0.91,1.01,1.1,1.66
Warminsko-Mazurskie,2021-01-14,,forecast,0.96,1.02,0.38,0.61,0.83,0.91,1.01,1.1,1.66
Warminsko-Mazurskie,2021-01-15,,forecast,0.96,1.02,0.38,0.61,0.83,0.91,1.01,1.1,1.66
Warminsko-Mazurskie,2021-01-16,,forecast,0.96,1.02,0.38,0.61,0.83,0.91,1.01,1.1,1.66
Warminsko-Mazurskie,2021-01-17,,forecast,0.96,1.02,0.38,0.61,0.83,0.91,1.01,1.1,1.66
Warminsko-Mazurskie,2021-01-18,,forecast,0.96,1.02,0.38,0.61,0.83,0.91,1.01,1.1,1.66
Warminsko-Mazurskie,2021-01-19,,forecast,0.96,1.02,0.38,0.61,0.83,0.91,1.01,1.1,1.66
Warminsko-Mazurskie,2021-01-20,,forecast,0.96,1.02,0.38,0.61,0.83,0.91,1.01,1.1,1.66
Warminsko-Mazurskie,2021-01-21,,forecast,0.96,1.02,0.38,0.61,0.83,0.91,1.01,1.1,1.66
Warminsko-Mazurskie,2021-01-22,,forecast,0.96,1.02,0.38,0.61,0.83,0.91,1.01,1.1,1.66
Warminsko-Mazurskie,2021-01-23,,forecast,0.96,1.02,0.38,0.61,0.83,0.91,1.01,1.1,1.66
Warminsko-Mazurskie,2021-01-24,,forecast,0.96,1.02,0.38,0.61,0.83,0.91,1.01,1.1,1.66
Warminsko-Mazurskie,2021-01-25,,forecast,0.96,1.02,0.38,0.61,0.83,0.91,1.01,1.1,1.66
Warminsko-Mazurskie,2021-01-26,,forecast,0.96,1.02,0.38,0.61,0.83,0.91,1.01,1.1,1.66
Warminsko-Mazurskie,2021-01-27,,forecast,0.96,1.02,0.38,0.61,0.83,0.91,1.01,1.1,1.66
Warminsko-Mazurskie,2021-01-28,,forecast,0.96,1.02,0.38,0.61,0.83,0.91,1.01,1.1,1.66
Warminsko-Mazurskie,2021-01-29,,forecast,0.96,1.02,0.38,0.61,0.83,0.91,1.01,1.1,1.66
Warminsko-Mazurskie,2021-01-30,,forecast,0.96,1.02,0.38,0.61,0.83,0.91,1.01,1.1,1.66
Warminsko-Mazurskie,2021-01-31,,forecast,0.96,1.02,0.38,0.61,0.83,0.91,1.01,1.1,1.66
Warminsko-Mazurskie,2021-02-01,,forecast,0.96,1.02,0.38,0.61,0.83,0.91,1.01,1.1,1.66
Warminsko-Mazurskie,2021-02-02,,forecast,0.96,1.02,0.38,0.61,0.83,0.91,1.01,1.1,1.66
Warminsko-Mazurskie,2021-02-03,,forecast,0.96,1.02,0.38,0.61,0.83,0.91,1.01,1.1,1.66
Warminsko-Mazurskie,2021-02-04,,forecast,0.96,1.02,0.38,0.61,0.83,0.91,1.01,1.1,1.66
Warminsko-Mazurskie,2021-02-05,,forecast,0.96,1.02,0.38,0.61,0.83,0.91,1.01,1.1,1.66
Warminsko-Mazurskie,2021-02-06,,forecast,0.96,1.02,0.38,0.61,0.83,0.91,1.01,1.1,1.66
Warminsko-Mazurskie,2021-02-07,,forecast,0.96,1.02,0.38,0.61,0.83,0.91,1.01,1.1,1.66
Warminsko-Mazurskie,2021-02-08,,forecast,0.96,1.02,0.38,0.61,0.83,0.91,1.01,1.1,1.66
Warminsko-Mazurskie,2021-02-09,,forecast,0.96,1.02,0.38,0.61,0.83,0.91,1.01,1.1,1.66
Warminsko-Mazurskie,2021-02-10,,forecast,0.96,1.02,0.38,0.61,0.83,0.91,1.01,1.1,1.66
Wielkopolskie,2020-10-20,,estimate,1.15,1.16,0.1,1.01,1.1,1.13,1.18,1.22,1.33
Wielkopolskie,2020-10-21,,estimate,1.15,1.16,0.09,1.02,1.1,1.13,1.18,1.22,1.32
Wielkopolskie,2020-10-22,,estimate,1.15,1.16,0.08,1.03,1.1,1.14,1.18,1.21,1.31
Wielkopolskie,2020-10-23,,estimate,1.15,1.16,0.08,1.04,1.11,1.14,1.17,1.21,1.3
Wielkopolskie,2020-10-24,,estimate,1.15,1.16,0.07,1.05,1.11,1.14,1.17,1.2,1.29
Wielkopolskie,2020-10-25,,estimate,1.15,1.16,0.07,1.05,1.11,1.14,1.17,1.2,1.27
Wielkopolskie,2020-10-26,,estimate,1.15,1.16,0.06,1.06,1.11,1.14,1.17,1.19,1.27
Wielkopolskie,2020-10-27,,estimate,1.15,1.15,0.06,1.06,1.11,1.13,1.16,1.19,1.26
Wielkopolskie,2020-10-28,,estimate,1.15,1.15,0.06,1.06,1.11,1.13,1.16,1.18,1.25
Wielkopolskie,2020-10-29,,estimate,1.14,1.15,0.06,1.06,1.11,1.13,1.15,1.18,1.24
Wielkopolskie,2020-10-30,,estimate,1.14,1.14,0.05,1.06,1.11,1.12,1.15,1.17,1.23
Wielkopolskie,2020-10-31,,estimate,1.13,1.14,0.05,1.06,1.1,1.12,1.14,1.16,1.22
Wielkopolskie,2020-11-01,,estimate,1.13,1.13,0.05,1.06,1.1,1.12,1.14,1.16,1.22
Wielkopolskie,2020-11-02,,estimate,1.12,1.13,0.05,1.06,1.09,1.11,1.13,1.15,1.21
Wielkopolskie,2020-11-03,,estimate,1.11,1.12,0.05,1.05,1.09,1.11,1.13,1.14,1.2
Wielkopolskie,2020-11-04,,estimate,1.11,1.11,0.04,1.05,1.08,1.1,1.12,1.14,1.18
Wielkopolskie,2020-11-05,,estimate,1.1,1.1,0.04,1.04,1.08,1.09,1.11,1.13,1.17
Wielkopolskie,2020-11-06,,estimate,1.09,1.1,0.04,1.03,1.07,1.09,1.1,1.12,1.16
Wielkopolskie,2020-11-07,,estimate,1.09,1.09,0.04,1.02,1.06,1.08,1.1,1.11,1.15
Wielkopolskie,2020-11-08,,estimate,1.08,1.08,0.04,1.01,1.06,1.07,1.09,1.1,1.14
Wielkopolskie,2020-11-09,,estimate,1.07,1.07,0.04,1.01,1.05,1.07,1.08,1.09,1.13
Wielkopolskie,2020-11-10,,estimate,1.07,1.06,0.04,0.99,1.04,1.06,1.07,1.09,1.12
Wielkopolskie,2020-11-11,,estimate,1.06,1.06,0.04,0.98,1.04,1.05,1.07,1.08,1.11
Wielkopolskie,2020-11-12,,estimate,1.05,1.05,0.04,0.97,1.03,1.05,1.06,1.08,1.11
Wielkopolskie,2020-11-13,,estimate,1.05,1.04,0.04,0.96,1.02,1.04,1.06,1.07,1.1
Wielkopolskie,2020-11-14,,estimate,1.04,1.04,0.04,0.95,1.02,1.04,1.05,1.06,1.09
Wielkopolskie,2020-11-15,,estimate,1.04,1.03,0.04,0.95,1.01,1.03,1.05,1.06,1.09
Wielkopolskie,2020-11-16,,estimate,1.03,1.03,0.04,0.94,1.01,1.03,1.04,1.05,1.08
Wielkopolskie,2020-11-17,,estimate,1.03,1.02,0.04,0.94,1.01,1.02,1.04,1.05,1.08
Wielkopolskie,2020-11-18,,estimate,1.03,1.02,0.04,0.94,1,1.02,1.03,1.05,1.07
Wielkopolskie,2020-11-19,,estimate,1.02,1.02,0.04,0.94,1,1.02,1.03,1.04,1.07
Wielkopolskie,2020-11-20,,estimate,1.02,1.01,0.04,0.94,1,1.01,1.03,1.04,1.07
Wielkopolskie,2020-11-21,,estimate,1.02,1.01,0.04,0.95,1,1.01,1.02,1.04,1.07
Wielkopolskie,2020-11-22,,estimate,1.02,1.01,0.04,0.95,1,1.01,1.02,1.03,1.07
Wielkopolskie,2020-11-23,,estimate,1.01,1.01,0.04,0.95,0.99,1.01,1.02,1.03,1.06
Wielkopolskie,2020-11-24,,estimate,1.01,1.01,0.04,0.96,0.99,1,1.02,1.03,1.07
Wielkopolskie,2020-11-25,,estimate,1.01,1.01,0.04,0.96,0.99,1,1.02,1.03,1.07
Wielkopolskie,2020-11-26,,estimate,1.01,1.01,0.04,0.96,0.99,1,1.01,1.03,1.08
Wielkopolskie,2020-11-27,,estimate,1,1.01,0.04,0.96,0.99,1,1.01,1.03,1.08
Wielkopolskie,2020-11-28,,estimate,1,1.01,0.04,0.95,0.98,0.99,1.01,1.03,1.08
Wielkopolskie,2020-11-29,,estimate,1,1.01,0.04,0.95,0.98,0.99,1.01,1.02,1.08
Wielkopolskie,2020-11-30,,estimate,1,1,0.05,0.95,0.98,0.99,1.01,1.02,1.09
Wielkopolskie,2020-12-01,,estimate,0.99,1,0.05,0.95,0.97,0.99,1,1.02,1.08
Wielkopolskie,2020-12-02,,estimate,0.99,1,0.05,0.94,0.97,0.98,1,1.02,1.08
Wielkopolskie,2020-12-03,,estimate,0.99,1,0.05,0.94,0.97,0.98,1,1.01,1.08
Wielkopolskie,2020-12-04,,estimate,0.98,0.99,0.05,0.94,0.96,0.98,0.99,1.01,1.07
Wielkopolskie,2020-12-05,,estimate,0.98,0.99,0.04,0.93,0.96,0.97,0.99,1.01,1.06
Wielkopolskie,2020-12-06,,estimate,0.98,0.98,0.04,0.93,0.96,0.97,0.98,1,1.06
Wielkopolskie,2020-12-07,,estimate,0.97,0.98,0.04,0.92,0.95,0.96,0.98,0.99,1.05
Wielkopolskie,2020-12-08,,estimate,0.97,0.97,0.04,0.92,0.95,0.96,0.97,0.99,1.04
Wielkopolskie,2020-12-09,,estimate,0.96,0.96,0.04,0.91,0.94,0.95,0.97,0.98,1.03
Wielkopolskie,2020-12-10,,estimate,0.96,0.96,0.04,0.9,0.94,0.95,0.96,0.98,1.02
Wielkopolskie,2020-12-11,,estimate,0.95,0.95,0.04,0.9,0.93,0.94,0.96,0.97,1.01
Wielkopolskie,2020-12-12,,estimate,0.95,0.95,0.04,0.89,0.93,0.94,0.95,0.97,1
Wielkopolskie,2020-12-13,,estimate,0.94,0.94,0.04,0.88,0.92,0.93,0.95,0.96,1
Wielkopolskie,2020-12-14,,estimate,0.94,0.93,0.04,0.87,0.92,0.93,0.95,0.96,0.99
Wielkopolskie,2020-12-15,,estimate,0.93,0.93,0.04,0.86,0.91,0.93,0.94,0.95,0.99
Wielkopolskie,2020-12-16,,estimate,0.93,0.92,0.04,0.85,0.91,0.92,0.94,0.95,0.98
Wielkopolskie,2020-12-17,,estimate,0.93,0.92,0.04,0.85,0.9,0.92,0.93,0.95,0.98
Wielkopolskie,2020-12-18,,estimate,0.92,0.92,0.04,0.84,0.9,0.91,0.93,0.94,0.98
Wielkopolskie,2020-12-19,,estimate,0.92,0.91,0.04,0.83,0.89,0.91,0.93,0.94,0.98
Wielkopolskie,2020-12-20,,estimate,0.91,0.91,0.05,0.83,0.89,0.9,0.92,0.94,0.98
Wielkopolskie,2020-12-21,,estimate,0.91,0.91,0.05,0.82,0.88,0.9,0.92,0.94,0.98
Wielkopolskie,2020-12-22,,estimate,0.91,0.9,0.05,0.82,0.88,0.9,0.92,0.94,0.98
Wielkopolskie,2020-12-23,,estimate,0.91,0.9,0.05,0.81,0.87,0.89,0.92,0.94,0.98
Wielkopolskie,2020-12-24,,estimate,0.91,0.9,0.06,0.81,0.87,0.89,0.92,0.94,0.99
Wielkopolskie,2020-12-25,,estimate,0.91,0.9,0.06,0.8,0.87,0.89,0.92,0.94,0.99
Wielkopolskie,2020-12-26,,estimate based on partial data,0.91,0.9,0.07,0.79,0.86,0.89,0.92,0.94,1
Wielkopolskie,2020-12-27,,estimate based on partial data,0.9,0.9,0.07,0.78,0.86,0.89,0.92,0.94,1.01
Wielkopolskie,2020-12-28,,estimate based on partial data,0.9,0.9,0.08,0.77,0.86,0.89,0.92,0.95,1.02
Wielkopolskie,2020-12-29,,estimate based on partial data,0.9,0.9,0.08,0.76,0.85,0.89,0.92,0.95,1.03
Wielkopolskie,2020-12-30,,estimate based on partial data,0.9,0.9,0.09,0.75,0.85,0.89,0.92,0.95,1.04
Wielkopolskie,2020-12-31,,estimate based on partial data,0.9,0.9,0.09,0.74,0.85,0.88,0.92,0.95,1.05
Wielkopolskie,2021-01-01,,estimate based on partial data,0.9,0.9,0.1,0.73,0.85,0.88,0.92,0.95,1.06
Wielkopolskie,2021-01-02,,estimate based on partial data,0.9,0.9,0.11,0.72,0.85,0.88,0.92,0.96,1.07
Wielkopolskie,2021-01-03,,estimate based on partial data,0.9,0.9,0.12,0.71,0.84,0.88,0.93,0.96,1.09
Wielkopolskie,2021-01-04,,estimate based on partial data,0.9,0.9,0.13,0.7,0.84,0.88,0.93,0.96,1.1
Wielkopolskie,2021-01-05,,estimate based on partial data,0.9,0.91,0.14,0.69,0.84,0.88,0.93,0.97,1.12
Wielkopolskie,2021-01-06,,estimate based on partial data,0.9,0.91,0.15,0.69,0.83,0.88,0.93,0.97,1.13
Wielkopolskie,2021-01-07,,estimate based on partial data,0.9,0.91,0.17,0.68,0.83,0.87,0.93,0.97,1.15
Wielkopolskie,2021-01-08,,estimate based on partial data,0.9,0.91,0.19,0.67,0.83,0.87,0.93,0.98,1.16
Wielkopolskie,2021-01-09,,estimate based on partial data,0.9,0.91,0.2,0.66,0.82,0.87,0.93,0.98,1.18
Wielkopolskie,2021-01-10,,estimate based on partial data,0.9,0.92,0.23,0.65,0.82,0.87,0.93,0.98,1.2
Wielkopolskie,2021-01-11,,estimate based on partial data,0.9,0.92,0.25,0.64,0.82,0.87,0.93,0.98,1.21
Wielkopolskie,2021-01-12,,estimate based on partial data,0.9,0.92,0.28,0.63,0.81,0.87,0.94,0.99,1.23
Wielkopolskie,2021-01-13,,forecast,0.9,0.92,0.28,0.63,0.81,0.87,0.94,0.99,1.23
Wielkopolskie,2021-01-14,,forecast,0.9,0.92,0.28,0.63,0.81,0.87,0.94,0.99,1.23
Wielkopolskie,2021-01-15,,forecast,0.9,0.92,0.28,0.63,0.81,0.87,0.94,0.99,1.23
Wielkopolskie,2021-01-16,,forecast,0.9,0.92,0.28,0.63,0.81,0.87,0.94,0.99,1.23
Wielkopolskie,2021-01-17,,forecast,0.9,0.92,0.28,0.63,0.81,0.87,0.94,0.99,1.23
Wielkopolskie,2021-01-18,,forecast,0.9,0.92,0.28,0.63,0.81,0.87,0.94,0.99,1.23
Wielkopolskie,2021-01-19,,forecast,0.9,0.92,0.28,0.63,0.81,0.87,0.94,0.99,1.23
Wielkopolskie,2021-01-20,,forecast,0.9,0.92,0.28,0.63,0.81,0.87,0.94,0.99,1.23
Wielkopolskie,2021-01-21,,forecast,0.9,0.92,0.28,0.63,0.81,0.87,0.94,0.99,1.23
Wielkopolskie,2021-01-22,,forecast,0.9,0.92,0.28,0.63,0.81,0.87,0.94,0.99,1.23
Wielkopolskie,2021-01-23,,forecast,0.9,0.92,0.28,0.63,0.81,0.87,0.94,0.99,1.23
Wielkopolskie,2021-01-24,,forecast,0.9,0.92,0.28,0.63,0.81,0.87,0.94,0.99,1.23
Wielkopolskie,2021-01-25,,forecast,0.9,0.92,0.28,0.63,0.81,0.87,0.94,0.99,1.23
Wielkopolskie,2021-01-26,,forecast,0.9,0.92,0.28,0.63,0.81,0.87,0.94,0.99,1.23
Wielkopolskie,2021-01-27,,forecast,0.9,0.92,0.28,0.63,0.81,0.87,0.94,0.99,1.23
Wielkopolskie,2021-01-28,,forecast,0.9,0.92,0.28,0.63,0.81,0.87,0.94,0.99,1.23
Wielkopolskie,2021-01-29,,forecast,0.9,0.92,0.28,0.63,0.81,0.87,0.94,0.99,1.23
Wielkopolskie,2021-01-30,,forecast,0.9,0.92,0.28,0.63,0.81,0.87,0.94,0.99,1.23
Wielkopolskie,2021-01-31,,forecast,0.9,0.92,0.28,0.63,0.81,0.87,0.94,0.99,1.23
Wielkopolskie,2021-02-01,,forecast,0.9,0.92,0.28,0.63,0.81,0.87,0.94,0.99,1.23
Wielkopolskie,2021-02-02,,forecast,0.9,0.92,0.28,0.63,0.81,0.87,0.94,0.99,1.23
Wielkopolskie,2021-02-03,,forecast,0.9,0.92,0.28,0.63,0.81,0.87,0.94,0.99,1.23
Wielkopolskie,2021-02-04,,forecast,0.9,0.92,0.28,0.63,0.81,0.87,0.94,0.99,1.23
Wielkopolskie,2021-02-05,,forecast,0.9,0.92,0.28,0.63,0.81,0.87,0.94,0.99,1.23
Wielkopolskie,2021-02-06,,forecast,0.9,0.92,0.28,0.63,0.81,0.87,0.94,0.99,1.23
Wielkopolskie,2021-02-07,,forecast,0.9,0.92,0.28,0.63,0.81,0.87,0.94,0.99,1.23
Wielkopolskie,2021-02-08,,forecast,0.9,0.92,0.28,0.63,0.81,0.87,0.94,0.99,1.23
Wielkopolskie,2021-02-09,,forecast,0.9,0.92,0.28,0.63,0.81,0.87,0.94,0.99,1.23
Wielkopolskie,2021-02-10,,forecast,0.9,0.92,0.28,0.63,0.81,0.87,0.94,0.99,1.23
Zachodniopomorskie,2020-10-22,,estimate,1.21,1.22,0.15,1,1.12,1.17,1.24,1.31,1.48
Zachodniopomorskie,2020-10-23,,estimate,1.21,1.22,0.14,1.02,1.13,1.18,1.25,1.31,1.46
Zachodniopomorskie,2020-10-24,,estimate,1.21,1.22,0.13,1.03,1.13,1.18,1.25,1.31,1.44
Zachodniopomorskie,2020-10-25,,estimate,1.22,1.22,0.12,1.04,1.14,1.19,1.25,1.3,1.43
Zachodniopomorskie,2020-10-26,,estimate,1.22,1.22,0.12,1.05,1.14,1.19,1.25,1.3,1.41
Zachodniopomorskie,2020-10-27,,estimate,1.22,1.22,0.11,1.06,1.15,1.19,1.25,1.29,1.4
Zachodniopomorskie,2020-10-28,,estimate,1.21,1.22,0.11,1.06,1.15,1.19,1.24,1.29,1.4
Zachodniopomorskie,2020-10-29,,estimate,1.21,1.22,0.1,1.06,1.15,1.19,1.24,1.29,1.39
Zachodniopomorskie,2020-10-30,,estimate,1.21,1.22,0.1,1.07,1.15,1.19,1.23,1.28,1.39
Zachodniopomorskie,2020-10-31,,estimate,1.21,1.21,0.1,1.07,1.15,1.18,1.23,1.27,1.38
Zachodniopomorskie,2020-11-01,,estimate,1.2,1.21,0.09,1.07,1.15,1.18,1.22,1.26,1.37
Zachodniopomorskie,2020-11-02,,estimate,1.19,1.2,0.09,1.07,1.14,1.17,1.21,1.26,1.36
Zachodniopomorskie,2020-11-03,,estimate,1.18,1.19,0.09,1.06,1.13,1.16,1.21,1.25,1.35
Zachodniopomorskie,2020-11-04,,estimate,1.17,1.18,0.09,1.06,1.13,1.16,1.2,1.23,1.33
Zachodniopomorskie,2020-11-05,,estimate,1.17,1.17,0.08,1.05,1.12,1.15,1.19,1.22,1.32
Zachodniopomorskie,2020-11-06,,estimate,1.15,1.16,0.08,1.05,1.11,1.14,1.18,1.21,1.31
Zachodniopomorskie,2020-11-07,,estimate,1.14,1.15,0.08,1.04,1.1,1.13,1.16,1.19,1.29
Zachodniopomorskie,2020-11-08,,estimate,1.13,1.14,0.07,1.03,1.09,1.12,1.15,1.18,1.27
Zachodniopomorskie,2020-11-09,,estimate,1.12,1.13,0.07,1.03,1.08,1.1,1.13,1.16,1.25
Zachodniopomorskie,2020-11-10,,estimate,1.11,1.11,0.07,1.02,1.07,1.09,1.12,1.15,1.23
Zachodniopomorskie,2020-11-11,,estimate,1.09,1.1,0.07,1.01,1.06,1.08,1.11,1.13,1.21
Zachodniopomorskie,2020-11-12,,estimate,1.08,1.08,0.07,0.99,1.05,1.06,1.09,1.12,1.19
Zachodniopomorskie,2020-11-13,,estimate,1.07,1.07,0.06,0.98,1.03,1.05,1.08,1.1,1.17
Zachodniopomorskie,2020-11-14,,estimate,1.05,1.06,0.06,0.96,1.02,1.04,1.07,1.09,1.15
Zachodniopomorskie,2020-11-15,,estimate,1.04,1.04,0.06,0.94,1.01,1.03,1.05,1.08,1.14
Zachodniopomorskie,2020-11-16,,estimate,1.03,1.03,0.06,0.92,1,1.02,1.04,1.06,1.12
Zachodniopomorskie,2020-11-17,,estimate,1.02,1.02,0.06,0.91,0.99,1.01,1.03,1.05,1.11
Zachodniopomorskie,2020-11-18,,estimate,1.01,1.01,0.06,0.89,0.97,1,1.02,1.04,1.1
Zachodniopomorskie,2020-11-19,,estimate,1,0.99,0.06,0.88,0.96,0.99,1.02,1.04,1.08
Zachodniopomorskie,2020-11-20,,estimate,0.99,0.99,0.06,0.87,0.95,0.98,1.01,1.03,1.07
Zachodniopomorskie,2020-11-21,,estimate,0.98,0.98,0.06,0.86,0.94,0.97,1,1.02,1.07
Zachodniopomorskie,2020-11-22,,estimate,0.98,0.97,0.06,0.86,0.93,0.96,0.99,1.01,1.06
Zachodniopomorskie,2020-11-23,,estimate,0.97,0.96,0.06,0.85,0.93,0.95,0.98,1.01,1.05
Zachodniopomorskie,2020-11-24,,estimate,0.97,0.96,0.06,0.84,0.92,0.95,0.98,1,1.05
Zachodniopomorskie,2020-11-25,,estimate,0.96,0.95,0.06,0.84,0.92,0.94,0.98,1,1.04
Zachodniopomorskie,2020-11-26,,estimate,0.95,0.95,0.06,0.84,0.91,0.94,0.97,0.99,1.04
Zachodniopomorskie,2020-11-27,,estimate,0.95,0.95,0.06,0.84,0.91,0.93,0.97,0.99,1.04
Zachodniopomorskie,2020-11-28,,estimate,0.95,0.94,0.06,0.83,0.9,0.93,0.96,0.99,1.03
Zachodniopomorskie,2020-11-29,,estimate,0.95,0.94,0.06,0.83,0.9,0.93,0.96,0.99,1.03
Zachodniopomorskie,2020-11-30,,estimate,0.95,0.94,0.06,0.83,0.9,0.93,0.96,0.98,1.03
Zachodniopomorskie,2020-12-01,,estimate,0.94,0.94,0.06,0.83,0.9,0.93,0.96,0.98,1.03
Zachodniopomorskie,2020-12-02,,estimate,0.94,0.94,0.06,0.83,0.9,0.93,0.96,0.98,1.03
Zachodniopomorskie,2020-12-03,,estimate,0.94,0.94,0.06,0.83,0.9,0.93,0.96,0.98,1.03
Zachodniopomorskie,2020-12-04,,estimate,0.94,0.94,0.07,0.84,0.9,0.93,0.96,0.98,1.04
Zachodniopomorskie,2020-12-05,,estimate,0.95,0.94,0.07,0.84,0.9,0.93,0.96,0.98,1.04
Zachodniopomorskie,2020-12-06,,estimate,0.95,0.95,0.07,0.84,0.9,0.93,0.96,0.98,1.04
Zachodniopomorskie,2020-12-07,,estimate,0.95,0.95,0.07,0.84,0.91,0.93,0.96,0.98,1.04
Zachodniopomorskie,2020-12-08,,estimate,0.95,0.95,0.07,0.85,0.91,0.94,0.96,0.99,1.05
Zachodniopomorskie,2020-12-09,,estimate,0.95,0.95,0.07,0.85,0.91,0.94,0.97,0.99,1.05
Zachodniopomorskie,2020-12-10,,estimate,0.96,0.96,0.07,0.85,0.92,0.94,0.97,0.99,1.05
Zachodniopomorskie,2020-12-11,,estimate,0.96,0.96,0.07,0.86,0.92,0.95,0.97,1,1.06
Zachodniopomorskie,2020-12-12,,estimate,0.96,0.96,0.07,0.86,0.93,0.95,0.98,1,1.07
Zachodniopomorskie,2020-12-13,,estimate,0.97,0.97,0.07,0.86,0.93,0.96,0.98,1.01,1.07
Zachodniopomorskie,2020-12-14,,estimate,0.97,0.97,0.07,0.87,0.93,0.96,0.99,1.01,1.08
Zachodniopomorskie,2020-12-15,,estimate,0.98,0.98,0.07,0.87,0.94,0.96,0.99,1.02,1.08
Zachodniopomorskie,2020-12-16,,estimate,0.98,0.98,0.07,0.88,0.94,0.97,1,1.02,1.09
Zachodniopomorskie,2020-12-17,,estimate,0.99,0.99,0.07,0.88,0.95,0.97,1,1.03,1.1
Zachodniopomorskie,2020-12-18,,estimate,0.99,1,0.07,0.89,0.95,0.98,1.01,1.04,1.11
Zachodniopomorskie,2020-12-19,,estimate,1,1,0.07,0.89,0.96,0.98,1.02,1.05,1.12
Zachodniopomorskie,2020-12-20,,estimate,1.01,1.01,0.07,0.9,0.96,0.99,1.02,1.05,1.13
Zachodniopomorskie,2020-12-21,,estimate,1.01,1.02,0.08,0.89,0.97,0.99,1.03,1.07,1.15
Zachodniopomorskie,2020-12-22,,estimate,1.02,1.02,0.08,0.89,0.97,1,1.04,1.08,1.16
Zachodniopomorskie,2020-12-23,,estimate,1.03,1.03,0.09,0.89,0.97,1.01,1.05,1.09,1.18
Zachodniopomorskie,2020-12-24,,estimate,1.03,1.04,0.1,0.89,0.98,1.01,1.06,1.1,1.2
Zachodniopomorskie,2020-12-25,,estimate,1.04,1.05,0.1,0.89,0.98,1.01,1.07,1.11,1.23
Zachodniopomorskie,2020-12-26,,estimate based on partial data,1.05,1.05,0.11,0.88,0.98,1.02,1.08,1.13,1.25
Zachodniopomorskie,2020-12-27,,estimate based on partial data,1.05,1.06,0.12,0.88,0.98,1.02,1.08,1.14,1.27
Zachodniopomorskie,2020-12-28,,estimate based on partial data,1.06,1.07,0.14,0.87,0.98,1.03,1.09,1.15,1.31
Zachodniopomorskie,2020-12-29,,estimate based on partial data,1.06,1.08,0.15,0.87,0.98,1.03,1.1,1.16,1.34
Zachodniopomorskie,2020-12-30,,estimate based on partial data,1.07,1.09,0.16,0.86,0.98,1.03,1.11,1.18,1.38
Zachodniopomorskie,2020-12-31,,estimate based on partial data,1.07,1.09,0.18,0.85,0.98,1.03,1.12,1.19,1.43
Zachodniopomorskie,2021-01-01,,estimate based on partial data,1.07,1.1,0.19,0.84,0.98,1.03,1.12,1.2,1.47
Zachodniopomorskie,2021-01-02,,estimate based on partial data,1.07,1.11,0.21,0.83,0.98,1.03,1.13,1.21,1.51
Zachodniopomorskie,2021-01-03,,estimate based on partial data,1.07,1.12,0.23,0.82,0.98,1.03,1.13,1.22,1.55
Zachodniopomorskie,2021-01-04,,estimate based on partial data,1.08,1.12,0.25,0.81,0.97,1.03,1.13,1.23,1.59
Zachodniopomorskie,2021-01-05,,estimate based on partial data,1.08,1.13,0.28,0.8,0.97,1.03,1.13,1.24,1.62
Zachodniopomorskie,2021-01-06,,estimate based on partial data,1.08,1.14,0.3,0.79,0.97,1.03,1.14,1.25,1.67
Zachodniopomorskie,2021-01-07,,estimate based on partial data,1.08,1.15,0.33,0.78,0.96,1.03,1.14,1.26,1.71
Zachodniopomorskie,2021-01-08,,estimate based on partial data,1.08,1.15,0.35,0.77,0.96,1.03,1.14,1.27,1.76
Zachodniopomorskie,2021-01-09,,estimate based on partial data,1.08,1.16,0.38,0.76,0.96,1.03,1.14,1.28,1.79
Zachodniopomorskie,2021-01-10,,estimate based on partial data,1.08,1.17,0.41,0.75,0.95,1.03,1.14,1.28,1.84
Zachodniopomorskie,2021-01-11,,estimate based on partial data,1.08,1.18,0.44,0.73,0.95,1.02,1.15,1.29,1.88
Zachodniopomorskie,2021-01-12,,estimate based on partial data,1.08,1.18,0.48,0.72,0.95,1.02,1.15,1.3,1.95
Zachodniopomorskie,2021-01-13,,forecast,1.08,1.18,0.48,0.72,0.95,1.02,1.15,1.3,1.95
Zachodniopomorskie,2021-01-14,,forecast,1.08,1.18,0.48,0.72,0.95,1.02,1.15,1.3,1.95
Zachodniopomorskie,2021-01-15,,forecast,1.08,1.18,0.48,0.72,0.95,1.02,1.15,1.3,1.95
Zachodniopomorskie,2021-01-16,,forecast,1.08,1.18,0.48,0.72,0.95,1.02,1.15,1.3,1.95
Zachodniopomorskie,2021-01-17,,forecast,1.08,1.18,0.48,0.72,0.95,1.02,1.15,1.3,1.95
Zachodniopomorskie,2021-01-18,,forecast,1.08,1.18,0.48,0.72,0.95,1.02,1.15,1.3,1.95
Zachodniopomorskie,2021-01-19,,forecast,1.08,1.18,0.48,0.72,0.95,1.02,1.15,1.3,1.95
Zachodniopomorskie,2021-01-20,,forecast,1.08,1.18,0.48,0.72,0.95,1.02,1.15,1.3,1.95
Zachodniopomorskie,2021-01-21,,forecast,1.08,1.18,0.48,0.72,0.95,1.02,1.15,1.3,1.95
Zachodniopomorskie,2021-01-22,,forecast,1.08,1.18,0.48,0.72,0.95,1.02,1.15,1.3,1.95
Zachodniopomorskie,2021-01-23,,forecast,1.08,1.18,0.48,0.72,0.95,1.02,1.15,1.3,1.95
Zachodniopomorskie,2021-01-24,,forecast,1.08,1.18,0.48,0.72,0.95,1.02,1.15,1.3,1.95
Zachodniopomorskie,2021-01-25,,forecast,1.08,1.18,0.48,0.72,0.95,1.02,1.15,1.3,1.95
Zachodniopomorskie,2021-01-26,,forecast,1.08,1.18,0.48,0.72,0.95,1.02,1.15,1.3,1.95
Zachodniopomorskie,2021-01-27,,forecast,1.08,1.18,0.48,0.72,0.95,1.02,1.15,1.3,1.95
Zachodniopomorskie,2021-01-28,,forecast,1.08,1.18,0.48,0.72,0.95,1.02,1.15,1.3,1.95
Zachodniopomorskie,2021-01-29,,forecast,1.08,1.18,0.48,0.72,0.95,1.02,1.15,1.3,1.95
Zachodniopomorskie,2021-01-30,,forecast,1.08,1.18,0.48,0.72,0.95,1.02,1.15,1.3,1.95
Zachodniopomorskie,2021-01-31,,forecast,1.08,1.18,0.48,0.72,0.95,1.02,1.15,1.3,1.95
Zachodniopomorskie,2021-02-01,,forecast,1.08,1.18,0.48,0.72,0.95,1.02,1.15,1.3,1.95
Zachodniopomorskie,2021-02-02,,forecast,1.08,1.18,0.48,0.72,0.95,1.02,1.15,1.3,1.95
Zachodniopomorskie,2021-02-03,,forecast,1.08,1.18,0.48,0.72,0.95,1.02,1.15,1.3,1.95
Zachodniopomorskie,2021-02-04,,forecast,1.08,1.18,0.48,0.72,0.95,1.02,1.15,1.3,1.95
Zachodniopomorskie,2021-02-05,,forecast,1.08,1.18,0.48,0.72,0.95,1.02,1.15,1.3,1.95
Zachodniopomorskie,2021-02-06,,forecast,1.08,1.18,0.48,0.72,0.95,1.02,1.15,1.3,1.95
Zachodniopomorskie,2021-02-07,,forecast,1.08,1.18,0.48,0.72,0.95,1.02,1.15,1.3,1.95
Zachodniopomorskie,2021-02-08,,forecast,1.08,1.18,0.48,0.72,0.95,1.02,1.15,1.3,1.95
Zachodniopomorskie,2021-02-09,,forecast,1.08,1.18,0.48,0.72,0.95,1.02,1.15,1.3,1.95
Zachodniopomorskie,2021-02-10,,forecast,1.08,1.18,0.48,0.72,0.95,1.02,1.15,1.3,1.95
