region,date,strat,type,median,mean,sd,lower_90,lower_50,lower_20,upper_20,upper_50,upper_90
Baden-Wurttemberg,2021-07-27,,estimate,1.05645411211073,1.04139291826493,0.106693463036183,0.844880613460013,0.980003854233481,1.03239142562541,1.07900389108223,1.11141690837238,1.19523728510486
Baden-Wurttemberg,2021-07-28,,estimate,1.05825328003428,1.04287919483851,0.101905561723862,0.853354392987382,0.982880996303332,1.03383318573527,1.07937509465034,1.10940124152796,1.19006786192153
Baden-Wurttemberg,2021-07-29,,estimate,1.05948682843925,1.04478144105037,0.0976446931132124,0.864955698002748,0.987330999723046,1.03500880114603,1.07998493935833,1.10937716574512,1.1882305700808
Baden-Wurttemberg,2021-07-30,,estimate,1.06046076119449,1.04711738321757,0.0938321855258248,0.878340186382205,0.992959472838639,1.03774397104171,1.08035602559318,1.10856578266435,1.18535772195535
Baden-Wurttemberg,2021-07-31,,estimate,1.06262151024455,1.04990191571368,0.0903907096363324,0.887120699005896,0.99577282676088,1.04032218371876,1.08125573933976,1.10924618729558,1.18147297986728
Baden-Wurttemberg,2021-08-01,,estimate,1.06495728870155,1.05314495462739,0.087242815144014,0.896451751623487,1.00149479727761,1.04373276005746,1.08431813152088,1.11019857621609,1.17878987798702
Baden-Wurttemberg,2021-08-02,,estimate,1.06828838974601,1.05684911772465,0.0843107889027834,0.904204549062331,1.00653877716804,1.04868820476597,1.0853517950279,1.1121152713719,1.18004638982485
Baden-Wurttemberg,2021-08-03,,estimate,1.07197545204567,1.06100757504454,0.0815202801599273,0.909882556432867,1.01312999596079,1.05243466848335,1.08780661187577,1.11401183709287,1.17972692789605
Baden-Wurttemberg,2021-08-04,,estimate,1.07530543471141,1.06560238318404,0.078808333930662,0.918621642178598,1.02033067612898,1.05745826687195,1.09188349194452,1.11514797821929,1.18173462895861
Baden-Wurttemberg,2021-08-05,,estimate,1.07932432177132,1.07060350531937,0.0761345968835187,0.931714448735121,1.02815830346856,1.06160331758426,1.09477100057948,1.11806810364607,1.18399648336184
Baden-Wurttemberg,2021-08-06,,estimate,1.08256940615407,1.07596856865694,0.0734928509168538,0.94559403994686,1.03579057400121,1.06694367554226,1.09743257237964,1.12024153997582,1.18549018344732
Baden-Wurttemberg,2021-08-07,,estimate,1.086387262699,1.08164329247375,0.0709194768720231,0.957942175803864,1.04344875048473,1.07174627061813,1.10070570586872,1.12342530098292,1.1903187881882
Baden-Wurttemberg,2021-08-08,,estimate,1.09121606109746,1.08756247809238,0.0684962689819176,0.971121169611147,1.05203747920769,1.07724409577493,1.10355451677303,1.12682066173468,1.19492273340871
Baden-Wurttemberg,2021-08-09,,estimate,1.09518261514938,1.09365146505975,0.0663461225901825,0.985910988119369,1.05720976186262,1.08116214043633,1.10814032045841,1.13246617478788,1.19679192713442
Baden-Wurttemberg,2021-08-10,,estimate,1.09871555492136,1.09982796681541,0.0646200965426556,0.998494808040617,1.0632994784721,1.08556022155768,1.11227545752083,1.13825057810494,1.20598667582421
Baden-Wurttemberg,2021-08-11,,estimate,1.10311231438534,1.1060041773736,0.0634736836814132,1.01008076590452,1.06822199006415,1.09088388462416,1.1159191268286,1.14230594130861,1.21395067155209
Baden-Wurttemberg,2021-08-12,,estimate,1.10636632648854,1.11208902164996,0.0630318665548375,1.02078160968027,1.07278896776553,1.09475122769328,1.12024682593596,1.14675979718278,1.22343712355805
Baden-Wurttemberg,2021-08-13,,estimate,1.11015163048561,1.1179904566938,0.0633493958899027,1.02951197355679,1.07709079158907,1.0978676328838,1.12360775114994,1.15266794602713,1.23267581288084
Baden-Wurttemberg,2021-08-14,,estimate,1.11324510924378,1.12361781705539,0.0643815398821498,1.03837235118378,1.08089513970497,1.10077034059418,1.1282030374082,1.15902229436725,1.24056090597767
Baden-Wurttemberg,2021-08-15,,estimate,1.11562681658425,1.12888425948095,0.0659817687236279,1.04456194266028,1.0846751237987,1.10354981544666,1.12971422097386,1.16296329783075,1.24900911212059
Baden-Wurttemberg,2021-08-16,,estimate,1.11865475813896,1.13370931014073,0.0679311785271165,1.05005746072633,1.08720235975273,1.10645030635081,1.13482695563388,1.16727963087089,1.25991173419927
Baden-Wurttemberg,2021-08-17,,estimate,1.12168893835411,1.13802133768656,0.0699880715247261,1.05265892281917,1.09112899064298,1.11004009983656,1.13845892897167,1.17251916264888,1.27058674597585
Baden-Wurttemberg,2021-08-18,,estimate,1.12544940334762,1.14175957137727,0.0719377443047775,1.05512337246992,1.09294929017513,1.11179281659603,1.14299624770202,1.17745706357586,1.28243131581721
Baden-Wurttemberg,2021-08-19,,estimate,1.1278048305032,1.14487522326718,0.0736255248445829,1.05732901247148,1.09448279598542,1.11387075525294,1.14548800023943,1.18035185136587,1.28225431408755
Baden-Wurttemberg,2021-08-20,,estimate,1.13109468153893,1.14733146778618,0.0749651856514004,1.05826599011468,1.09572395893826,1.11491373574496,1.14734594624302,1.18386306065772,1.29125444577892
Baden-Wurttemberg,2021-08-21,,estimate,1.13253841345847,1.14910243395262,0.0759247108653995,1.05907566963085,1.09645198410176,1.11613295873697,1.14843422225663,1.18836698656014,1.29605458733014
Baden-Wurttemberg,2021-08-22,,estimate,1.13211403240691,1.15017177353797,0.0764994219053157,1.05969721493049,1.09671302345795,1.11668589512415,1.14953373626735,1.19001144939296,1.30248460014295
Baden-Wurttemberg,2021-08-23,,estimate,1.13236609019388,1.15053153888264,0.0766868959200635,1.05990496354482,1.09641587238189,1.11647933829854,1.15012042620241,1.19069889235127,1.3028778906238
Baden-Wurttemberg,2021-08-24,,estimate,1.13187416124009,1.15018189817968,0.0764766236745709,1.06028685033646,1.09646894351096,1.11658375549347,1.14991448563673,1.18812056809853,1.30603945941424
Baden-Wurttemberg,2021-08-25,,estimate,1.13039188442111,1.14913170173371,0.0758586032639752,1.06082411076246,1.09580847467923,1.11580056081859,1.14857628421419,1.18645248325204,1.30164340818545
Baden-Wurttemberg,2021-08-26,,estimate,1.1290426302196,1.14739936447527,0.0748423703038982,1.06026265665226,1.09492361005908,1.11425054122761,1.14656712605398,1.18341162681528,1.29570387469954
Baden-Wurttemberg,2021-08-27,,estimate,1.12638820221435,1.1450132943567,0.073470185334441,1.05947720168299,1.09424143644144,1.11288112582742,1.14295798047811,1.17912167443868,1.29192912096183
Baden-Wurttemberg,2021-08-28,,estimate,1.1239570904034,1.14201135167296,0.0718128985106417,1.05852184584173,1.09304737405634,1.11067128881663,1.14095507229392,1.17551154837141,1.28717387717993
Baden-Wurttemberg,2021-08-29,,estimate,1.12105989108603,1.13843940439768,0.069951572431622,1.05654460823432,1.09121280916866,1.10885176250311,1.1388496743514,1.1707945903633,1.27499637722948
Baden-Wurttemberg,2021-08-30,,estimate,1.11837585190577,1.13434953118767,0.0679595174473095,1.05366890242731,1.08949271174448,1.10666480461049,1.13438472118032,1.16633448861275,1.26523609685191
Baden-Wurttemberg,2021-08-31,,estimate,1.11530360533126,1.12979848419013,0.0658978244864253,1.05015700004452,1.08714056982033,1.10367534125343,1.12939917630191,1.16140925493773,1.25426185832195
Baden-Wurttemberg,2021-09-01,,estimate,1.11147813516245,1.12484667943586,0.0638254520198045,1.0464074780531,1.08487719540544,1.10076851422717,1.12572291407469,1.15415158646101,1.24259848299463
Baden-Wurttemberg,2021-09-02,,estimate,1.10868726670211,1.11955755152545,0.0618138010367722,1.04026910476591,1.08198774327608,1.09799720804269,1.12070160439961,1.14733681618863,1.2319478968052
Baden-Wurttemberg,2021-09-03,,estimate,1.10488759397715,1.11399691415706,0.0599535917845213,1.03537411561496,1.07812033175908,1.09529771351731,1.11579503125298,1.14107139454078,1.22345930450511
Baden-Wurttemberg,2021-09-04,,estimate,1.10025471566084,1.10823209779392,0.0583481430142573,1.02885028512527,1.07372692203361,1.09119131476681,1.11225469858065,1.13492374027312,1.21305967993797
Baden-Wurttemberg,2021-09-05,,estimate,1.09745311489347,1.10233093004735,0.057096123373351,1.01964640981393,1.07035451800307,1.08737899426776,1.10868564876203,1.12850670940685,1.20345488456013
Baden-Wurttemberg,2021-09-06,,estimate,1.09419063298695,1.09636083235937,0.056272715950243,1.01177850292902,1.06572544590176,1.08376862165979,1.1047922818711,1.12356911216222,1.19101489883188
Baden-Wurttemberg,2021-09-07,,estimate,1.09090594476465,1.09038827318276,0.0559177235539513,1.00318736279228,1.06173142159523,1.08036608442006,1.10022664618368,1.11882224876068,1.18219991304464
Baden-Wurttemberg,2021-09-08,,estimate,1.08588490600099,1.08447857476315,0.056033327326686,0.993090506255999,1.05675184007484,1.0762575460999,1.0969483581515,1.1144086226291,1.1719763857784
Baden-Wurttemberg,2021-09-09,,estimate,1.08266685200351,1.07869579382973,0.0565879060273967,0.981866742983707,1.05095657557018,1.07227513462547,1.0932470046636,1.11035835642947,1.16512911654028
Baden-Wurttemberg,2021-09-10,,estimate,1.07888895582076,1.07310227701535,0.057520734132949,0.969412608550991,1.04685642322433,1.06733307936196,1.08907701137196,1.10678730096035,1.15767412689211
Baden-Wurttemberg,2021-09-11,,estimate,1.07489585239966,1.06775761082202,0.0587459370383976,0.962834913740085,1.04120546916301,1.06317803429222,1.08544765657314,1.1029814673161,1.14776500764967
Baden-Wurttemberg,2021-09-12,,estimate,1.07108018969177,1.06271697139317,0.0601582084312279,0.9542743085005,1.03560879679663,1.05921599280539,1.08201684291694,1.09971465945611,1.14172889933014
Baden-Wurttemberg,2021-09-13,,estimate,1.06740438189081,1.05802916351244,0.061643205429764,0.945996152020677,1.02934084726096,1.05463161625776,1.07791370473137,1.09679995672407,1.13815823029412
Baden-Wurttemberg,2021-09-14,,estimate,1.06381717697721,1.05373476927527,0.0630925119722447,0.940582469043054,1.02234746893675,1.05060329282417,1.07526872027651,1.09475440430682,1.13388531094137
Baden-Wurttemberg,2021-09-15,,estimate,1.06051861202211,1.04986475661833,0.0644199541275303,0.932294450513887,1.01721614445884,1.04607553887492,1.07337689521103,1.0928112261242,1.13342974158913
Baden-Wurttemberg,2021-09-16,,estimate,1.05760695834076,1.04643969551356,0.0655751133720884,0.926224467351457,1.01171007247376,1.04197487462348,1.07171683975427,1.09077010594488,1.13218888944292
Baden-Wurttemberg,2021-09-17,,estimate,1.05525574282218,1.04346952859466,0.0665508391570244,0.921874168835422,1.00770885935081,1.03815100623207,1.06947116165502,1.08903232195031,1.13046200255222
Baden-Wurttemberg,2021-09-18,,estimate,1.05256080531709,1.04095376177614,0.0673834049289098,0.919435943213277,1.00435666988692,1.03513242128135,1.067336587533,1.08704051159287,1.12994624141511
Baden-Wurttemberg,2021-09-19,,estimate,1.05078118907891,1.03888201290547,0.0681463558585635,0.916293454087742,0.999896862448982,1.03381066789283,1.06528439226358,1.08655069027231,1.12944500501182
Baden-Wurttemberg,2021-09-20,,estimate,1.04926552706713,1.03723500094707,0.0689414443479398,0.913604305294218,0.996654088561478,1.03009933507213,1.06380839261861,1.08580109818488,1.13022058312129
Baden-Wurttemberg,2021-09-21,,estimate,1.04760701725883,1.03598611842765,0.0698902104099358,0.910952986418405,0.994633200287642,1.02869426873954,1.06263104723955,1.08540773372658,1.13203651575211
Baden-Wurttemberg,2021-09-22,,estimate,1.0454049941205,1.03510359412909,0.0711261202778374,0.906578393904553,0.991258325060314,1.02711615055052,1.06153897800671,1.08537973568529,1.13438209918954
Baden-Wurttemberg,2021-09-23,,estimate,1.04556744921316,1.03455297493902,0.0727828311347825,0.904199076632768,0.990399856742901,1.02501984239934,1.06202025040704,1.08675885176862,1.13510052869704
Baden-Wurttemberg,2021-09-24,,estimate,1.04494426418152,1.03429944565855,0.0749757367931265,0.896450834617206,0.987568502681671,1.02425095871551,1.06230445692967,1.0875559929889,1.13737916792231
Baden-Wurttemberg,2021-09-25,,estimate,1.04431650909725,1.03430955299682,0.0777821785802408,0.891391406955492,0.987029762840752,1.0232751840439,1.06248976774653,1.0887940497431,1.14128089047039
Baden-Wurttemberg,2021-09-26,,estimate,1.04476492147463,1.0345521881655,0.0812310002689972,0.887646949440883,0.987087548213278,1.02276066320921,1.06341148666863,1.09020056122966,1.14710868211235
Baden-Wurttemberg,2021-09-27,,estimate,1.04559103512907,1.03499900403309,0.0853068343955408,0.879039727175041,0.985320407703776,1.02511789096267,1.06496075121521,1.09236723678617,1.15734319170896
Baden-Wurttemberg,2021-09-28,,estimate,1.04850699678406,1.03562459959821,0.0899647020406188,0.87201773885863,0.98357417221249,1.02367281780382,1.06733677466628,1.09398744605957,1.16664912817586
Baden-Wurttemberg,2021-09-29,,estimate,1.05019525006897,1.03640675818543,0.0951468526905525,0.865823716536941,0.982201362069085,1.02434882360476,1.06989902644769,1.09732009018456,1.17595462389231
Baden-Wurttemberg,2021-09-30,,estimate based on partial data,1.05078164626108,1.03732686453068,0.100797027108105,0.860403942351076,0.980069216869563,1.02513791369213,1.07156424666379,1.09939480937803,1.18948157862817
Baden-Wurttemberg,2021-10-01,,estimate based on partial data,1.05328241708514,1.03837045293766,0.106871065156794,0.849695093510598,0.978268515450748,1.02464853059829,1.07393525845369,1.10144990258633,1.19426688148373
Baden-Wurttemberg,2021-10-02,,estimate based on partial data,1.05379181150777,1.03952771847966,0.113343835730905,0.843792687128689,0.976625438080406,1.025234591917,1.07517580126552,1.10383623702,1.21004974175911
Baden-Wurttemberg,2021-10-03,,estimate based on partial data,1.05497369123284,1.04079378603605,0.120212449252156,0.837177554015248,0.975551646894187,1.0263892826065,1.07642774517483,1.10604659598182,1.22717103985669
Baden-Wurttemberg,2021-10-04,,estimate based on partial data,1.05557568396126,1.04216857676775,0.127496226690974,0.824293927085082,0.974261893112692,1.02656925911024,1.07731155390976,1.10794907380542,1.24308153794569
Baden-Wurttemberg,2021-10-05,,estimate based on partial data,1.05662184656984,1.04365620471491,0.13523436672827,0.816071184210685,0.970522718429531,1.02584096217756,1.07963011962278,1.11012772190792,1.26185305910592
Baden-Wurttemberg,2021-10-06,,estimate based on partial data,1.05818908122883,1.04526393402701,0.143481646129235,0.801143836190124,0.969980395023367,1.02677457901257,1.08078783080007,1.11262222911574,1.27733380369957
Baden-Wurttemberg,2021-10-07,,estimate based on partial data,1.06023642558919,1.04700081222756,0.152301350335548,0.795699907549973,0.969738326687306,1.02765805552862,1.08260100822672,1.11304579542631,1.30013154520912
Baden-Wurttemberg,2021-10-08,,estimate based on partial data,1.06007844302427,1.04887617678605,0.161754799884883,0.786304286995586,0.966540000635395,1.028266474256,1.08306630208985,1.11589512575957,1.32050117357124
Baden-Wurttemberg,2021-10-09,,estimate based on partial data,1.06022246141193,1.05089830553003,0.17188923092153,0.77213476377593,0.96368158363459,1.028530042837,1.08392129408559,1.11868296666101,1.34426811350596
Baden-Wurttemberg,2021-10-10,,estimate based on partial data,1.06065937844229,1.05307349280905,0.182728716616992,0.758658068788968,0.961914086925544,1.02837893344653,1.0849077052559,1.12134810229713,1.3619516361057
Baden-Wurttemberg,2021-10-11,,estimate based on partial data,1.06089779268354,1.05540572058116,0.194273077380111,0.748163728422943,0.960181205607261,1.02836532285511,1.08585702707608,1.12489873275822,1.37897995936594
Baden-Wurttemberg,2021-10-12,,estimate based on partial data,1.06106420571242,1.05789686976819,0.206506010225649,0.729508311205746,0.956882289451248,1.02831169853258,1.08600017174804,1.12794560177,1.40617447760492
Baden-Wurttemberg,2021-10-13,,estimate based on partial data,1.06228552460559,1.06054719735313,0.219408616158325,0.723147011573941,0.951512879473643,1.02800041766498,1.08627170503298,1.12982075443739,1.43594995493596
Baden-Wurttemberg,2021-10-14,,estimate based on partial data,1.06404439561861,1.06335572070042,0.23297227572638,0.708147090957301,0.948257984733088,1.02835332734705,1.08645987985079,1.13198015745763,1.45485437206584
Baden-Wurttemberg,2021-10-15,,estimate based on partial data,1.0639303920916,1.06632023839842,0.24720657099019,0.697122566312901,0.945834237432388,1.02940354228235,1.08717057907536,1.13468246383036,1.47220284827255
Baden-Wurttemberg,2021-10-16,,estimate based on partial data,1.0645183683383,1.06943690107907,0.262141027806289,0.690199390393394,0.946573478146596,1.02804345926814,1.08881801854069,1.13710862439022,1.49463925663209
Baden-Wurttemberg,2021-10-17,,estimate based on partial data,1.06522724486288,1.07269942229447,0.277821004534773,0.681191522600377,0.943363881031059,1.02956368894988,1.08940988926936,1.13920883302457,1.5151659528696
Baden-Wurttemberg,2021-10-18,,forecast,1.06522724486288,1.07269942229447,0.277821004534773,0.681191522600377,0.943363881031059,1.02956368894988,1.08940988926936,1.13920883302457,1.5151659528696
Baden-Wurttemberg,2021-10-19,,forecast,1.06522724486288,1.07269942229447,0.277821004534773,0.681191522600377,0.943363881031059,1.02956368894988,1.08940988926936,1.13920883302457,1.5151659528696
Baden-Wurttemberg,2021-10-20,,forecast,1.06522724486288,1.07269942229447,0.277821004534773,0.681191522600377,0.943363881031059,1.02956368894988,1.08940988926936,1.13920883302457,1.5151659528696
Baden-Wurttemberg,2021-10-21,,forecast,1.06522724486288,1.07269942229447,0.277821004534773,0.681191522600377,0.943363881031059,1.02956368894988,1.08940988926936,1.13920883302457,1.5151659528696
Baden-Wurttemberg,2021-10-22,,forecast,1.06522724486288,1.07269942229447,0.277821004534773,0.681191522600377,0.943363881031059,1.02956368894988,1.08940988926936,1.13920883302457,1.5151659528696
Baden-Wurttemberg,2021-10-23,,forecast,1.06522724486288,1.07269942229447,0.277821004534773,0.681191522600377,0.943363881031059,1.02956368894988,1.08940988926936,1.13920883302457,1.5151659528696
Baden-Wurttemberg,2021-10-24,,forecast,1.06522724486288,1.07269942229447,0.277821004534773,0.681191522600377,0.943363881031059,1.02956368894988,1.08940988926936,1.13920883302457,1.5151659528696
Baden-Wurttemberg,2021-10-25,,forecast,1.06522724486288,1.07269942229447,0.277821004534773,0.681191522600377,0.943363881031059,1.02956368894988,1.08940988926936,1.13920883302457,1.5151659528696
Baden-Wurttemberg,2021-10-26,,forecast,1.06522724486288,1.07269942229447,0.277821004534773,0.681191522600377,0.943363881031059,1.02956368894988,1.08940988926936,1.13920883302457,1.5151659528696
Baden-Wurttemberg,2021-10-27,,forecast,1.06522724486288,1.07269942229447,0.277821004534773,0.681191522600377,0.943363881031059,1.02956368894988,1.08940988926936,1.13920883302457,1.5151659528696
Baden-Wurttemberg,2021-10-28,,forecast,1.06522724486288,1.07269942229447,0.277821004534773,0.681191522600377,0.943363881031059,1.02956368894988,1.08940988926936,1.13920883302457,1.5151659528696
Baden-Wurttemberg,2021-10-29,,forecast,1.06522724486288,1.07269942229447,0.277821004534773,0.681191522600377,0.943363881031059,1.02956368894988,1.08940988926936,1.13920883302457,1.5151659528696
Baden-Wurttemberg,2021-10-30,,forecast,1.06522724486288,1.07269942229447,0.277821004534773,0.681191522600377,0.943363881031059,1.02956368894988,1.08940988926936,1.13920883302457,1.5151659528696
Baden-Wurttemberg,2021-10-31,,forecast,1.06522724486288,1.07269942229447,0.277821004534773,0.681191522600377,0.943363881031059,1.02956368894988,1.08940988926936,1.13920883302457,1.5151659528696
Baden-Wurttemberg,2021-11-01,,forecast,1.06522724486288,1.07269942229447,0.277821004534773,0.681191522600377,0.943363881031059,1.02956368894988,1.08940988926936,1.13920883302457,1.5151659528696
Baden-Wurttemberg,2021-11-02,,forecast,1.06522724486288,1.07269942229447,0.277821004534773,0.681191522600377,0.943363881031059,1.02956368894988,1.08940988926936,1.13920883302457,1.5151659528696
Baden-Wurttemberg,2021-11-03,,forecast,1.06522724486288,1.07269942229447,0.277821004534773,0.681191522600377,0.943363881031059,1.02956368894988,1.08940988926936,1.13920883302457,1.5151659528696
Baden-Wurttemberg,2021-11-04,,forecast,1.06522724486288,1.07269942229447,0.277821004534773,0.681191522600377,0.943363881031059,1.02956368894988,1.08940988926936,1.13920883302457,1.5151659528696
Baden-Wurttemberg,2021-11-05,,forecast,1.06522724486288,1.07269942229447,0.277821004534773,0.681191522600377,0.943363881031059,1.02956368894988,1.08940988926936,1.13920883302457,1.5151659528696
Baden-Wurttemberg,2021-11-06,,forecast,1.06522724486288,1.07269942229447,0.277821004534773,0.681191522600377,0.943363881031059,1.02956368894988,1.08940988926936,1.13920883302457,1.5151659528696
Baden-Wurttemberg,2021-11-07,,forecast,1.06522724486288,1.07269942229447,0.277821004534773,0.681191522600377,0.943363881031059,1.02956368894988,1.08940988926936,1.13920883302457,1.5151659528696
Baden-Wurttemberg,2021-11-08,,forecast,1.06522724486288,1.07269942229447,0.277821004534773,0.681191522600377,0.943363881031059,1.02956368894988,1.08940988926936,1.13920883302457,1.5151659528696
Baden-Wurttemberg,2021-11-09,,forecast,1.06522724486288,1.07269942229447,0.277821004534773,0.681191522600377,0.943363881031059,1.02956368894988,1.08940988926936,1.13920883302457,1.5151659528696
Baden-Wurttemberg,2021-11-10,,forecast,1.06522724486288,1.07269942229447,0.277821004534773,0.681191522600377,0.943363881031059,1.02956368894988,1.08940988926936,1.13920883302457,1.5151659528696
Baden-Wurttemberg,2021-11-11,,forecast,1.06522724486288,1.07269942229447,0.277821004534773,0.681191522600377,0.943363881031059,1.02956368894988,1.08940988926936,1.13920883302457,1.5151659528696
Baden-Wurttemberg,2021-11-12,,forecast,1.06522724486288,1.07269942229447,0.277821004534773,0.681191522600377,0.943363881031059,1.02956368894988,1.08940988926936,1.13920883302457,1.5151659528696
Baden-Wurttemberg,2021-11-13,,forecast,1.06522724486288,1.07269942229447,0.277821004534773,0.681191522600377,0.943363881031059,1.02956368894988,1.08940988926936,1.13920883302457,1.5151659528696
Baden-Wurttemberg,2021-11-14,,forecast,1.06522724486288,1.07269942229447,0.277821004534773,0.681191522600377,0.943363881031059,1.02956368894988,1.08940988926936,1.13920883302457,1.5151659528696
Baden-Wurttemberg,2021-11-15,,forecast,1.06522724486288,1.07269942229447,0.277821004534773,0.681191522600377,0.943363881031059,1.02956368894988,1.08940988926936,1.13920883302457,1.5151659528696
Baden-Wurttemberg,2021-11-16,,forecast,1.06522724486288,1.07269942229447,0.277821004534773,0.681191522600377,0.943363881031059,1.02956368894988,1.08940988926936,1.13920883302457,1.5151659528696
Baden-Wurttemberg,2021-11-17,,forecast,1.06522724486288,1.07269942229447,0.277821004534773,0.681191522600377,0.943363881031059,1.02956368894988,1.08940988926936,1.13920883302457,1.5151659528696
Bavaria,2021-07-26,,estimate,1.02878517753073,1.01994273102939,0.108497752520977,0.838425174723728,0.943997428219626,0.991630668791787,1.05817128872109,1.10236850905649,1.17549365708888
Bavaria,2021-07-27,,estimate,1.02863275801996,1.01969826096755,0.104396950284003,0.84195095025783,0.945091798942737,0.99262362257806,1.05651226159667,1.09973076537644,1.16994056454847
Bavaria,2021-07-28,,estimate,1.02718770190385,1.01994170364919,0.101204981640397,0.843135177894923,0.946396368903696,0.995079439589411,1.05517368566253,1.09924468130588,1.16238142921113
Bavaria,2021-07-29,,estimate,1.0256665885512,1.02073331074571,0.098769509038953,0.846568781884163,0.949245522728417,0.9972731257631,1.05439428047049,1.09960183915414,1.15930359704129
Bavaria,2021-07-30,,estimate,1.02841070481005,1.02212677393521,0.0968906551379242,0.854100643411615,0.954587316155112,1.00079087898125,1.05621523275578,1.09961642598406,1.15695217745325
Bavaria,2021-07-31,,estimate,1.02963799768087,1.02416700176299,0.0953464137352453,0.863926467505078,0.959724703811722,1.00359601431031,1.05919613790694,1.09928584476646,1.1563118532294
Bavaria,2021-08-01,,estimate,1.03404662230241,1.02688851310032,0.0939136628169333,0.866292001323822,0.966205481867185,1.00899020431312,1.06250366954083,1.09970439568716,1.15500779028261
Bavaria,2021-08-02,,estimate,1.03730582850253,1.03031450621826,0.0923819522787914,0.872843735090333,0.973078256531892,1.01441041079064,1.06394221581687,1.10031361710072,1.15278785745734
Bavaria,2021-08-03,,estimate,1.04235657654421,1.0344566059877,0.090562002515961,0.880313411192901,0.981074491176269,1.02030132344406,1.06678266292328,1.10250591672923,1.1540462708919
Bavaria,2021-08-04,,estimate,1.04816171759262,1.03931515261948,0.0882926226719687,0.889412188493351,0.988128654293715,1.02580546329736,1.07133535913119,1.10434568846303,1.15608263701975
Bavaria,2021-08-05,,estimate,1.05431926647539,1.04487974030102,0.0854492873674747,0.89951027510266,0.995940661647324,1.03376738116182,1.07616919971156,1.10714992870284,1.15729432408648
Bavaria,2021-08-06,,estimate,1.06146208414786,1.05112962427475,0.0819566159000663,0.912893825446683,1.00551129071713,1.04205411246159,1.08111647174382,1.11095642188698,1.15871650984268
Bavaria,2021-08-07,,estimate,1.06828820997999,1.05803363494049,0.0778065725735733,0.925240426597918,1.01386381422418,1.04919806848827,1.08673474824523,1.11316077951417,1.16095502438044
Bavaria,2021-08-08,,estimate,1.07552296486339,1.06554936140571,0.0730840072623065,0.938532745633589,1.02383554292206,1.05680466790879,1.09290301402723,1.11587208326519,1.16359493223148
Bavaria,2021-08-09,,estimate,1.08385832175549,1.07362156577389,0.0679992730162527,0.954153280687632,1.03328848516488,1.06573217605977,1.09806737626838,1.11983098158988,1.16663627882274
Bavaria,2021-08-10,,estimate,1.09177842437965,1.08218004876943,0.0629205860130468,0.971141207557821,1.04307480771766,1.07338200007945,1.10408362916796,1.1244526267573,1.171402102688
Bavaria,2021-08-11,,estimate,1.09850264599782,1.09113750475703,0.0583816205307776,0.990826820380379,1.05498694510069,1.08196984513744,1.11047904332901,1.12846188074295,1.17711285882269
Bavaria,2021-08-12,,estimate,1.10468713309239,1.1003882348725,0.0550133159542232,1.00422045384559,1.06799983392523,1.09198417026024,1.11668928503185,1.13332146698606,1.18633309321267
Bavaria,2021-08-13,,estimate,1.11262491271477,1.10980878364473,0.0533484352908415,1.01724946798065,1.07943848419866,1.10086314697831,1.12289670874996,1.14105582191779,1.1951852993162
Bavaria,2021-08-14,,estimate,1.11940025427162,1.11926139928311,0.0535540481326084,1.03141958771679,1.08968289200957,1.10854411813689,1.12903016391132,1.14967808520011,1.20576880982589
Bavaria,2021-08-15,,estimate,1.12536967712882,1.12860053306912,0.0553133131443542,1.0422319847412,1.09808035346638,1.11516704567805,1.13572312428969,1.15704012681451,1.21852786136855
Bavaria,2021-08-16,,estimate,1.13184161245566,1.13768151028363,0.0579999657249703,1.05258936309529,1.10503973214578,1.12135704502543,1.1439807367057,1.16662676217868,1.23256558404649
Bavaria,2021-08-17,,estimate,1.13782305107307,1.14636949720668,0.0609815809918022,1.06222021055505,1.11045818164825,1.12745339232159,1.1511720233473,1.17433954195002,1.24861719393593
Bavaria,2021-08-18,,estimate,1.14534103110577,1.15454655712632,0.0638165850340512,1.06859278995986,1.11608708912438,1.13349508044055,1.15889109571724,1.18379663606087,1.26483165550035
Bavaria,2021-08-19,,estimate,1.15127283314945,1.16211522986299,0.0662878502321546,1.07649880558102,1.12054626514244,1.13890189163213,1.16652517973701,1.19268038382752,1.27826698701493
Bavaria,2021-08-20,,estimate,1.15652180653832,1.1689983932841,0.0683370660621206,1.0824822487806,1.12373059440841,1.14447072561346,1.17233333490335,1.20041051755518,1.28877017822968
Bavaria,2021-08-21,,estimate,1.1624873871287,1.17513645788382,0.0699756104165577,1.08908151800684,1.12720980625564,1.14856169012938,1.17920064557703,1.20935024760493,1.29770421287327
Bavaria,2021-08-22,,estimate,1.16683474137945,1.18048357289148,0.0712199195236896,1.09350859569929,1.13091630698487,1.15292566800149,1.18454566516142,1.21619890003972,1.30642676022694
Bavaria,2021-08-23,,estimate,1.17205577629208,1.18500433135653,0.0720664252510674,1.09742004681985,1.13383494670093,1.15662640935329,1.18882406466623,1.22193854552514,1.31296052622017
Bavaria,2021-08-24,,estimate,1.17585310897614,1.18867176676221,0.0724962775003794,1.10028422132922,1.13762089234963,1.15933940782076,1.19311723765059,1.22655038779154,1.31819230952816
Bavaria,2021-08-25,,estimate,1.17839845032426,1.19146669581725,0.0724913973065683,1.10228810807759,1.13978696418204,1.16178760832309,1.19633521487693,1.23042653808556,1.32253356195968
Bavaria,2021-08-26,,estimate,1.18156539755435,1.1933779877728,0.0720486172684837,1.10346393535274,1.14170733468704,1.1637032097914,1.19913487877371,1.23240939880056,1.32448944396127
Bavaria,2021-08-27,,estimate,1.18375605343169,1.19440319696925,0.0711878690291874,1.10454813889234,1.1426561330634,1.16632487505125,1.20057248431091,1.23294586690351,1.32532275769353
Bavaria,2021-08-28,,estimate,1.18456065797876,1.19454909476314,0.0699555114746706,1.10564809546606,1.14258608265476,1.16772298518629,1.20159689801968,1.2327262218804,1.32242576595204
Bavaria,2021-08-29,,estimate,1.18459083690524,1.19383185315737,0.0684235814677861,1.10513681263481,1.14236987725895,1.16781276123858,1.20150073447472,1.2329055408699,1.32021630698014
Bavaria,2021-08-30,,estimate,1.18356984309677,1.19227686005286,0.0666837560877105,1.10533054568602,1.14250467126849,1.16678567616541,1.20018165729684,1.23141431670109,1.31475878995823
Bavaria,2021-08-31,,estimate,1.18151571514097,1.18991830481253,0.064835314355011,1.10470571587238,1.14065619817511,1.16515499925644,1.19879007165023,1.22732833903169,1.30906233404431
Bavaria,2021-09-01,,estimate,1.17944680315976,1.18679870557064,0.0629698093122694,1.10307550668993,1.13860842292865,1.16262123340148,1.19499008855389,1.22342782211341,1.30156418678403
Bavaria,2021-09-02,,estimate,1.17549026628746,1.1829684479448,0.0611581758419645,1.10080098177329,1.13597690481572,1.15931607181509,1.19124423304559,1.21941008897487,1.29483778480641
Bavaria,2021-09-03,,estimate,1.1711263603038,1.1784852358926,0.0594453379524229,1.09977515851683,1.13362436144831,1.15676729835002,1.18659644547482,1.21379222846887,1.28590516238324
Bavaria,2021-09-04,,estimate,1.16490037082452,1.17341323863157,0.0578532017192125,1.09806856182611,1.13090104813134,1.15208426223299,1.18041382389783,1.20801747021118,1.27659358217451
Bavaria,2021-09-05,,estimate,1.15949996768079,1.16782174513176,0.0563885449330761,1.09463887075148,1.12788234978756,1.14649872813367,1.17435958367131,1.20059771997728,1.26878550947101
Bavaria,2021-09-06,,estimate,1.15398898430312,1.16178330398306,0.0550510329889833,1.09050326166299,1.12377719688207,1.14104877698307,1.1674171702924,1.19322969788682,1.25897165423053
Bavaria,2021-09-07,,estimate,1.14722347217121,1.15537153008394,0.0538386369816772,1.08438550860775,1.11971721984943,1.13652846601725,1.16064410766043,1.18692312155868,1.24947154431757
Bavaria,2021-09-08,,estimate,1.14092535260267,1.14865888163311,0.0527504154378664,1.07863638119057,1.11492092411932,1.13103843677914,1.15443737328508,1.17856608292927,1.23910790597704
Bavaria,2021-09-09,,estimate,1.13636165875648,1.14171470132307,0.0517875970060389,1.06924333685171,1.11018354727745,1.12574934328682,1.14672279996172,1.17093275821091,1.23079348792805
Bavaria,2021-09-10,,estimate,1.12993772653066,1.13460371405315,0.0509535759346683,1.06294608728835,1.10459684885171,1.11979948614494,1.1415980017701,1.16203065330186,1.22089436952305
Bavaria,2021-09-11,,estimate,1.12433123044909,1.12738505544584,0.0502534927540013,1.05512606080278,1.09877638635553,1.11473177765479,1.13512347112625,1.15436923125295,1.21157811389317
Bavaria,2021-09-12,,estimate,1.11970974920096,1.12011181695079,0.0496946375139593,1.04520766024698,1.093107797726,1.10905623760757,1.12874744010645,1.14660491318203,1.20369226747705
Bavaria,2021-09-13,,estimate,1.11306350459605,1.11283103447992,0.0492885896426871,1.03714479021118,1.08737352661125,1.10335032173021,1.12203510053988,1.13885126757351,1.19340177082579
Bavaria,2021-09-14,,estimate,1.10717951591611,1.10558400306801,0.0490543668289108,1.02829871923507,1.0800353971733,1.09763714168922,1.11568302698281,1.13288566300368,1.18189017888366
Bavaria,2021-09-15,,estimate,1.10052952056963,1.09840676995623,0.0490203925795735,1.01781863546618,1.07217437699947,1.09118699479777,1.10991087413322,1.12732116731261,1.17323018666334
Bavaria,2021-09-16,,estimate,1.09495479877387,1.09133065796259,0.0492234258580904,1.00942440304905,1.06407915462872,1.08409469654622,1.10425442317069,1.12152268022283,1.16593439444185
Bavaria,2021-09-17,,estimate,1.08806149199821,1.0843827099799,0.0497044898572673,0.999907731119108,1.05510690719907,1.07764933102876,1.09830150385517,1.11636208898965,1.15780038888703
Bavaria,2021-09-18,,estimate,1.08151699249893,1.07758601448185,0.0505035152810372,0.992354764192906,1.04724034787456,1.07011713131602,1.09261365798265,1.11032073167019,1.15103332329785
Bavaria,2021-09-19,,estimate,1.07488520131646,1.07095994644099,0.0516545833978357,0.984497695032358,1.03935593394387,1.06264931573222,1.0877555511297,1.10642105099237,1.14408429454222
Bavaria,2021-09-20,,estimate,1.06985455796346,1.06452041190194,0.0531827356332297,0.975222058549463,1.03039505382552,1.05440690417446,1.08192962825558,1.10205259051751,1.1398276985624
Bavaria,2021-09-21,,estimate,1.06299524797335,1.0582801998806,0.0551025434423927,0.965856936748164,1.02151646061809,1.04722820477389,1.07628247320933,1.09867790912216,1.13701517505278
Bavaria,2021-09-22,,estimate,1.05628262244076,1.05224951777637,0.057418396456293,0.955737836298692,1.01353418305976,1.04064338405942,1.0714496259317,1.0938693763148,1.13472254480613
Bavaria,2021-09-23,,estimate,1.04989001749606,1.04643672871819,0.060126172444154,0.943747613719789,1.00576358168584,1.03483011989816,1.06796377403238,1.09025976822712,1.13218402597676
Bavaria,2021-09-24,,estimate,1.04352973360344,1.04084925054591,0.0632154000050418,0.931775531334465,0.998219015198612,1.02768261236118,1.06350424132368,1.08737582208393,1.13205290079541
Bavaria,2021-09-25,,estimate,1.03927608176797,1.03549454753325,0.0666710509370879,0.919969225595329,0.990306532623611,1.02202307686489,1.05872572432027,1.08627578457075,1.13189123468394
Bavaria,2021-09-26,,estimate,1.03480888754812,1.03038115262337,0.0704752826192048,0.906202753275667,0.984355395785508,1.01568932600076,1.05480334986838,1.08418460395542,1.13167733895929
Bavaria,2021-09-27,,estimate,1.03065502396505,1.02551966401442,0.0746107017371347,0.896320539455879,0.978356865800969,1.0103865990044,1.0515793035134,1.08235563371241,1.13128303740806
Bavaria,2021-09-28,,estimate,1.02767567271615,1.02092361444841,0.0790661205029181,0.882154043531267,0.969558451716656,1.00481647963441,1.04802312061953,1.08087886190603,1.13156911224512
Bavaria,2021-09-29,,estimate,1.02565288162736,1.01661000674141,0.0838430707832487,0.870485391793626,0.962510198274696,1.00023840288941,1.04558188065018,1.08079474661937,1.13255232855672
Bavaria,2021-09-30,,estimate based on partial data,1.02150438693059,1.01259921619604,0.0889589176474776,0.857419045513841,0.954554521491228,0.995889703587891,1.04465566216955,1.08056792577763,1.13398014351348
Bavaria,2021-10-01,,estimate based on partial data,1.01849584816601,1.00891399167338,0.0944430982232603,0.844189000457021,0.947448503231243,0.991226689213641,1.04275699043078,1.08093886738854,1.13742163610728
Bavaria,2021-10-02,,estimate based on partial data,1.01695475680701,1.00557749899832,0.100326931930993,0.830490486517756,0.940535130112671,0.987567813920181,1.04197178265667,1.08070744523387,1.13908244136348
Bavaria,2021-10-03,,estimate based on partial data,1.01564941953632,1.00261067450284,0.106631562534034,0.813077466097508,0.932993198127755,0.985910510047382,1.04130288628217,1.08240071459365,1.1462628626851
Bavaria,2021-10-04,,estimate based on partial data,1.01352882683293,1.00002942893138,0.113359586864071,0.799170704991979,0.925356724977073,0.983088582809767,1.04127753551593,1.0836053634384,1.15346453287762
Bavaria,2021-10-05,,estimate based on partial data,1.01293570200174,0.997842315565585,0.120493362809543,0.786279057574908,0.918545294530884,0.979123337932474,1.04098887022749,1.08386551277049,1.16162178869983
Bavaria,2021-10-06,,estimate based on partial data,1.01230531902299,0.99604912096896,0.127999336085475,0.770979929687103,0.914807908448439,0.975711042024353,1.04133981915938,1.08546740366829,1.17118631520828
Bavaria,2021-10-07,,estimate based on partial data,1.01014662954444,0.994640547754506,0.135835605317038,0.754527103089965,0.911846635350898,0.972050158923411,1.04113263310067,1.08919799958946,1.18279877253351
Bavaria,2021-10-08,,estimate based on partial data,1.00877101538971,0.993598883100382,0.143959974123684,0.741828981481034,0.907370981768447,0.969599888899651,1.04288139138477,1.09191845750076,1.19666987601947
Bavaria,2021-10-09,,estimate based on partial data,1.0077459960946,0.99289939331109,0.152336859132457,0.725225223781585,0.90126869581524,0.968978893428411,1.04361076125903,1.09368200363736,1.20692600463524
Bavaria,2021-10-10,,estimate based on partial data,1.00798382966676,0.992512178911777,0.160942479357492,0.712412270785681,0.897945105887329,0.967145652127097,1.04515539491031,1.09559157131996,1.22146093103571
Bavaria,2021-10-11,,estimate based on partial data,1.01096634412024,0.992404316002251,0.169768369997367,0.698138603959805,0.893570847806869,0.964954869075759,1.04636929644357,1.09995427950186,1.22789550249054
Bavaria,2021-10-12,,estimate based on partial data,1.01152941162975,0.992542209485253,0.178823616280844,0.684043580134851,0.888985701321625,0.965222288128437,1.05021724085734,1.10170653002649,1.24348049566195
Bavaria,2021-10-13,,estimate based on partial data,1.01269198455904,0.992894110142603,0.188136409326561,0.672565702928911,0.882003142402384,0.966250253205548,1.05164262496624,1.1029415609846,1.2618091954559
Bavaria,2021-10-14,,estimate based on partial data,1.01460361319277,0.993432661146593,0.197755347461309,0.659992203897963,0.877677551488094,0.962642076392805,1.05278320389726,1.10487609913876,1.2749177346375
Bavaria,2021-10-15,,estimate based on partial data,1.01414892766327,0.994137167448665,0.207749968989896,0.64999850514723,0.871721068137418,0.962753619682548,1.05297449973126,1.10792775781601,1.29122243393705
Bavaria,2021-10-16,,estimate based on partial data,1.01471903125149,0.994995118340246,0.218208399920852,0.641992106049746,0.869656893940179,0.963747436818815,1.05323917164591,1.1118265938259,1.30470984543793
Bavaria,2021-10-17,,estimate based on partial data,1.01545720086193,0.996002469231442,0.229228786670347,0.630221941479602,0.867591644873974,0.963192149947847,1.05461439258751,1.11285298640867,1.32019174022726
Bavaria,2021-10-18,,forecast,1.01545720086193,0.996002469231442,0.229228786670347,0.630221941479602,0.867591644873974,0.963192149947847,1.05461439258751,1.11285298640867,1.32019174022726
Bavaria,2021-10-19,,forecast,1.01545720086193,0.996002469231442,0.229228786670347,0.630221941479602,0.867591644873974,0.963192149947847,1.05461439258751,1.11285298640867,1.32019174022726
Bavaria,2021-10-20,,forecast,1.01545720086193,0.996002469231442,0.229228786670347,0.630221941479602,0.867591644873974,0.963192149947847,1.05461439258751,1.11285298640867,1.32019174022726
Bavaria,2021-10-21,,forecast,1.01545720086193,0.996002469231442,0.229228786670347,0.630221941479602,0.867591644873974,0.963192149947847,1.05461439258751,1.11285298640867,1.32019174022726
Bavaria,2021-10-22,,forecast,1.01545720086193,0.996002469231442,0.229228786670347,0.630221941479602,0.867591644873974,0.963192149947847,1.05461439258751,1.11285298640867,1.32019174022726
Bavaria,2021-10-23,,forecast,1.01545720086193,0.996002469231442,0.229228786670347,0.630221941479602,0.867591644873974,0.963192149947847,1.05461439258751,1.11285298640867,1.32019174022726
Bavaria,2021-10-24,,forecast,1.01545720086193,0.996002469231442,0.229228786670347,0.630221941479602,0.867591644873974,0.963192149947847,1.05461439258751,1.11285298640867,1.32019174022726
Bavaria,2021-10-25,,forecast,1.01545720086193,0.996002469231442,0.229228786670347,0.630221941479602,0.867591644873974,0.963192149947847,1.05461439258751,1.11285298640867,1.32019174022726
Bavaria,2021-10-26,,forecast,1.01545720086193,0.996002469231442,0.229228786670347,0.630221941479602,0.867591644873974,0.963192149947847,1.05461439258751,1.11285298640867,1.32019174022726
Bavaria,2021-10-27,,forecast,1.01545720086193,0.996002469231442,0.229228786670347,0.630221941479602,0.867591644873974,0.963192149947847,1.05461439258751,1.11285298640867,1.32019174022726
Bavaria,2021-10-28,,forecast,1.01545720086193,0.996002469231442,0.229228786670347,0.630221941479602,0.867591644873974,0.963192149947847,1.05461439258751,1.11285298640867,1.32019174022726
Bavaria,2021-10-29,,forecast,1.01545720086193,0.996002469231442,0.229228786670347,0.630221941479602,0.867591644873974,0.963192149947847,1.05461439258751,1.11285298640867,1.32019174022726
Bavaria,2021-10-30,,forecast,1.01545720086193,0.996002469231442,0.229228786670347,0.630221941479602,0.867591644873974,0.963192149947847,1.05461439258751,1.11285298640867,1.32019174022726
Bavaria,2021-10-31,,forecast,1.01545720086193,0.996002469231442,0.229228786670347,0.630221941479602,0.867591644873974,0.963192149947847,1.05461439258751,1.11285298640867,1.32019174022726
Bavaria,2021-11-01,,forecast,1.01545720086193,0.996002469231442,0.229228786670347,0.630221941479602,0.867591644873974,0.963192149947847,1.05461439258751,1.11285298640867,1.32019174022726
Bavaria,2021-11-02,,forecast,1.01545720086193,0.996002469231442,0.229228786670347,0.630221941479602,0.867591644873974,0.963192149947847,1.05461439258751,1.11285298640867,1.32019174022726
Bavaria,2021-11-03,,forecast,1.01545720086193,0.996002469231442,0.229228786670347,0.630221941479602,0.867591644873974,0.963192149947847,1.05461439258751,1.11285298640867,1.32019174022726
Bavaria,2021-11-04,,forecast,1.01545720086193,0.996002469231442,0.229228786670347,0.630221941479602,0.867591644873974,0.963192149947847,1.05461439258751,1.11285298640867,1.32019174022726
Bavaria,2021-11-05,,forecast,1.01545720086193,0.996002469231442,0.229228786670347,0.630221941479602,0.867591644873974,0.963192149947847,1.05461439258751,1.11285298640867,1.32019174022726
Bavaria,2021-11-06,,forecast,1.01545720086193,0.996002469231442,0.229228786670347,0.630221941479602,0.867591644873974,0.963192149947847,1.05461439258751,1.11285298640867,1.32019174022726
Bavaria,2021-11-07,,forecast,1.01545720086193,0.996002469231442,0.229228786670347,0.630221941479602,0.867591644873974,0.963192149947847,1.05461439258751,1.11285298640867,1.32019174022726
Bavaria,2021-11-08,,forecast,1.01545720086193,0.996002469231442,0.229228786670347,0.630221941479602,0.867591644873974,0.963192149947847,1.05461439258751,1.11285298640867,1.32019174022726
Bavaria,2021-11-09,,forecast,1.01545720086193,0.996002469231442,0.229228786670347,0.630221941479602,0.867591644873974,0.963192149947847,1.05461439258751,1.11285298640867,1.32019174022726
Bavaria,2021-11-10,,forecast,1.01545720086193,0.996002469231442,0.229228786670347,0.630221941479602,0.867591644873974,0.963192149947847,1.05461439258751,1.11285298640867,1.32019174022726
Bavaria,2021-11-11,,forecast,1.01545720086193,0.996002469231442,0.229228786670347,0.630221941479602,0.867591644873974,0.963192149947847,1.05461439258751,1.11285298640867,1.32019174022726
Bavaria,2021-11-12,,forecast,1.01545720086193,0.996002469231442,0.229228786670347,0.630221941479602,0.867591644873974,0.963192149947847,1.05461439258751,1.11285298640867,1.32019174022726
Bavaria,2021-11-13,,forecast,1.01545720086193,0.996002469231442,0.229228786670347,0.630221941479602,0.867591644873974,0.963192149947847,1.05461439258751,1.11285298640867,1.32019174022726
Bavaria,2021-11-14,,forecast,1.01545720086193,0.996002469231442,0.229228786670347,0.630221941479602,0.867591644873974,0.963192149947847,1.05461439258751,1.11285298640867,1.32019174022726
Bavaria,2021-11-15,,forecast,1.01545720086193,0.996002469231442,0.229228786670347,0.630221941479602,0.867591644873974,0.963192149947847,1.05461439258751,1.11285298640867,1.32019174022726
Bavaria,2021-11-16,,forecast,1.01545720086193,0.996002469231442,0.229228786670347,0.630221941479602,0.867591644873974,0.963192149947847,1.05461439258751,1.11285298640867,1.32019174022726
Bavaria,2021-11-17,,forecast,1.01545720086193,0.996002469231442,0.229228786670347,0.630221941479602,0.867591644873974,0.963192149947847,1.05461439258751,1.11285298640867,1.32019174022726
Berlin,2021-07-27,,estimate,1.10961509970682,1.12238886731096,0.108527531210101,0.967265141609068,1.06473828191479,1.09276104052549,1.12774203985314,1.16860177598969,1.32293523477896
Berlin,2021-07-28,,estimate,1.10977795217953,1.12314881764985,0.104527108118365,0.975208097082625,1.06692311618854,1.0937764597528,1.1281094118213,1.1692404122057,1.32074044602908
Berlin,2021-07-29,,estimate,1.11110562370662,1.12394531193552,0.101237327883549,0.979329985486972,1.06764666364911,1.09490597273537,1.12876863840452,1.1700530582021,1.31674000538392
Berlin,2021-07-30,,estimate,1.11226307343268,1.12474983940493,0.0985808169853318,0.986925632681929,1.06956956561812,1.09635282937175,1.1284294612,1.17011005654597,1.31050942415813
Berlin,2021-07-31,,estimate,1.11208244738832,1.1255334118708,0.0964725967840874,0.990475444824683,1.07081655893625,1.0973249150563,1.12912560962042,1.16899518552053,1.30714289172262
Berlin,2021-08-01,,estimate,1.11240365621083,1.12626682300925,0.0948388332667684,0.995253639495711,1.07305729287466,1.0978817290316,1.12908039339439,1.17009673553054,1.30436557609046
Berlin,2021-08-02,,estimate,1.11272790981587,1.1269203156448,0.0936206321632985,0.99867736059489,1.07407214993773,1.09903898443731,1.12993188393929,1.1690640493112,1.3036432255375
Berlin,2021-08-03,,estimate,1.11316469760478,1.12746298352805,0.0927573926607686,0.998893404438298,1.0740672119053,1.09893708769044,1.13028171500772,1.16804084085792,1.30407624779186
Berlin,2021-08-04,,estimate,1.11351663952814,1.12786254534711,0.0921575849341284,1.00234992553698,1.07475972360526,1.09875744891985,1.13024532979823,1.1670645064171,1.29838822054306
Berlin,2021-08-05,,estimate,1.11336833309709,1.12808614393164,0.091675976205991,1.00406837834621,1.07549222544024,1.09966010993557,1.13067206406109,1.16626127481761,1.29730874810193
Berlin,2021-08-06,,estimate,1.1138613505118,1.12810246453896,0.0911170280267031,1.00568467494932,1.07748034470971,1.10036498570703,1.1305907529431,1.1661655282121,1.28990934346506
Berlin,2021-08-07,,estimate,1.11421734058384,1.12788486503076,0.0902718488711913,1.0079647130086,1.07785383229001,1.10064628056461,1.13111088296253,1.16503967001094,1.2867698547647
Berlin,2021-08-08,,estimate,1.11425059943179,1.1274146642997,0.0889758934557586,1.01339420068654,1.0778107254944,1.09992591474239,1.13144716773519,1.16333470617518,1.28443175047906
Berlin,2021-08-09,,estimate,1.11421423458522,1.12668355623833,0.0871588441788125,1.01712232861423,1.07808267155533,1.09929223572588,1.13086947938561,1.16255969573002,1.27724837138829
Berlin,2021-08-10,,estimate,1.11415685592619,1.12569444004584,0.0848596738710297,1.01823848429627,1.07735723257412,1.09922664748287,1.12915771460497,1.16097633704352,1.27036019638552
Berlin,2021-08-11,,estimate,1.11269385663297,1.12446061213704,0.0822003293014739,1.01846564730721,1.07637074724278,1.09889671769496,1.12709522010093,1.16032044009881,1.26782025965536
Berlin,2021-08-12,,estimate,1.11194584914899,1.12300385486741,0.0793361784409973,1.02102919920204,1.07666557444585,1.09788306448211,1.12592300440916,1.15752125243752,1.26468342371431
Berlin,2021-08-13,,estimate,1.11111819346293,1.12135215521275,0.0764113833880331,1.02225258934468,1.07710975867477,1.09790787446355,1.12515516691113,1.15510628686041,1.25865499044432
Berlin,2021-08-14,,estimate,1.1101667952504,1.11953757757874,0.073537228023654,1.02290868306571,1.07656139144913,1.09688670642539,1.1232190242189,1.15393804595129,1.25236663002763
Berlin,2021-08-15,,estimate,1.10910797327322,1.11759445161966,0.070792945277173,1.02358807488168,1.07587633826917,1.09589394921814,1.12165610733413,1.1507996866746,1.24853863087603
Berlin,2021-08-16,,estimate,1.10807302383035,1.11555778204921,0.0682370431477965,1.02362860911301,1.07542399966795,1.09572573361138,1.12096055382654,1.1486583316417,1.23985293851014
Berlin,2021-08-17,,estimate,1.10728560683261,1.1134617330926,0.0659172826137528,1.02121410651243,1.07501016273782,1.09536801156066,1.11944234382947,1.1461803875913,1.2311731677412
Berlin,2021-08-18,,estimate,1.1061468848518,1.11133812149201,0.0638738168351178,1.01966058954198,1.07402137279795,1.09429394761307,1.11785443373745,1.14213059926609,1.2242810601615
Berlin,2021-08-19,,estimate,1.10556728663635,1.1092149685129,0.0621359568973121,1.01460930851146,1.07373534640669,1.09311911683833,1.11612038871766,1.13937008041438,1.21628677529507
Berlin,2021-08-20,,estimate,1.10368570982752,1.10711525025363,0.0607161450423061,1.0124822044578,1.07246400613868,1.09184913972864,1.11438396063459,1.13664082428615,1.21236778999218
Berlin,2021-08-21,,estimate,1.10185257392333,1.10505602349045,0.0596054160618116,1.01088857636577,1.07061562034619,1.09023519238437,1.11229259436288,1.13427794693436,1.20870405202257
Berlin,2021-08-22,,estimate,1.10061777706363,1.10304808736958,0.058773641899992,1.00965048777409,1.06835947666432,1.08955370976862,1.11102049070949,1.13121162418778,1.20624510371899
Berlin,2021-08-23,,estimate,1.09907262271974,1.10109627565938,0.0581756628514674,1.00917769621164,1.06819840840492,1.08812992774648,1.10953253538517,1.1286071050252,1.20378343239543
Berlin,2021-08-24,,estimate,1.09786035589205,1.0992003764268,0.057761734547445,1.0094722697953,1.06730248455804,1.08722773186462,1.10818496658797,1.12573455680471,1.20490325697867
Berlin,2021-08-25,,estimate,1.09673598228041,1.09735657192418,0.0574885844865992,1.0077106051073,1.06665346801236,1.08549287643339,1.10739611975439,1.12492035659522,1.20019221674145
Berlin,2021-08-26,,estimate,1.09582028473632,1.09555921166501,0.0573266961982039,1.00362847535643,1.06512569791501,1.08425661814976,1.10619108904044,1.12285603322114,1.19303148272164
Berlin,2021-08-27,,estimate,1.09457154881379,1.09380270081355,0.0572607159623487,1.00143865459866,1.0635112274565,1.08341280317124,1.10463929372559,1.12206390029866,1.19004928293165
Berlin,2021-08-28,,estimate,1.0939906783741,1.09208330908033,0.0572829052375855,1.00098637660493,1.06279146354783,1.08260971005639,1.10352594096139,1.12090263480459,1.18658881710046
Berlin,2021-08-29,,estimate,1.09323112469306,1.09040075930229,0.0573831310145329,0.996269809865335,1.06167095015109,1.08220919478188,1.10217215721302,1.1191021175337,1.17949985121009
Berlin,2021-08-30,,estimate,1.09207655407075,1.08875949926944,0.0575409313353931,0.993284605402895,1.0617069575565,1.0812565683013,1.10132683791027,1.11765432919775,1.17772375405458
Berlin,2021-08-31,,estimate,1.09050768415798,1.0871695665006,0.057724066260836,0.991581288491253,1.06092806642149,1.07983758122545,1.10109820426174,1.1168024447261,1.1708626772409
Berlin,2021-09-01,,estimate,1.08982191239045,1.08564693314506,0.0578941147131713,0.9895664126498,1.05973711555283,1.0790927690962,1.10012025311849,1.11594198286281,1.16857118002729
Berlin,2021-09-02,,estimate,1.088659658299,1.08421321076775,0.0580157046677129,0.986442218020067,1.05857580932488,1.07806493279094,1.09848432319499,1.11528341891341,1.1644175708786
Berlin,2021-09-03,,estimate,1.08816226185597,1.08289464475231,0.0580644563864923,0.981771357417774,1.05666349716119,1.07756468223282,1.09782115843895,1.11328329696198,1.16315389873347
Berlin,2021-09-04,,estimate,1.08670840604843,1.08172043960839,0.0580301919302771,0.978295933597682,1.05534037242891,1.07613375814169,1.09700558057343,1.11163185365956,1.16202233783845
Berlin,2021-09-05,,estimate,1.08589557679542,1.0807205896783,0.057914996919717,0.976782065645543,1.05493333087772,1.07496507082416,1.09638068203841,1.11160113656138,1.16162819675391
Berlin,2021-09-06,,estimate,1.08546056267233,1.07992348696386,0.0577284275338887,0.979985724291472,1.05381920352583,1.0739116959491,1.09627730769385,1.11152129475407,1.15830133262798
Berlin,2021-09-07,,estimate,1.08509763913724,1.07935359914573,0.0574832270753512,0.979662221279407,1.0529880647591,1.07265936282774,1.09555190410685,1.11130354865364,1.15756780203257
Berlin,2021-09-08,,estimate,1.08465124354683,1.0790294560671,0.0571939627258847,0.980667039638608,1.05240808211617,1.07275219315837,1.09487576043074,1.11080171614379,1.15771918600821
Berlin,2021-09-09,,estimate,1.08520917444932,1.07896209044404,0.0568786693895489,0.979504243747773,1.05256322068831,1.07210147751343,1.09488457770223,1.11110878164444,1.15912958572482
Berlin,2021-09-10,,estimate,1.08505255243425,1.07915400328303,0.0565613580228501,0.982628577473721,1.05127731040763,1.07185740725393,1.09452424972593,1.11061431571337,1.16132551806662
Berlin,2021-09-11,,estimate,1.08468419387154,1.0795987037884,0.0562725689542575,0.980139620110332,1.05123035498216,1.07190843684775,1.09478434256773,1.11109397419354,1.16035599064266
Berlin,2021-09-12,,estimate,1.08521935902707,1.08028089937171,0.0560465675387246,0.985481535475543,1.05233376608837,1.07219619536038,1.09587464516889,1.11148769509149,1.16337473161323
Berlin,2021-09-13,,estimate,1.08548149674887,1.08117742862292,0.0559165587376009,0.986936058446759,1.05382233917925,1.0730855248442,1.09674681578992,1.11263976466299,1.1623874156271
Berlin,2021-09-14,,estimate,1.08604657435814,1.08225896905314,0.0559117006440396,0.986780856164912,1.05422900440013,1.07458905110019,1.09714247291735,1.11478390687627,1.16462771158421
Berlin,2021-09-15,,estimate,1.08728583843745,1.08349238049296,0.0560597149794096,0.986793515326986,1.05399273642605,1.07552638320581,1.09753984172738,1.1156744177836,1.1670629541542
Berlin,2021-09-16,,estimate,1.08742673522445,1.08484331187831,0.0563955494872966,0.988779900421674,1.05450639471674,1.07525900497449,1.09886985952806,1.11720604109815,1.17174083443843
Berlin,2021-09-17,,estimate,1.08829608033101,1.08627852534325,0.0569712702451036,0.991695336019861,1.05578515693196,1.07603368615996,1.09921868332158,1.1184896115649,1.17660310552601
Berlin,2021-09-18,,estimate,1.08896840105386,1.08776740810018,0.0578588089276583,0.992039460614499,1.05611235923633,1.0767416009375,1.10037638658561,1.11982686292299,1.18106525332151
Berlin,2021-09-19,,estimate,1.0904688770654,1.08928239824763,0.0591388724320666,0.992467156986035,1.05666982704916,1.07767891755576,1.10170086253441,1.1211115701106,1.18567137223902
Berlin,2021-09-20,,estimate,1.09143444299631,1.09079845960429,0.0608768167712199,0.991461129514295,1.05784309989221,1.07840238721297,1.10329942012346,1.12341294034379,1.18934225997875
Berlin,2021-09-21,,estimate,1.09239427304953,1.09229211733984,0.0630960061871981,0.989709223051889,1.05808458623511,1.07910925667905,1.10406426566475,1.12553097792316,1.19586639497566
Berlin,2021-09-22,,estimate,1.09314629599406,1.09374072561048,0.065764415146096,0.985443689226879,1.05822960938469,1.08020630120256,1.10523187433422,1.12762103645286,1.20152265644839
Berlin,2021-09-23,,estimate,1.09374981613363,1.09512249335391,0.0688054200976482,0.985427130188624,1.05832752372842,1.08160545836653,1.10652720359817,1.12997353580925,1.2111328891792
Berlin,2021-09-24,,estimate,1.09463081568058,1.09641739876575,0.0721302177211036,0.979465570628873,1.05814445920439,1.0810901086597,1.10756353186111,1.13315912074198,1.21865568276653
Berlin,2021-09-25,,estimate,1.09518808878614,1.09760865552004,0.075675865380822,0.977754572591642,1.05662180594044,1.08099849022611,1.10805768037621,1.13628842518157,1.22621047610109
Berlin,2021-09-26,,estimate,1.09574822177418,1.09868408816819,0.07942887703519,0.974582019662857,1.05609450090131,1.08197959835974,1.1087775296214,1.13764143304037,1.23283533779275
Berlin,2021-09-27,,estimate,1.0970973594938,1.0996368017932,0.0834225985375744,0.967915007803471,1.05463610177755,1.0817047171149,1.11019328571314,1.138236290878,1.23708506401982
Berlin,2021-09-28,,estimate,1.09712944578006,1.10046488358078,0.0877121282644529,0.963029297117381,1.05395251737407,1.08176722779794,1.11112633004933,1.14044511039041,1.24172834862859
Berlin,2021-09-29,,estimate,1.09752485403759,1.10117034298681,0.0923429157775227,0.956125547520297,1.05364765519316,1.08133353018791,1.11195819619003,1.14185681130735,1.25073584289678
Berlin,2021-09-30,,estimate based on partial data,1.09793530408093,1.1017578062088,0.0973297888022741,0.947900297043187,1.05260687334576,1.08108179548829,1.11266465794204,1.14361848884462,1.26444653408322
Berlin,2021-10-01,,estimate based on partial data,1.09805591973406,1.10223348271599,0.10265307070494,0.943301144213934,1.0517615227442,1.08101861215222,1.1136879664207,1.14602511683339,1.27566943546156
Berlin,2021-10-02,,estimate based on partial data,1.0976251697317,1.10260468822698,0.108267349834714,0.936519344601234,1.05113388576021,1.07960409269257,1.11415936438379,1.14693477585507,1.28473202891122
Berlin,2021-10-03,,estimate based on partial data,1.09795241092866,1.10287993585883,0.114114562827023,0.925112921441055,1.05003434904979,1.07931651207799,1.11494563264788,1.14919193888406,1.29288662381106
Berlin,2021-10-04,,estimate based on partial data,1.09779365327239,1.10306944254721,0.120136122851206,0.915232176637747,1.04867664057776,1.07912046646921,1.11569675791566,1.15039127245843,1.30198949268623
Berlin,2021-10-05,,estimate based on partial data,1.09764203977454,1.10318584928344,0.126283274788512,0.905379931092908,1.04625235056322,1.07925200346656,1.11664927787221,1.15299151717088,1.31387158890595
Berlin,2021-10-06,,estimate based on partial data,1.0978940793622,1.10324494061164,0.132526447178846,0.898696480066761,1.04430214707847,1.07870171627233,1.1170410727809,1.15606047123239,1.3239910763842
Berlin,2021-10-07,,estimate based on partial data,1.09863045691709,1.10326611693518,0.138863013835675,0.889478883075705,1.04249159196581,1.07784563544399,1.11665708674803,1.15710301987573,1.33608655191635
Berlin,2021-10-08,,estimate based on partial data,1.09796530895621,1.10327235546264,0.14532112086596,0.876485031263669,1.04084484467531,1.07695806350922,1.11673639060997,1.15813946256046,1.34301196025779
Berlin,2021-10-09,,estimate based on partial data,1.09579665115621,1.10328946845978,0.151957334547754,0.862695379817744,1.03882643817095,1.0763840947528,1.11728561634932,1.16063406447468,1.34999364045708
Berlin,2021-10-10,,estimate based on partial data,1.09562819175628,1.10334465698616,0.158848004283009,0.855361377320476,1.03597461547919,1.07539645224281,1.1170980236401,1.16253083726576,1.3622510733739
Berlin,2021-10-11,,estimate based on partial data,1.09563433100239,1.10346459589222,0.166076832015511,0.847284694729553,1.03324958995174,1.07415789143317,1.11658697972162,1.16226838506581,1.37555968383048
Berlin,2021-10-12,,estimate based on partial data,1.09530468051124,1.10367345471849,0.173722482701768,0.835620844981415,1.03196383571944,1.07361061740201,1.11708433174078,1.16292676384518,1.3839353114656
Berlin,2021-10-13,,estimate based on partial data,1.0955583454014,1.10399127950745,0.181849580368389,0.829568164556301,1.03111207580294,1.07311046832293,1.1176936118751,1.16518803884185,1.38959912472644
Berlin,2021-10-14,,estimate based on partial data,1.0957624971172,1.10443303459502,0.190504682819207,0.817976606409889,1.02798521554519,1.07233353075444,1.11697544129687,1.1670133991453,1.40592186197737
Berlin,2021-10-15,,estimate based on partial data,1.09601548165414,1.10500839659141,0.199716785831314,0.80653080208625,1.0265874561409,1.07208947961431,1.11614365166181,1.16829638931411,1.42230620941742
Berlin,2021-10-16,,estimate based on partial data,1.0954663419034,1.10572218799999,0.209500315678701,0.803575933422083,1.02445850797253,1.07166651486594,1.11696169758061,1.16638457347983,1.43484266777922
Berlin,2021-10-17,,estimate based on partial data,1.0956022944451,1.10657520284817,0.219857836763536,0.798297504690322,1.02245976930752,1.07072375180485,1.1178371887636,1.1679772993945,1.45013102161659
Berlin,2021-10-18,,forecast,1.0956022944451,1.10657520284817,0.219857836763536,0.798297504690322,1.02245976930752,1.07072375180485,1.1178371887636,1.1679772993945,1.45013102161659
Berlin,2021-10-19,,forecast,1.0956022944451,1.10657520284817,0.219857836763536,0.798297504690322,1.02245976930752,1.07072375180485,1.1178371887636,1.1679772993945,1.45013102161659
Berlin,2021-10-20,,forecast,1.0956022944451,1.10657520284817,0.219857836763536,0.798297504690322,1.02245976930752,1.07072375180485,1.1178371887636,1.1679772993945,1.45013102161659
Berlin,2021-10-21,,forecast,1.0956022944451,1.10657520284817,0.219857836763536,0.798297504690322,1.02245976930752,1.07072375180485,1.1178371887636,1.1679772993945,1.45013102161659
Berlin,2021-10-22,,forecast,1.0956022944451,1.10657520284817,0.219857836763536,0.798297504690322,1.02245976930752,1.07072375180485,1.1178371887636,1.1679772993945,1.45013102161659
Berlin,2021-10-23,,forecast,1.0956022944451,1.10657520284817,0.219857836763536,0.798297504690322,1.02245976930752,1.07072375180485,1.1178371887636,1.1679772993945,1.45013102161659
Berlin,2021-10-24,,forecast,1.0956022944451,1.10657520284817,0.219857836763536,0.798297504690322,1.02245976930752,1.07072375180485,1.1178371887636,1.1679772993945,1.45013102161659
Berlin,2021-10-25,,forecast,1.0956022944451,1.10657520284817,0.219857836763536,0.798297504690322,1.02245976930752,1.07072375180485,1.1178371887636,1.1679772993945,1.45013102161659
Berlin,2021-10-26,,forecast,1.0956022944451,1.10657520284817,0.219857836763536,0.798297504690322,1.02245976930752,1.07072375180485,1.1178371887636,1.1679772993945,1.45013102161659
Berlin,2021-10-27,,forecast,1.0956022944451,1.10657520284817,0.219857836763536,0.798297504690322,1.02245976930752,1.07072375180485,1.1178371887636,1.1679772993945,1.45013102161659
Berlin,2021-10-28,,forecast,1.0956022944451,1.10657520284817,0.219857836763536,0.798297504690322,1.02245976930752,1.07072375180485,1.1178371887636,1.1679772993945,1.45013102161659
Berlin,2021-10-29,,forecast,1.0956022944451,1.10657520284817,0.219857836763536,0.798297504690322,1.02245976930752,1.07072375180485,1.1178371887636,1.1679772993945,1.45013102161659
Berlin,2021-10-30,,forecast,1.0956022944451,1.10657520284817,0.219857836763536,0.798297504690322,1.02245976930752,1.07072375180485,1.1178371887636,1.1679772993945,1.45013102161659
Berlin,2021-10-31,,forecast,1.0956022944451,1.10657520284817,0.219857836763536,0.798297504690322,1.02245976930752,1.07072375180485,1.1178371887636,1.1679772993945,1.45013102161659
Berlin,2021-11-01,,forecast,1.0956022944451,1.10657520284817,0.219857836763536,0.798297504690322,1.02245976930752,1.07072375180485,1.1178371887636,1.1679772993945,1.45013102161659
Berlin,2021-11-02,,forecast,1.0956022944451,1.10657520284817,0.219857836763536,0.798297504690322,1.02245976930752,1.07072375180485,1.1178371887636,1.1679772993945,1.45013102161659
Berlin,2021-11-03,,forecast,1.0956022944451,1.10657520284817,0.219857836763536,0.798297504690322,1.02245976930752,1.07072375180485,1.1178371887636,1.1679772993945,1.45013102161659
Berlin,2021-11-04,,forecast,1.0956022944451,1.10657520284817,0.219857836763536,0.798297504690322,1.02245976930752,1.07072375180485,1.1178371887636,1.1679772993945,1.45013102161659
Berlin,2021-11-05,,forecast,1.0956022944451,1.10657520284817,0.219857836763536,0.798297504690322,1.02245976930752,1.07072375180485,1.1178371887636,1.1679772993945,1.45013102161659
Berlin,2021-11-06,,forecast,1.0956022944451,1.10657520284817,0.219857836763536,0.798297504690322,1.02245976930752,1.07072375180485,1.1178371887636,1.1679772993945,1.45013102161659
Berlin,2021-11-07,,forecast,1.0956022944451,1.10657520284817,0.219857836763536,0.798297504690322,1.02245976930752,1.07072375180485,1.1178371887636,1.1679772993945,1.45013102161659
Berlin,2021-11-08,,forecast,1.0956022944451,1.10657520284817,0.219857836763536,0.798297504690322,1.02245976930752,1.07072375180485,1.1178371887636,1.1679772993945,1.45013102161659
Berlin,2021-11-09,,forecast,1.0956022944451,1.10657520284817,0.219857836763536,0.798297504690322,1.02245976930752,1.07072375180485,1.1178371887636,1.1679772993945,1.45013102161659
Berlin,2021-11-10,,forecast,1.0956022944451,1.10657520284817,0.219857836763536,0.798297504690322,1.02245976930752,1.07072375180485,1.1178371887636,1.1679772993945,1.45013102161659
Berlin,2021-11-11,,forecast,1.0956022944451,1.10657520284817,0.219857836763536,0.798297504690322,1.02245976930752,1.07072375180485,1.1178371887636,1.1679772993945,1.45013102161659
Berlin,2021-11-12,,forecast,1.0956022944451,1.10657520284817,0.219857836763536,0.798297504690322,1.02245976930752,1.07072375180485,1.1178371887636,1.1679772993945,1.45013102161659
Berlin,2021-11-13,,forecast,1.0956022944451,1.10657520284817,0.219857836763536,0.798297504690322,1.02245976930752,1.07072375180485,1.1178371887636,1.1679772993945,1.45013102161659
Berlin,2021-11-14,,forecast,1.0956022944451,1.10657520284817,0.219857836763536,0.798297504690322,1.02245976930752,1.07072375180485,1.1178371887636,1.1679772993945,1.45013102161659
Berlin,2021-11-15,,forecast,1.0956022944451,1.10657520284817,0.219857836763536,0.798297504690322,1.02245976930752,1.07072375180485,1.1178371887636,1.1679772993945,1.45013102161659
Berlin,2021-11-16,,forecast,1.0956022944451,1.10657520284817,0.219857836763536,0.798297504690322,1.02245976930752,1.07072375180485,1.1178371887636,1.1679772993945,1.45013102161659
Berlin,2021-11-17,,forecast,1.0956022944451,1.10657520284817,0.219857836763536,0.798297504690322,1.02245976930752,1.07072375180485,1.1178371887636,1.1679772993945,1.45013102161659
Brandenburg,2021-08-02,,estimate,1.16084058010718,1.1764623967024,0.15260684736818,0.945023880122072,1.08208640387422,1.12820185476909,1.1962627000454,1.26326064335963,1.45231783477636
Brandenburg,2021-08-03,,estimate,1.16465416985601,1.18041978040093,0.147453549789865,0.958381915147656,1.08752948311069,1.13354253572606,1.19782271033711,1.26366360271978,1.44619069055036
Brandenburg,2021-08-04,,estimate,1.16815636601122,1.18459184973453,0.144508353693344,0.96741612622956,1.09246222263713,1.136913037581,1.20327513877874,1.26494179033435,1.45228861436032
Brandenburg,2021-08-05,,estimate,1.17196227107166,1.18884854986589,0.143579102280156,0.976321692612726,1.09504894568243,1.13942672758211,1.20831306229987,1.26633254303424,1.46060114292688
Brandenburg,2021-08-06,,estimate,1.17407760264034,1.19305543394208,0.144246642676475,0.987027012546891,1.09833724764828,1.14426438981753,1.21020772005473,1.2700943436997,1.4640560000063
Brandenburg,2021-08-07,,estimate,1.17712888033503,1.19708200571719,0.145941199328369,0.997495233801763,1.10182556096316,1.1476483118023,1.21120760727729,1.2703454602013,1.46216247811889
Brandenburg,2021-08-08,,estimate,1.18034433567137,1.20080940150614,0.148067099926011,0.998626317546873,1.10484175978394,1.15085916012265,1.21409773731315,1.27082779543685,1.46595923455733
Brandenburg,2021-08-09,,estimate,1.18210196619712,1.2041363463346,0.150119382442099,1.00719032989574,1.1085918050241,1.15311474274503,1.21430631555521,1.27085741152281,1.46920271781737
Brandenburg,2021-08-10,,estimate,1.18299717400595,1.20698249676787,0.151731438430099,1.01430008095785,1.11156758544606,1.15532350505483,1.21640645721104,1.2721280291453,1.47335782632026
Brandenburg,2021-08-11,,estimate,1.18569085457037,1.20928929841865,0.152651123532554,1.01953152508077,1.11359028790463,1.15759642730815,1.21742674356212,1.27600133816934,1.47952878066237
Brandenburg,2021-08-12,,estimate,1.18724964128391,1.21101940276899,0.152702626219902,1.02384381499756,1.11435038771944,1.15930064558217,1.21818643330017,1.27653042663008,1.48006876848328
Brandenburg,2021-08-13,,estimate,1.1900553329939,1.21215538453635,0.151781819713158,1.02544228084836,1.11627741888588,1.15944475120247,1.21872081553628,1.27800755042427,1.47700171177993
Brandenburg,2021-08-14,,estimate,1.19138664983869,1.21269747797079,0.149877033052657,1.02896240088847,1.11916810581564,1.16155803134273,1.21903824432178,1.27665999151853,1.47314264061842
Brandenburg,2021-08-15,,estimate,1.19150933702049,1.21265981686827,0.147074996448262,1.03173203669547,1.12039175985634,1.16345395409733,1.21799564629767,1.27623357592704,1.46431747318036
Brandenburg,2021-08-16,,estimate,1.19076397912184,1.21206573549826,0.14352782029545,1.03426860224075,1.12275012467568,1.1649893371805,1.21772504689802,1.27370671724861,1.46457539826349
Brandenburg,2021-08-17,,estimate,1.1898964969198,1.21094401233497,0.13939629710855,1.03408233721933,1.12169252942218,1.16407304545649,1.21697392484262,1.27359082121013,1.45603257923083
Brandenburg,2021-08-18,,estimate,1.1908908680133,1.20932804972411,0.134813854546673,1.03670161491193,1.12300246152222,1.162938988057,1.21683613752576,1.26984899797955,1.44748701369084
Brandenburg,2021-08-19,,estimate,1.19002559172964,1.20725833166698,0.129911530818346,1.04243140832737,1.12337071326852,1.16350455158594,1.2149430359315,1.26925648585524,1.43764539435456
Brandenburg,2021-08-20,,estimate,1.18803092303333,1.20478595226503,0.12489703802355,1.0458558038301,1.1222387070046,1.16163504012753,1.21342576031087,1.26468276608784,1.42903058637517
Brandenburg,2021-08-21,,estimate,1.18619402144044,1.20197344354992,0.120110836253765,1.04920792870786,1.12391734816295,1.16034018880916,1.21247291927808,1.26042050769009,1.41475965150461
Brandenburg,2021-08-22,,estimate,1.18388648139351,1.19889023608299,0.11596452990809,1.04763092122231,1.12315127860227,1.15868317630017,1.21038683998216,1.25643914751927,1.40255811880677
Brandenburg,2021-08-23,,estimate,1.18196286791787,1.19560362588163,0.112766471975835,1.04837149830131,1.12220115778423,1.15892964053077,1.20638047712515,1.25342978504683,1.40294568034516
Brandenburg,2021-08-24,,estimate,1.17979004986173,1.19216942133514,0.110573780948401,1.04736983431139,1.12003303476081,1.15814337139571,1.20338699615964,1.2482963822654,1.39216889676219
Brandenburg,2021-08-25,,estimate,1.17698517466465,1.18862665015217,0.109198732973995,1.04258979885084,1.11828278522632,1.15585630883568,1.19996131947017,1.24499381489121,1.38247996594396
Brandenburg,2021-08-26,,estimate,1.17417365514176,1.18499785356432,0.108339794062176,1.0409871221458,1.11634510491067,1.15327944643978,1.1959747742467,1.24193900219038,1.37470465469828
Brandenburg,2021-08-27,,estimate,1.17146904855426,1.18129333957419,0.107711620166876,1.03604261554182,1.11395443451362,1.15000369152153,1.1930393219707,1.23806199263767,1.36826298612421
Brandenburg,2021-08-28,,estimate,1.1677379885367,1.17751659148707,0.107102641265125,1.0338125311959,1.11206605094461,1.1476933668043,1.18870793045857,1.2354367644873,1.36114906790016
Brandenburg,2021-08-29,,estimate,1.16393029154703,1.17366871436192,0.106376411995004,1.0322203527301,1.10900958753283,1.14430760735346,1.18488193193587,1.22980890060914,1.35322155016436
Brandenburg,2021-08-30,,estimate,1.15974713842799,1.16975093199195,0.105459822025884,1.02797529620235,1.10631391539743,1.13929724057291,1.18344062850378,1.22607225967858,1.34664786443126
Brandenburg,2021-08-31,,estimate,1.15404259381225,1.16576480398709,0.104342438549434,1.02568133992021,1.10288273083177,1.13445342138838,1.17814481247407,1.22076790334175,1.34310749432692
Brandenburg,2021-09-01,,estimate,1.15000635759773,1.16171005872912,0.103088090741863,1.02299863104083,1.09998816730562,1.13039436406792,1.17353590594315,1.21574471113302,1.34083613274118
Brandenburg,2021-09-02,,estimate,1.14444862746976,1.15758016330603,0.101846423680499,1.01689597660618,1.0968240031557,1.12571300182506,1.1675813959926,1.2107305807979,1.33783174296749
Brandenburg,2021-09-03,,estimate,1.14128602915972,1.15335627025747,0.100842238162595,1.01405439913221,1.09411793327485,1.12082265251999,1.16169946463378,1.20631073196499,1.33678679142095
Brandenburg,2021-09-04,,estimate,1.13649148731918,1.14900102448513,0.100313202898714,1.00763924840445,1.08982539667582,1.11676491038739,1.15705549787441,1.1996582042618,1.33327208766067
Brandenburg,2021-09-05,,estimate,1.13249296146246,1.14445462907477,0.100384167324335,1.00621145162728,1.08639304077792,1.11346671930329,1.15276193343712,1.19292568431036,1.32492328430026
Brandenburg,2021-09-06,,estimate,1.12666226189149,1.13963592862509,0.100930758901721,1.0038820422468,1.08154995625423,1.10889421455076,1.14725000867964,1.18467630951033,1.32048049477815
Brandenburg,2021-09-07,,estimate,1.12124860198912,1.13445024063525,0.101549887075982,1.00084321652513,1.07593512396082,1.10422815556237,1.14083612949831,1.18057611204263,1.3125436280256
Brandenburg,2021-09-08,,estimate,1.11583566577341,1.12880298747701,0.10171429108596,0.994019521589535,1.07205437454123,1.09990286441383,1.13564846773506,1.17303752111427,1.2941959288342
Brandenburg,2021-09-09,,estimate,1.11242958567105,1.12261501910197,0.10104140236048,0.990009995915575,1.06607552229055,1.0944465295154,1.13014836033844,1.16615420062527,1.28679244201289
Brandenburg,2021-09-10,,estimate,1.10704315455,1.11583412713927,0.0995068511219897,0.980928278890265,1.06026834646233,1.08907506495493,1.12863276944311,1.15852878570585,1.27826125249668
Brandenburg,2021-09-11,,estimate,1.10340274294024,1.10843908731157,0.0974768184257061,0.973256922167073,1.05240618144785,1.08339867810583,1.12189129209552,1.15193029645078,1.26370245983905
Brandenburg,2021-09-12,,estimate,1.09607828648203,1.10043656913828,0.0955567228355195,0.961163578357214,1.04417081956323,1.07888246043875,1.11368909792221,1.14723560928592,1.25169004458248
Brandenburg,2021-09-13,,estimate,1.09058032034352,1.09185451811532,0.0943539801810557,0.950257955082294,1.03669587549466,1.07086767332877,1.10801003624861,1.14047115762666,1.24464870810586
Brandenburg,2021-09-14,,estimate,1.08343785075121,1.08273604629734,0.0942818177014246,0.935272669011452,1.02712330912728,1.06436931218916,1.09972375921369,1.13409661777422,1.23678263678538
Brandenburg,2021-09-15,,estimate,1.07513177169216,1.0731358777348,0.0954876846587223,0.919186467050602,1.01722911454867,1.0554670549482,1.09193216157944,1.12666261916002,1.22236760621546
Brandenburg,2021-09-16,,estimate,1.06732424948343,1.0631190213133,0.097904617017564,0.900808729215976,1.00621869658948,1.04587251897051,1.08667008610671,1.11949514384145,1.21248613224452
Brandenburg,2021-09-17,,estimate,1.05952498035837,1.05276022054873,0.101356898773193,0.884441621351346,0.992906951972715,1.03568354326827,1.07969779955206,1.11322087479537,1.20339724518749
Brandenburg,2021-09-18,,estimate,1.04962836615131,1.0421431050835,0.105648475238738,0.863730048812431,0.978855320465453,1.02659412690902,1.07247393072393,1.10779886052113,1.19673738039235
Brandenburg,2021-09-19,,estimate,1.04069742726694,1.03135901588805,0.110609188845104,0.842597045568263,0.964137263746784,1.01677940505159,1.06459171632194,1.10227243914144,1.19025076276434
Brandenburg,2021-09-20,,estimate,1.03126240059129,1.02050603850068,0.116115781952404,0.819296056899315,0.951031477634993,1.00388744875749,1.05794797193109,1.09556744668619,1.18413011863913
Brandenburg,2021-09-21,,estimate,1.02284034703038,1.00968819773583,0.122104150221016,0.794956201927287,0.937964730926554,0.99266516549153,1.05253429256381,1.09126615809179,1.17960101699178
Brandenburg,2021-09-22,,estimate,1.01435339982403,0.999013632353002,0.128562513273084,0.772042919375551,0.922281860159641,0.981433040817669,1.04542632603756,1.08724850566308,1.17447626716639
Brandenburg,2021-09-23,,estimate,1.0055191335932,0.988590395117268,0.135493512678378,0.748998516203429,0.910077551302926,0.971210182125034,1.03920858324583,1.08310954216814,1.17115395507364
Brandenburg,2021-09-24,,estimate,0.998429724746427,0.978519991162446,0.142866269894649,0.720430487784667,0.892764969462977,0.962814255628265,1.03267146892014,1.07939814511447,1.17208046338745
Brandenburg,2021-09-25,,estimate,0.992738101969211,0.968890614371582,0.150594579713672,0.693325623164314,0.88077863220145,0.951977332806477,1.027667515707,1.07585889091857,1.17123949617195
Brandenburg,2021-09-26,,estimate,0.987060255718593,0.959772513151285,0.158550697321002,0.670465839308356,0.868513479490663,0.943100952509044,1.02090218475911,1.07310506961567,1.16972008290105
Brandenburg,2021-09-27,,estimate,0.980972877990468,0.951216804379543,0.166595676885005,0.641006084712124,0.854387345576596,0.935377981076245,1.01536981645624,1.07116189098956,1.16842897863441
Brandenburg,2021-09-28,,estimate,0.973310353272066,0.943257526088447,0.174606178868705,0.61183833844449,0.841986696979966,0.928053953375243,1.011182896042,1.07160861282814,1.16852946377865
Brandenburg,2021-09-29,,estimate,0.970450404527526,0.935915766584549,0.182490328124441,0.593169511471156,0.831764592585967,0.919223055704002,1.00719749541576,1.07029767060927,1.16958627856418
Brandenburg,2021-09-30,,estimate based on partial data,0.96456177137404,0.929204477639814,0.190193740085859,0.573154274858617,0.820642223729507,0.91293826641466,1.00441699387715,1.07032380933571,1.1717609421403
Brandenburg,2021-10-01,,estimate based on partial data,0.958985283626422,0.923132786113009,0.197699136057013,0.552774651011847,0.809233485537949,0.903926973749435,1.00178190359437,1.07181702699613,1.17409060114545
Brandenburg,2021-10-02,,estimate based on partial data,0.95613237647855,0.917708999642083,0.205022549597718,0.525675460208739,0.797713431306697,0.89753904176188,1.0007693995745,1.0720637379433,1.17918222470474
Brandenburg,2021-10-03,,estimate based on partial data,0.949640423813755,0.912941930367358,0.212207920632725,0.506361973207364,0.79207079480501,0.893224047783482,0.998456793914075,1.07297855111791,1.18257790031918
Brandenburg,2021-10-04,,estimate based on partial data,0.948256743279456,0.908840575863528,0.2193207227327,0.483700197847135,0.779934884950743,0.887146478543278,0.999117254697757,1.07263878931598,1.18442132664677
Brandenburg,2021-10-05,,estimate based on partial data,0.945051945751581,0.905412527020594,0.226440752242853,0.468416613520784,0.773268687914335,0.884216570506791,0.998023576403159,1.07474967107027,1.19140640717028
Brandenburg,2021-10-06,,estimate based on partial data,0.943199833178187,0.902661638726527,0.233654485027122,0.458989861772219,0.766110356059956,0.880470997618333,0.999875804696911,1.07581944146165,1.19563472611982
Brandenburg,2021-10-07,,estimate based on partial data,0.942232577721972,0.900585504609414,0.24104822727465,0.440993860749996,0.758142704159477,0.875333454147613,1.00019051243804,1.07701220206358,1.20325557778985
Brandenburg,2021-10-08,,estimate based on partial data,0.942236901356251,0.899173244686452,0.248704184235232,0.429100750719949,0.750529753567022,0.875197613936653,1.00101435130573,1.07750657649109,1.2137489195776
Brandenburg,2021-10-09,,estimate based on partial data,0.940577100946017,0.89840414621207,0.256701899397648,0.418640821453218,0.744105732744242,0.870989096022209,1.00282329333175,1.08003626174051,1.22282942481094
Brandenburg,2021-10-10,,estimate based on partial data,0.94378395591952,0.898247714824647,0.265126700420171,0.410941491305931,0.737314760873111,0.871141920120266,1.00508306830163,1.08159988190487,1.23178078525581
Brandenburg,2021-10-11,,estimate based on partial data,0.943766400510465,0.89866551080606,0.274084924120163,0.401133777500754,0.731821129049895,0.869370607064057,1.00641411078307,1.0829362017877,1.24760738813995
Brandenburg,2021-10-12,,estimate based on partial data,0.944433487869343,0.899614705442631,0.283723629509574,0.385796252072742,0.727490850723229,0.87091040824481,1.00967597022086,1.0862970775113,1.26185589876023
Brandenburg,2021-10-13,,estimate based on partial data,0.945107990567293,0.901052747401652,0.294251047528316,0.375577478432374,0.72806881843438,0.873880988523405,1.00844892287279,1.09011648455657,1.27502640055397
Brandenburg,2021-10-14,,estimate based on partial data,0.945645202816547,0.902942111836874,0.305953256040841,0.364365803220767,0.722651549905953,0.873433091250399,1.01287393513852,1.09278922208856,1.29221444941727
Brandenburg,2021-10-15,,estimate based on partial data,0.947042502188914,0.905253981013007,0.319202089837027,0.354293016009201,0.722206959669817,0.870004849532027,1.01495276894697,1.09699333488415,1.30575761778252
Brandenburg,2021-10-16,,estimate based on partial data,0.951672669746367,0.907969925538773,0.33444890302704,0.343832416100932,0.716256916960175,0.86891075036715,1.01653116671103,1.09995612957151,1.32601899001109
Brandenburg,2021-10-17,,estimate based on partial data,0.952870869946629,0.911081166732192,0.352199168526326,0.332704464771802,0.711941728709267,0.863922155171372,1.0171872605122,1.1033606237238,1.33700035843881
Brandenburg,2021-10-18,,forecast,0.952870869946629,0.911081166732192,0.352199168526326,0.332704464771802,0.711941728709267,0.863922155171372,1.0171872605122,1.1033606237238,1.33700035843881
Brandenburg,2021-10-19,,forecast,0.952870869946629,0.911081166732192,0.352199168526326,0.332704464771802,0.711941728709267,0.863922155171372,1.0171872605122,1.1033606237238,1.33700035843881
Brandenburg,2021-10-20,,forecast,0.952870869946629,0.911081166732192,0.352199168526326,0.332704464771802,0.711941728709267,0.863922155171372,1.0171872605122,1.1033606237238,1.33700035843881
Brandenburg,2021-10-21,,forecast,0.952870869946629,0.911081166732192,0.352199168526326,0.332704464771802,0.711941728709267,0.863922155171372,1.0171872605122,1.1033606237238,1.33700035843881
Brandenburg,2021-10-22,,forecast,0.952870869946629,0.911081166732192,0.352199168526326,0.332704464771802,0.711941728709267,0.863922155171372,1.0171872605122,1.1033606237238,1.33700035843881
Brandenburg,2021-10-23,,forecast,0.952870869946629,0.911081166732192,0.352199168526326,0.332704464771802,0.711941728709267,0.863922155171372,1.0171872605122,1.1033606237238,1.33700035843881
Brandenburg,2021-10-24,,forecast,0.952870869946629,0.911081166732192,0.352199168526326,0.332704464771802,0.711941728709267,0.863922155171372,1.0171872605122,1.1033606237238,1.33700035843881
Brandenburg,2021-10-25,,forecast,0.952870869946629,0.911081166732192,0.352199168526326,0.332704464771802,0.711941728709267,0.863922155171372,1.0171872605122,1.1033606237238,1.33700035843881
Brandenburg,2021-10-26,,forecast,0.952870869946629,0.911081166732192,0.352199168526326,0.332704464771802,0.711941728709267,0.863922155171372,1.0171872605122,1.1033606237238,1.33700035843881
Brandenburg,2021-10-27,,forecast,0.952870869946629,0.911081166732192,0.352199168526326,0.332704464771802,0.711941728709267,0.863922155171372,1.0171872605122,1.1033606237238,1.33700035843881
Brandenburg,2021-10-28,,forecast,0.952870869946629,0.911081166732192,0.352199168526326,0.332704464771802,0.711941728709267,0.863922155171372,1.0171872605122,1.1033606237238,1.33700035843881
Brandenburg,2021-10-29,,forecast,0.952870869946629,0.911081166732192,0.352199168526326,0.332704464771802,0.711941728709267,0.863922155171372,1.0171872605122,1.1033606237238,1.33700035843881
Brandenburg,2021-10-30,,forecast,0.952870869946629,0.911081166732192,0.352199168526326,0.332704464771802,0.711941728709267,0.863922155171372,1.0171872605122,1.1033606237238,1.33700035843881
Brandenburg,2021-10-31,,forecast,0.952870869946629,0.911081166732192,0.352199168526326,0.332704464771802,0.711941728709267,0.863922155171372,1.0171872605122,1.1033606237238,1.33700035843881
Brandenburg,2021-11-01,,forecast,0.952870869946629,0.911081166732192,0.352199168526326,0.332704464771802,0.711941728709267,0.863922155171372,1.0171872605122,1.1033606237238,1.33700035843881
Brandenburg,2021-11-02,,forecast,0.952870869946629,0.911081166732192,0.352199168526326,0.332704464771802,0.711941728709267,0.863922155171372,1.0171872605122,1.1033606237238,1.33700035843881
Brandenburg,2021-11-03,,forecast,0.952870869946629,0.911081166732192,0.352199168526326,0.332704464771802,0.711941728709267,0.863922155171372,1.0171872605122,1.1033606237238,1.33700035843881
Brandenburg,2021-11-04,,forecast,0.952870869946629,0.911081166732192,0.352199168526326,0.332704464771802,0.711941728709267,0.863922155171372,1.0171872605122,1.1033606237238,1.33700035843881
Brandenburg,2021-11-05,,forecast,0.952870869946629,0.911081166732192,0.352199168526326,0.332704464771802,0.711941728709267,0.863922155171372,1.0171872605122,1.1033606237238,1.33700035843881
Brandenburg,2021-11-06,,forecast,0.952870869946629,0.911081166732192,0.352199168526326,0.332704464771802,0.711941728709267,0.863922155171372,1.0171872605122,1.1033606237238,1.33700035843881
Brandenburg,2021-11-07,,forecast,0.952870869946629,0.911081166732192,0.352199168526326,0.332704464771802,0.711941728709267,0.863922155171372,1.0171872605122,1.1033606237238,1.33700035843881
Brandenburg,2021-11-08,,forecast,0.952870869946629,0.911081166732192,0.352199168526326,0.332704464771802,0.711941728709267,0.863922155171372,1.0171872605122,1.1033606237238,1.33700035843881
Brandenburg,2021-11-09,,forecast,0.952870869946629,0.911081166732192,0.352199168526326,0.332704464771802,0.711941728709267,0.863922155171372,1.0171872605122,1.1033606237238,1.33700035843881
Brandenburg,2021-11-10,,forecast,0.952870869946629,0.911081166732192,0.352199168526326,0.332704464771802,0.711941728709267,0.863922155171372,1.0171872605122,1.1033606237238,1.33700035843881
Brandenburg,2021-11-11,,forecast,0.952870869946629,0.911081166732192,0.352199168526326,0.332704464771802,0.711941728709267,0.863922155171372,1.0171872605122,1.1033606237238,1.33700035843881
Brandenburg,2021-11-12,,forecast,0.952870869946629,0.911081166732192,0.352199168526326,0.332704464771802,0.711941728709267,0.863922155171372,1.0171872605122,1.1033606237238,1.33700035843881
Brandenburg,2021-11-13,,forecast,0.952870869946629,0.911081166732192,0.352199168526326,0.332704464771802,0.711941728709267,0.863922155171372,1.0171872605122,1.1033606237238,1.33700035843881
Brandenburg,2021-11-14,,forecast,0.952870869946629,0.911081166732192,0.352199168526326,0.332704464771802,0.711941728709267,0.863922155171372,1.0171872605122,1.1033606237238,1.33700035843881
Brandenburg,2021-11-15,,forecast,0.952870869946629,0.911081166732192,0.352199168526326,0.332704464771802,0.711941728709267,0.863922155171372,1.0171872605122,1.1033606237238,1.33700035843881
Brandenburg,2021-11-16,,forecast,0.952870869946629,0.911081166732192,0.352199168526326,0.332704464771802,0.711941728709267,0.863922155171372,1.0171872605122,1.1033606237238,1.33700035843881
Brandenburg,2021-11-17,,forecast,0.952870869946629,0.911081166732192,0.352199168526326,0.332704464771802,0.711941728709267,0.863922155171372,1.0171872605122,1.1033606237238,1.33700035843881
Bremen,2021-08-11,,estimate,1.07426307680889,1.08003682856927,0.12795063319823,0.874848170121959,1.00059752613234,1.04860912768636,1.10087101807978,1.15205072247295,1.29925822451772
Bremen,2021-08-12,,estimate,1.07286017437063,1.0787760765627,0.122345737712336,0.883051375868751,1.00226100565425,1.0486372884235,1.0990316042055,1.14693683283303,1.28527033435517
Bremen,2021-08-13,,estimate,1.0706929768586,1.07772800187968,0.118001463313808,0.889716277981424,1.00454074783671,1.04750121310813,1.09769032076455,1.14683440990046,1.28003763260735
Bremen,2021-08-14,,estimate,1.07179505760298,1.07690741679964,0.114745360604735,0.893305537872957,1.00423777021791,1.04922303230088,1.09711054131759,1.14446016919092,1.27189663959753
Bremen,2021-08-15,,estimate,1.07240555264343,1.07632714663836,0.112370607781122,0.897831731180211,1.00596873735657,1.04965534349073,1.09614139742709,1.14375833304398,1.26102200427636
Bremen,2021-08-16,,estimate,1.07228929147352,1.07599509982855,0.110647826171781,0.900836253669033,1.00859265661162,1.05085885671471,1.0952542884202,1.14258488113174,1.2581335860585
Bremen,2021-08-17,,estimate,1.07339493157617,1.07591251587278,0.109349325982054,0.901420953241465,1.01087819473302,1.0504430506488,1.09575248714875,1.14188411800827,1.25655629404739
Bremen,2021-08-18,,estimate,1.0740705671752,1.07607326881993,0.10827682301082,0.905036533308794,1.01160999156356,1.0512496351492,1.09624421830823,1.13969196900658,1.25832583212148
Bremen,2021-08-19,,estimate,1.07588307175134,1.07646387341924,0.107281956045,0.90807190478235,1.01229059692746,1.05143815557309,1.09662089015538,1.13763969871485,1.25687521322479
Bremen,2021-08-20,,estimate,1.07557980336824,1.07706393491238,0.106272272801243,0.908699982606872,1.01487360347187,1.05293501765386,1.09733699786817,1.13825618204361,1.25397178327401
Bremen,2021-08-21,,estimate,1.07516230029969,1.07784703622496,0.105201872027571,0.909984944045951,1.01589011611931,1.05407914799228,1.09796311060718,1.13792915074485,1.24803483993637
Bremen,2021-08-22,,estimate,1.07588286216397,1.07878222697651,0.104053180359023,0.911912892332413,1.01709497890473,1.05399851944786,1.09942757090253,1.1394329793044,1.24636981725244
Bremen,2021-08-23,,estimate,1.07735488985859,1.07983619935087,0.102820600808905,0.916344601775765,1.01906926867208,1.05541436043121,1.09890478743651,1.14048612711723,1.24608497830446
Bremen,2021-08-24,,estimate,1.07805812369865,1.08097592211618,0.10150453004319,0.92029529235365,1.02016128820251,1.05593406128635,1.09990494009683,1.14223965522857,1.24413713661854
Bremen,2021-08-25,,estimate,1.07823591432762,1.08217116074107,0.100116343331412,0.920641458149856,1.02193360272395,1.05632858832949,1.10106914286036,1.14251453241401,1.24534288605229
Bremen,2021-08-26,,estimate,1.07861228159808,1.08339619652687,0.0986872556226241,0.927308168244135,1.02341312964349,1.0571527982958,1.1019354976799,1.14321500357856,1.24263336291806
Bremen,2021-08-27,,estimate,1.08114378970646,1.08463028306533,0.0972722159067608,0.934247877530647,1.0240968948657,1.05818271978273,1.10375324039706,1.14356835449701,1.24276099982498
Bremen,2021-08-28,,estimate,1.08169767345181,1.08585681984939,0.0959442298836574,0.936364922636118,1.02719999591409,1.05997038419621,1.10490281831202,1.14402390916323,1.24438363997881
Bremen,2021-08-29,,estimate,1.08334084302764,1.08706162993916,0.0947799916389237,0.938383500930858,1.02937963018105,1.06125140907776,1.10621011879845,1.14488660589005,1.24111639977627
Bremen,2021-08-30,,estimate,1.0843106637356,1.08823092647048,0.093840780041858,0.945083746801604,1.02976887107124,1.06235075398856,1.10712736746004,1.14568485469204,1.23730355660118
Bremen,2021-08-31,,estimate,1.08562066988961,1.08934953840303,0.0931539824590442,0.946295692954327,1.03171327788963,1.06387698377372,1.10626523748547,1.14565730610166,1.24211007971262
Bremen,2021-09-01,,estimate,1.08572444112366,1.09039983114177,0.0927023829890712,0.947344198232713,1.03376036235069,1.06611342677797,1.10761229737716,1.14567071228076,1.24154306285325
Bremen,2021-09-02,,estimate,1.08653250074544,1.09136156280076,0.0924287448029085,0.947620153436712,1.03545401376939,1.06664053436664,1.10798255429996,1.14396583228021,1.24226703272217
Bremen,2021-09-03,,estimate,1.08711875558674,1.09221266454594,0.0922576616579498,0.953684920693069,1.0366884334671,1.06646051956866,1.10792644682874,1.14465683222669,1.24252594578339
Bremen,2021-09-04,,estimate,1.0872122047291,1.09293065053857,0.0921255094731167,0.957140539349071,1.03771021454988,1.06725774360619,1.10734698160972,1.14495678506967,1.24530727845481
Bremen,2021-09-05,,estimate,1.08656341975105,1.09349416145059,0.0920015393311606,0.95848408831567,1.03735620951271,1.06682383574281,1.10858044669003,1.14620620844178,1.2413460898076
Bremen,2021-09-06,,estimate,1.0855100847419,1.0938841593711,0.0918877421026996,0.960399730921028,1.03872688782272,1.06765382380729,1.10788144364551,1.1443774466298,1.24493440196731
Bremen,2021-09-07,,estimate,1.08600003775238,1.09408454357591,0.0917999176926585,0.962363871844475,1.03906977142072,1.06837241023745,1.10779161008537,1.14419618286701,1.24687061500451
Bremen,2021-09-08,,estimate,1.08756132494013,1.09408230257783,0.0917451084885316,0.960761787135038,1.03796140486689,1.0679487210503,1.10769387980746,1.14238894108098,1.24852918036493
Bremen,2021-09-09,,estimate,1.08798320389055,1.09386754170087,0.0917113165343133,0.960789448259418,1.03716736921679,1.06729688028706,1.10776935032359,1.14209867108986,1.25274563996105
Bremen,2021-09-10,,estimate,1.08754799779546,1.09343369101427,0.0916756596416774,0.958466787647185,1.03721744607377,1.06668143908847,1.10667204327502,1.14194363445672,1.25156202312628
Bremen,2021-09-11,,estimate,1.0856106348647,1.09277793518723,0.0916257386271479,0.95823085234824,1.03693426420256,1.06566511432627,1.10642836473963,1.14059145492776,1.25607595956919
Bremen,2021-09-12,,estimate,1.08473668998384,1.09190158465034,0.0915827168906331,0.958633869032226,1.03627277575149,1.065732211449,1.10348492438009,1.13995567047278,1.25331269136283
Bremen,2021-09-13,,estimate,1.08453930145799,1.09080994004345,0.0916143876918863,0.958416212698514,1.03609400840362,1.06554976398344,1.10289797557733,1.13738292383784,1.25311747087353
Bremen,2021-09-14,,estimate,1.08389312309953,1.08951132935655,0.0918307382681912,0.95417988802186,1.03531898968311,1.06500903772481,1.10218202637696,1.13726058478682,1.25239568947915
Bremen,2021-09-15,,estimate,1.08381472443231,1.08801539723014,0.0923618989559452,0.949268332750673,1.03463052577004,1.06314577605769,1.10211908189711,1.13594331570586,1.24801606401709
Bremen,2021-09-16,,estimate,1.08289328448802,1.08633120674828,0.093326953909082,0.941227193666322,1.03141642781339,1.06300287843495,1.10068216072746,1.13599863020309,1.24372482206069
Bremen,2021-09-17,,estimate,1.07988705490971,1.08446600733626,0.0948080238045074,0.936973081744081,1.02815509738842,1.06034957289549,1.10040440031591,1.13538351633543,1.24325755586059
Bremen,2021-09-18,,estimate,1.07967649229874,1.08242542361439,0.096842994495248,0.929045219084672,1.02454252320506,1.05896038705247,1.09840425445361,1.13714932488659,1.24213422505863
Bremen,2021-09-19,,estimate,1.07850436725232,1.08021529399529,0.0994408542319222,0.923222148871695,1.02260378218147,1.05663502910908,1.09786183346198,1.13722092547679,1.2429307896353
Bremen,2021-09-20,,estimate,1.07670288636926,1.07784460810747,0.102609254274157,0.912197527790122,1.01830254246197,1.05525268601836,1.09865692908675,1.13595064555603,1.24783160027641
Bremen,2021-09-21,,estimate,1.07532988930809,1.07532832727281,0.106372189680548,0.902352641987994,1.01485074937478,1.05461310525303,1.09784027496985,1.13496066422709,1.25006946783689
Bremen,2021-09-22,,estimate,1.07436237835345,1.07268877294498,0.110756290194043,0.895675880130037,1.01071568032781,1.05109167866886,1.09753695322132,1.1353222002482,1.24698148994626
Bremen,2021-09-23,,estimate,1.0716023490722,1.06995497875104,0.115743810163187,0.880408510463205,1.00718145992791,1.0496142958974,1.0968567436226,1.13535640786846,1.24600872536731
Bremen,2021-09-24,,estimate,1.06965862045628,1.06716061804959,0.121221986870129,0.86802263789014,1.00463811902597,1.04601875457623,1.09565953537845,1.13554597090193,1.24880590818794
Bremen,2021-09-25,,estimate,1.06767196135504,1.064341994284,0.126976103427348,0.854381598361361,0.999539189222138,1.04388629524544,1.09288660697991,1.13515225492221,1.25168297205543
Bremen,2021-09-26,,estimate,1.06721064371123,1.06153733723886,0.132751991875524,0.84426991744172,0.996418934278601,1.04136473411581,1.09151245442676,1.13556156897387,1.25036326037176
Bremen,2021-09-27,,estimate,1.06401149543839,1.05878735645346,0.138360978384012,0.831247474857406,0.991351574341211,1.03991420511947,1.09009688428733,1.13744770507751,1.25133721526388
Bremen,2021-09-28,,estimate,1.06207290979258,1.05613569323034,0.143760740131706,0.81058974326562,0.986549358610183,1.03731101053121,1.09100798977643,1.13717421109767,1.26107541577558
Bremen,2021-09-29,,estimate,1.05956390238985,1.05362771794629,0.14905836206556,0.8005852502774,0.982971308239403,1.03525133838495,1.09103236439087,1.13768688942852,1.26593928812258
Bremen,2021-09-30,,estimate based on partial data,1.05952895318653,1.05130722897625,0.154438906870353,0.778844699265182,0.977299673118869,1.03293696057541,1.09206362404339,1.13752919354287,1.27592666389698
Bremen,2021-10-01,,estimate based on partial data,1.05817112003323,1.04921210884437,0.160073420928065,0.768443677710569,0.972673415133168,1.03220982344533,1.09101880766932,1.13924650447216,1.28493771473103
Bremen,2021-10-02,,estimate based on partial data,1.05752611975416,1.04737074810082,0.166062415508225,0.749486590405374,0.969714461026309,1.0310477132712,1.08989801796507,1.13943115702163,1.29829858472591
Bremen,2021-10-03,,estimate based on partial data,1.05746997936008,1.04580066446122,0.172433155677693,0.734826907260488,0.965121402283477,1.02828998476459,1.08858404516212,1.14239568783926,1.31065292933133
Bremen,2021-10-04,,estimate based on partial data,1.05732678859482,1.04450968386635,0.179172931325512,0.723536516589693,0.962668214507585,1.02603974447239,1.0885201937533,1.144154496814,1.3132033192626
Bremen,2021-10-05,,estimate based on partial data,1.05603330067742,1.04349902584263,0.186269755169154,0.706301183393114,0.959203013927496,1.02370085659197,1.08850603296628,1.14511858516844,1.3231768405088
Bremen,2021-10-06,,estimate based on partial data,1.05500178309152,1.0427670851274,0.193739196110304,0.694205588350119,0.953885929150286,1.02183306597866,1.0879369613261,1.14761572441355,1.33832528022244
Bremen,2021-10-07,,estimate based on partial data,1.05562910349303,1.04231271056421,0.201627972398817,0.680081544844559,0.949888604175277,1.02105439434277,1.08885645379888,1.14810351711016,1.3575113637365
Bremen,2021-10-08,,estimate based on partial data,1.05450842773145,1.042137236478,0.209997708268734,0.672922226240731,0.946749587407306,1.01839917131498,1.08849813031263,1.1507104283392,1.37021569988449
Bremen,2021-10-09,,estimate based on partial data,1.05658623191194,1.04224518411401,0.218903216369802,0.657699502364458,0.942553271897714,1.01583269269701,1.08857040458864,1.15158285311097,1.38782549045001
Bremen,2021-10-10,,estimate based on partial data,1.05642603132382,1.04264409132764,0.228381609151096,0.643424149410981,0.936979976151892,1.01539073363256,1.09026024748598,1.15538102140631,1.4020718188409
Bremen,2021-10-11,,estimate based on partial data,1.05481877767589,1.04334407305644,0.238459035212931,0.629489670802642,0.930072413235477,1.01370702307866,1.09346450692289,1.15945210151826,1.41689174264212
Bremen,2021-10-12,,estimate based on partial data,1.05445484163467,1.04435745725892,0.249169276357934,0.609182183336608,0.924732186726528,1.01127316509241,1.09341224450706,1.1615810310003,1.43990997303497
Bremen,2021-10-13,,estimate based on partial data,1.05385510769898,1.04569847042213,0.260573144436921,0.59651739658159,0.923599849237164,1.01082407249631,1.0929922501825,1.16420775586287,1.45855369158153
Bremen,2021-10-14,,estimate based on partial data,1.05383166326008,1.04738279439282,0.272771408570324,0.589652652085677,0.924346734005127,1.00980575597529,1.09227182213225,1.16608550963143,1.48261645072209
Bremen,2021-10-15,,estimate based on partial data,1.05064027645439,1.04942694992384,0.285910960779674,0.582360943857829,0.922620070661086,1.00946661954339,1.09244093799826,1.16447814799519,1.50674751193638
Bremen,2021-10-16,,estimate based on partial data,1.05141130832689,1.05184764115368,0.300187543564234,0.557130487410545,0.918369139380993,1.00981723558148,1.09246154550622,1.16770631644982,1.54471850873973
Bremen,2021-10-17,,estimate based on partial data,1.05038330584058,1.05466113363562,0.315846303887936,0.542976485630309,0.916755952054358,1.00886811688344,1.09386154416648,1.17096649966386,1.56731116092044
Bremen,2021-10-18,,forecast,1.05038330584058,1.05466113363562,0.315846303887936,0.542976485630309,0.916755952054358,1.00886811688344,1.09386154416648,1.17096649966386,1.56731116092044
Bremen,2021-10-19,,forecast,1.05038330584058,1.05466113363562,0.315846303887936,0.542976485630309,0.916755952054358,1.00886811688344,1.09386154416648,1.17096649966386,1.56731116092044
Bremen,2021-10-20,,forecast,1.05038330584058,1.05466113363562,0.315846303887936,0.542976485630309,0.916755952054358,1.00886811688344,1.09386154416648,1.17096649966386,1.56731116092044
Bremen,2021-10-21,,forecast,1.05038330584058,1.05466113363562,0.315846303887936,0.542976485630309,0.916755952054358,1.00886811688344,1.09386154416648,1.17096649966386,1.56731116092044
Bremen,2021-10-22,,forecast,1.05038330584058,1.05466113363562,0.315846303887936,0.542976485630309,0.916755952054358,1.00886811688344,1.09386154416648,1.17096649966386,1.56731116092044
Bremen,2021-10-23,,forecast,1.05038330584058,1.05466113363562,0.315846303887936,0.542976485630309,0.916755952054358,1.00886811688344,1.09386154416648,1.17096649966386,1.56731116092044
Bremen,2021-10-24,,forecast,1.05038330584058,1.05466113363562,0.315846303887936,0.542976485630309,0.916755952054358,1.00886811688344,1.09386154416648,1.17096649966386,1.56731116092044
Bremen,2021-10-25,,forecast,1.05038330584058,1.05466113363562,0.315846303887936,0.542976485630309,0.916755952054358,1.00886811688344,1.09386154416648,1.17096649966386,1.56731116092044
Bremen,2021-10-26,,forecast,1.05038330584058,1.05466113363562,0.315846303887936,0.542976485630309,0.916755952054358,1.00886811688344,1.09386154416648,1.17096649966386,1.56731116092044
Bremen,2021-10-27,,forecast,1.05038330584058,1.05466113363562,0.315846303887936,0.542976485630309,0.916755952054358,1.00886811688344,1.09386154416648,1.17096649966386,1.56731116092044
Bremen,2021-10-28,,forecast,1.05038330584058,1.05466113363562,0.315846303887936,0.542976485630309,0.916755952054358,1.00886811688344,1.09386154416648,1.17096649966386,1.56731116092044
Bremen,2021-10-29,,forecast,1.05038330584058,1.05466113363562,0.315846303887936,0.542976485630309,0.916755952054358,1.00886811688344,1.09386154416648,1.17096649966386,1.56731116092044
Bremen,2021-10-30,,forecast,1.05038330584058,1.05466113363562,0.315846303887936,0.542976485630309,0.916755952054358,1.00886811688344,1.09386154416648,1.17096649966386,1.56731116092044
Bremen,2021-10-31,,forecast,1.05038330584058,1.05466113363562,0.315846303887936,0.542976485630309,0.916755952054358,1.00886811688344,1.09386154416648,1.17096649966386,1.56731116092044
Bremen,2021-11-01,,forecast,1.05038330584058,1.05466113363562,0.315846303887936,0.542976485630309,0.916755952054358,1.00886811688344,1.09386154416648,1.17096649966386,1.56731116092044
Bremen,2021-11-02,,forecast,1.05038330584058,1.05466113363562,0.315846303887936,0.542976485630309,0.916755952054358,1.00886811688344,1.09386154416648,1.17096649966386,1.56731116092044
Bremen,2021-11-03,,forecast,1.05038330584058,1.05466113363562,0.315846303887936,0.542976485630309,0.916755952054358,1.00886811688344,1.09386154416648,1.17096649966386,1.56731116092044
Bremen,2021-11-04,,forecast,1.05038330584058,1.05466113363562,0.315846303887936,0.542976485630309,0.916755952054358,1.00886811688344,1.09386154416648,1.17096649966386,1.56731116092044
Bremen,2021-11-05,,forecast,1.05038330584058,1.05466113363562,0.315846303887936,0.542976485630309,0.916755952054358,1.00886811688344,1.09386154416648,1.17096649966386,1.56731116092044
Bremen,2021-11-06,,forecast,1.05038330584058,1.05466113363562,0.315846303887936,0.542976485630309,0.916755952054358,1.00886811688344,1.09386154416648,1.17096649966386,1.56731116092044
Bremen,2021-11-07,,forecast,1.05038330584058,1.05466113363562,0.315846303887936,0.542976485630309,0.916755952054358,1.00886811688344,1.09386154416648,1.17096649966386,1.56731116092044
Bremen,2021-11-08,,forecast,1.05038330584058,1.05466113363562,0.315846303887936,0.542976485630309,0.916755952054358,1.00886811688344,1.09386154416648,1.17096649966386,1.56731116092044
Bremen,2021-11-09,,forecast,1.05038330584058,1.05466113363562,0.315846303887936,0.542976485630309,0.916755952054358,1.00886811688344,1.09386154416648,1.17096649966386,1.56731116092044
Bremen,2021-11-10,,forecast,1.05038330584058,1.05466113363562,0.315846303887936,0.542976485630309,0.916755952054358,1.00886811688344,1.09386154416648,1.17096649966386,1.56731116092044
Bremen,2021-11-11,,forecast,1.05038330584058,1.05466113363562,0.315846303887936,0.542976485630309,0.916755952054358,1.00886811688344,1.09386154416648,1.17096649966386,1.56731116092044
Bremen,2021-11-12,,forecast,1.05038330584058,1.05466113363562,0.315846303887936,0.542976485630309,0.916755952054358,1.00886811688344,1.09386154416648,1.17096649966386,1.56731116092044
Bremen,2021-11-13,,forecast,1.05038330584058,1.05466113363562,0.315846303887936,0.542976485630309,0.916755952054358,1.00886811688344,1.09386154416648,1.17096649966386,1.56731116092044
Bremen,2021-11-14,,forecast,1.05038330584058,1.05466113363562,0.315846303887936,0.542976485630309,0.916755952054358,1.00886811688344,1.09386154416648,1.17096649966386,1.56731116092044
Bremen,2021-11-15,,forecast,1.05038330584058,1.05466113363562,0.315846303887936,0.542976485630309,0.916755952054358,1.00886811688344,1.09386154416648,1.17096649966386,1.56731116092044
Bremen,2021-11-16,,forecast,1.05038330584058,1.05466113363562,0.315846303887936,0.542976485630309,0.916755952054358,1.00886811688344,1.09386154416648,1.17096649966386,1.56731116092044
Bremen,2021-11-17,,forecast,1.05038330584058,1.05466113363562,0.315846303887936,0.542976485630309,0.916755952054358,1.00886811688344,1.09386154416648,1.17096649966386,1.56731116092044
Dolnośląskie,2021-08-04,,estimate,1.10797214046352,1.09886970002416,0.131868706175161,0.872922922038816,1.01303029141946,1.0743267846366,1.14003253122847,1.18258595481442,1.30664856373405
Dolnośląskie,2021-08-05,,estimate,1.10656205810471,1.09800434863047,0.128166213732438,0.877365587597762,1.01683860009695,1.07359410083617,1.13777731118947,1.18016877653084,1.29517793978204
Dolnośląskie,2021-08-06,,estimate,1.10549968451877,1.09730040803324,0.125696547268544,0.880420946312366,1.01596174924859,1.073319883428,1.13502708743402,1.17975251883883,1.29279525549631
Dolnośląskie,2021-08-07,,estimate,1.10480094171486,1.09674725011485,0.124224901599537,0.885522681868525,1.01461735693477,1.07346512639502,1.13404704420573,1.17764639075053,1.28913931658941
Dolnośląskie,2021-08-08,,estimate,1.10409849726511,1.09633700537726,0.123481419678706,0.884664569138637,1.01567620262325,1.07256341432033,1.13344370020695,1.17822159839045,1.28697410956669
Dolnośląskie,2021-08-09,,estimate,1.1050779546338,1.09606690177033,0.123200819032368,0.883281028099625,1.01627782494766,1.0733535874371,1.13389589899049,1.17753045724125,1.28238237402403
Dolnośląskie,2021-08-10,,estimate,1.10564819933542,1.09594091066916,0.12315641056582,0.886406450018862,1.01681905365138,1.07360716460683,1.13359894919268,1.17775485648512,1.2766685111529
Dolnośląskie,2021-08-11,,estimate,1.10689463186734,1.09597017859683,0.123178937557723,0.887829104403794,1.01952817793607,1.07536083568414,1.1334580949582,1.1771856153267,1.27560697582019
Dolnośląskie,2021-08-12,,estimate,1.10822155227852,1.09617210168341,0.123157704169468,0.887843578961995,1.02062663982102,1.07601553475705,1.13281376830197,1.17759982221236,1.27614500460705
Dolnośląskie,2021-08-13,,estimate,1.10635226116034,1.09656827820843,0.123029172629731,0.890812268297661,1.02223319925763,1.07705874586277,1.13222163157621,1.17805633576757,1.27533630123745
Dolnośląskie,2021-08-14,,estimate,1.10732326043503,1.0971818127544,0.122761944812645,0.891009310578801,1.02375087531286,1.07752843825534,1.13329842872098,1.17879871949547,1.27465796467373
Dolnośląskie,2021-08-15,,estimate,1.10764661003133,1.09803448991246,0.122345114939125,0.890058865564946,1.02666341891011,1.07740231246769,1.13558775754921,1.1791068914378,1.27869550143045
Dolnośląskie,2021-08-16,,estimate,1.10745379666291,1.09914424521191,0.121781958741277,0.890374697705349,1.02722497846187,1.0776082291475,1.13702656822118,1.17793064870819,1.27638536275119
Dolnośląskie,2021-08-17,,estimate,1.10896678988839,1.10052324295206,0.12108665102247,0.893085614244872,1.03034207442654,1.07955295392,1.13725251886937,1.18025154060443,1.27443907746426
Dolnośląskie,2021-08-18,,estimate,1.11070096388626,1.1021767875304,0.120280339096716,0.897954962163093,1.03155224217568,1.08158412634863,1.13777708704531,1.18017100206601,1.27582187668742
Dolnośląskie,2021-08-19,,estimate,1.11293225857317,1.10410322909301,0.119384637298834,0.896324670890265,1.03424004112864,1.08463488913549,1.13913315500336,1.18289264169521,1.27982683110489
Dolnośląskie,2021-08-20,,estimate,1.11557558096795,1.10629491010481,0.118414286648463,0.903893656852661,1.03858682979327,1.08795031430091,1.14129715876404,1.18343597540495,1.27713664529798
Dolnośląskie,2021-08-21,,estimate,1.11754510648466,1.10873998697204,0.117373685518992,0.909416317910644,1.04114860197442,1.09094074708213,1.14283461662685,1.18543623627567,1.27809671141605
Dolnośląskie,2021-08-22,,estimate,1.11921149126889,1.11142468228062,0.116260829596986,0.916255617014299,1.04477189690499,1.09403896407328,1.144910467991,1.18682488657452,1.27847167546509
Dolnośląskie,2021-08-23,,estimate,1.12332241839827,1.11433532070107,0.115076263500332,0.923879084442082,1.04753288833146,1.09838398089669,1.14682843173681,1.18936244489283,1.28000515754882
Dolnośląskie,2021-08-24,,estimate,1.12532907343957,1.1174595565884,0.113829194099833,0.923968180938704,1.05099269875687,1.10008441191607,1.14999943518875,1.18962707441898,1.28606693488358
Dolnośląskie,2021-08-25,,estimate,1.12909234352326,1.12078656546162,0.112535325105244,0.927995990677014,1.05554222413774,1.10210416738713,1.15113730512735,1.19067428468954,1.29026159103905
Dolnośląskie,2021-08-26,,estimate,1.13260617744345,1.12430644627118,0.11121122210735,0.936333930073079,1.06035655576598,1.10538527427627,1.15428583073165,1.19302443734664,1.28844838151363
Dolnośląskie,2021-08-27,,estimate,1.13459352492933,1.12800932797617,0.109877550995049,0.942807204356962,1.06288842016909,1.1099897539538,1.15702074286973,1.19457752044702,1.29050635031099
Dolnośląskie,2021-08-28,,estimate,1.13822051035892,1.13188451781314,0.108577831662177,0.950400359417926,1.06892195517895,1.1136751153707,1.15866946825276,1.19586332169236,1.29558110389971
Dolnośląskie,2021-08-29,,estimate,1.14122450366343,1.13591965662078,0.107402829227917,0.956967240914613,1.07589600483392,1.11716222970262,1.16083706975894,1.19865690111183,1.29694746460867
Dolnośląskie,2021-08-30,,estimate,1.14441967545,1.14009965499679,0.106497582338434,0.961596222704087,1.08104541112666,1.12158362270608,1.16456194386927,1.19938022003929,1.30057254497804
Dolnośląskie,2021-08-31,,estimate,1.14814161870371,1.14440540235342,0.106031180420335,0.97276318460393,1.08541602990101,1.12677084681886,1.16927993868726,1.20064664683084,1.30403071357301
Dolnośląskie,2021-09-01,,estimate,1.15216909000839,1.14881270712142,0.106130326523537,0.983626082750629,1.08927883142294,1.12990718858195,1.17322498083727,1.20398719828644,1.30690698852918
Dolnośląskie,2021-09-02,,estimate,1.15508855266718,1.15329222989802,0.10680544331478,0.991160231712509,1.09601637296776,1.13472815611335,1.1770138643935,1.20859513011858,1.31158592462392
Dolnośląskie,2021-09-03,,estimate,1.16007832021277,1.15781100718857,0.107912605407491,0.994229835978922,1.10006974573977,1.13932902128561,1.17961774543542,1.21219592131552,1.31649946269501
Dolnośląskie,2021-09-04,,estimate,1.16320091139986,1.16233556797358,0.109179808045175,1.00118028270475,1.10381892724998,1.1427233770973,1.18318234468397,1.21613101005921,1.31661642160112
Dolnośląskie,2021-09-05,,estimate,1.16659912682209,1.16683594822292,0.110289018786471,1.00462511109277,1.10904569968742,1.14518118467418,1.18558918866098,1.22042948874519,1.3223270329989
Dolnośląskie,2021-09-06,,estimate,1.16990411952352,1.17128949419073,0.110974699898519,1.0121283616181,1.11152471380635,1.14940621447012,1.18900381260709,1.22446023264297,1.33125429624139
Dolnośląskie,2021-09-07,,estimate,1.1737761265197,1.17568341524043,0.111096408655512,1.02340316558469,1.11656068781766,1.15423987584845,1.19267322205448,1.22836977679609,1.33644397897394
Dolnośląskie,2021-09-08,,estimate,1.17579012822241,1.18001551071966,0.110663613375037,1.02706421434291,1.12249834020608,1.15703215320041,1.19621489597956,1.23247819923356,1.34326980577423
Dolnośląskie,2021-09-09,,estimate,1.17874933895939,1.18429304645768,0.109816379859225,1.03311329120142,1.12628331673925,1.15977238734969,1.19951737916773,1.23546356106387,1.34920595340807
Dolnośląskie,2021-09-10,,estimate,1.18054925532695,1.18853010325936,0.108780427405485,1.03756948452039,1.13001114214774,1.16374808850889,1.20234169549873,1.2392224108152,1.3551530600378
Dolnośląskie,2021-09-11,,estimate,1.18506152669581,1.19274380806175,0.107814721485929,1.0442289796028,1.13412549664222,1.16677801671498,1.20486652136489,1.24395477778815,1.36201750697446
Dolnośląskie,2021-09-12,,estimate,1.18877098556455,1.19694987199419,0.107160972105668,1.05080508289343,1.13816042198901,1.16985833819741,1.20932269094201,1.24624666647387,1.3680267749393
Dolnośląskie,2021-09-13,,estimate,1.1930144150783,1.20115798764782,0.106998409547947,1.05683710133492,1.14054722175449,1.17360143221969,1.21042207879905,1.25032080330824,1.37250497812375
Dolnośląskie,2021-09-14,,estimate,1.19630048228755,1.20536785714703,0.10740965097445,1.06134736600985,1.1435927272418,1.17651952315396,1.21606496294966,1.25406031565186,1.37574025687423
Dolnośląskie,2021-09-15,,estimate,1.19870772778787,1.20956671832607,0.108369116716731,1.06343265275834,1.14533824295419,1.17845521465536,1.22028289631875,1.25835665602767,1.38537484323849
Dolnośląskie,2021-09-16,,estimate,1.2032452830217,1.21372901403724,0.109763616812924,1.06849193369508,1.14866882113142,1.18143829605489,1.22439404270788,1.26408838649902,1.39277060623116
Dolnośląskie,2021-09-17,,estimate,1.20700865328981,1.21781832313174,0.111441375720119,1.06972805444022,1.15118304445144,1.18534446502527,1.22814093572675,1.26794367486558,1.40238204977831
Dolnośląskie,2021-09-18,,estimate,1.21066594551375,1.22179107939634,0.113269881086631,1.06890628213957,1.1550178930302,1.18750408433311,1.23033360762136,1.27366701829253,1.41648713353273
Dolnośląskie,2021-09-19,,estimate,1.21379303676964,1.22560124957664,0.115178343751971,1.06922157499796,1.15529334489471,1.19112025580404,1.23479679017762,1.27907235993165,1.43054555878735
Dolnośląskie,2021-09-20,,estimate,1.21596922053024,1.22920516188841,0.117171500080637,1.0722313880992,1.15658600733587,1.19366199572173,1.23797839433842,1.28466569033682,1.43885701422494
Dolnośląskie,2021-09-21,,estimate,1.21803180773704,1.23256593303187,0.119318542704202,1.07188853866547,1.15818662755177,1.1950867896317,1.24082918049192,1.29081151582941,1.44531587592678
Dolnośląskie,2021-09-22,,estimate,1.2193427040037,1.23565715127179,0.121730806821756,1.06896505117036,1.15844602016795,1.19799506258126,1.24443589467777,1.29758837070421,1.4568162998407
Dolnośląskie,2021-09-23,,estimate,1.22259078670962,1.23846548366071,0.124539781761008,1.06620959491826,1.1597141276212,1.19936853548261,1.24818150675837,1.30160115016673,1.46722411214251
Dolnośląskie,2021-09-24,,estimate,1.22351290600148,1.24099180610943,0.127879300828943,1.0673705320241,1.15921761929372,1.19976948445362,1.25161683486062,1.30426061902985,1.47488172556802
Dolnośląskie,2021-09-25,,estimate,1.22470707182349,1.24325055734864,0.131870655502835,1.06405093605424,1.15872088928895,1.20083914881094,1.25345110223642,1.30853371090763,1.48821960632017
Dolnośląskie,2021-09-26,,estimate,1.22599941458451,1.24526741204751,0.136609489161445,1.05920593187163,1.15808736799586,1.20004716383959,1.25550082111286,1.31339376282883,1.49883269154749
Dolnośląskie,2021-09-27,,estimate,1.22591677055406,1.24707590154995,0.142156455841408,1.05630455075597,1.15735417114469,1.19979931487646,1.25795365863032,1.31852608490873,1.51272446228053
Dolnośląskie,2021-09-28,,estimate,1.22609188968436,1.24871394247236,0.148535909431243,1.04875291058124,1.15596068378787,1.20026627047901,1.26062882684457,1.32358520396562,1.53510404050651
Dolnośląskie,2021-09-29,,estimate,1.2274584847688,1.2502210899093,0.155744659482584,1.0343692732821,1.15385968069952,1.19925817167248,1.26111286883838,1.32694637405101,1.55539189639693
Dolnośląskie,2021-09-30,,estimate,1.22794587234753,1.2516367553392,0.163766451833201,1.02367147936079,1.15192656052166,1.19835866613312,1.26268559927241,1.33312121351255,1.56841187198862
Dolnośląskie,2021-10-01,,estimate based on partial data,1.22938599100471,1.25299900122674,0.172583201005487,1.01735856541103,1.15157662355991,1.19703799062322,1.26294062085985,1.33703598617271,1.57680593971787
Dolnośląskie,2021-10-02,,estimate based on partial data,1.22939645037396,1.25434328945211,0.182176337017653,1.00424043079145,1.1495495871615,1.1956073997882,1.26315459563293,1.34307272550267,1.58605504540867
Dolnośląskie,2021-10-03,,estimate based on partial data,1.225861546381,1.25570086982726,0.192519042782962,0.990496119711809,1.14465601296317,1.19465662645268,1.26373365144598,1.34561873190788,1.5987822657822
Dolnośląskie,2021-10-04,,estimate based on partial data,1.22487636036649,1.25709709366106,0.203566197849773,0.980558690466234,1.14155974512363,1.19143253476504,1.26532482611362,1.34834356095475,1.62763157868495
Dolnośląskie,2021-10-05,,estimate based on partial data,1.22479114626149,1.25855038333562,0.215249690027366,0.969946761419182,1.13861370359976,1.19101527879607,1.26757586650734,1.35327944744596,1.6576042811971
Dolnośląskie,2021-10-06,,estimate based on partial data,1.22450702632088,1.26007257387949,0.227483467634845,0.957660654914785,1.13523901865637,1.18877541115728,1.26741239229148,1.35893394616481,1.68555925879797
Dolnośląskie,2021-10-07,,estimate based on partial data,1.22244779135988,1.26167086150765,0.240177971811306,0.935236412696304,1.13160924136575,1.18784967566026,1.2693639634224,1.36240467794949,1.70686965351147
Dolnośląskie,2021-10-08,,estimate based on partial data,1.22211178235894,1.2633509056234,0.253259255217609,0.918127810651118,1.1287210597252,1.18561054391763,1.27112644130162,1.36602419637419,1.73369480383453
Dolnośląskie,2021-10-09,,estimate based on partial data,1.22144544758024,1.26512010200501,0.266685651832917,0.895473840645223,1.12668201937255,1.18200049102863,1.27311043146893,1.37040461696441,1.76608305806055
Dolnośląskie,2021-10-10,,estimate based on partial data,1.21970044517059,1.26698996379566,0.280455743895815,0.885443119452244,1.12337096528197,1.18167345608205,1.27353826588554,1.37304545642089,1.79961104964931
Dolnośląskie,2021-10-11,,estimate based on partial data,1.22222460943145,1.26897695742364,0.294605581287186,0.872624372328161,1.11964267821544,1.17906452300373,1.27216161648145,1.37649228628684,1.81888190241521
Dolnośląskie,2021-10-12,,estimate based on partial data,1.22202703688906,1.27110179519819,0.309198408572177,0.855072888832487,1.11647653674429,1.17823154227822,1.27216065106304,1.38222250368264,1.84243544498691
Dolnośląskie,2021-10-13,,estimate based on partial data,1.22188383255417,1.27338769430514,0.324313336321789,0.839284152472101,1.11321699372873,1.17669688900892,1.27302401969714,1.38609161027265,1.86657489992512
Dolnośląskie,2021-10-14,,estimate based on partial data,1.22014831933574,1.27585821110492,0.340038481682582,0.829753208890497,1.1085292349882,1.17522358208938,1.27404146713253,1.38641539227442,1.89024910340728
Dolnośląskie,2021-10-15,,estimate based on partial data,1.2211523637006,1.27853500233584,0.356469748537626,0.812811786523255,1.10461808527215,1.17402077417419,1.27452678669324,1.38975631422667,1.91441680257373
Dolnośląskie,2021-10-16,,estimate based on partial data,1.22064307915209,1.28143556095703,0.373711676215389,0.798762140589116,1.09918790384595,1.17445599809884,1.27845494664686,1.39908341163672,1.92943192082648
Dolnośląskie,2021-10-17,,estimate based on partial data,1.22019951957033,1.2845709353726,0.391875214537074,0.794676600792389,1.09713043482161,1.174094034457,1.27778451201816,1.40273904118253,1.94366571422566
Dolnośląskie,2021-10-18,,estimate based on partial data,1.21950396548488,1.28794372332977,0.411070174901374,0.782991596405792,1.09305301766352,1.17446299637975,1.27768225873803,1.41066355692354,1.97304009022254
Dolnośląskie,2021-10-19,,forecast,1.21950396548488,1.28794372332977,0.411070174901374,0.782991596405792,1.09305301766352,1.17446299637975,1.27768225873803,1.41066355692354,1.97304009022254
Dolnośląskie,2021-10-20,,forecast,1.21950396548488,1.28794372332977,0.411070174901374,0.782991596405792,1.09305301766352,1.17446299637975,1.27768225873803,1.41066355692354,1.97304009022254
Dolnośląskie,2021-10-21,,forecast,1.21950396548488,1.28794372332977,0.411070174901374,0.782991596405792,1.09305301766352,1.17446299637975,1.27768225873803,1.41066355692354,1.97304009022254
Dolnośląskie,2021-10-22,,forecast,1.21950396548488,1.28794372332977,0.411070174901374,0.782991596405792,1.09305301766352,1.17446299637975,1.27768225873803,1.41066355692354,1.97304009022254
Dolnośląskie,2021-10-23,,forecast,1.21950396548488,1.28794372332977,0.411070174901374,0.782991596405792,1.09305301766352,1.17446299637975,1.27768225873803,1.41066355692354,1.97304009022254
Dolnośląskie,2021-10-24,,forecast,1.21950396548488,1.28794372332977,0.411070174901374,0.782991596405792,1.09305301766352,1.17446299637975,1.27768225873803,1.41066355692354,1.97304009022254
Dolnośląskie,2021-10-25,,forecast,1.21950396548488,1.28794372332977,0.411070174901374,0.782991596405792,1.09305301766352,1.17446299637975,1.27768225873803,1.41066355692354,1.97304009022254
Dolnośląskie,2021-10-26,,forecast,1.21950396548488,1.28794372332977,0.411070174901374,0.782991596405792,1.09305301766352,1.17446299637975,1.27768225873803,1.41066355692354,1.97304009022254
Dolnośląskie,2021-10-27,,forecast,1.21950396548488,1.28794372332977,0.411070174901374,0.782991596405792,1.09305301766352,1.17446299637975,1.27768225873803,1.41066355692354,1.97304009022254
Dolnośląskie,2021-10-28,,forecast,1.21950396548488,1.28794372332977,0.411070174901374,0.782991596405792,1.09305301766352,1.17446299637975,1.27768225873803,1.41066355692354,1.97304009022254
Dolnośląskie,2021-10-29,,forecast,1.21950396548488,1.28794372332977,0.411070174901374,0.782991596405792,1.09305301766352,1.17446299637975,1.27768225873803,1.41066355692354,1.97304009022254
Dolnośląskie,2021-10-30,,forecast,1.21950396548488,1.28794372332977,0.411070174901374,0.782991596405792,1.09305301766352,1.17446299637975,1.27768225873803,1.41066355692354,1.97304009022254
Dolnośląskie,2021-10-31,,forecast,1.21950396548488,1.28794372332977,0.411070174901374,0.782991596405792,1.09305301766352,1.17446299637975,1.27768225873803,1.41066355692354,1.97304009022254
Dolnośląskie,2021-11-01,,forecast,1.21950396548488,1.28794372332977,0.411070174901374,0.782991596405792,1.09305301766352,1.17446299637975,1.27768225873803,1.41066355692354,1.97304009022254
Dolnośląskie,2021-11-02,,forecast,1.21950396548488,1.28794372332977,0.411070174901374,0.782991596405792,1.09305301766352,1.17446299637975,1.27768225873803,1.41066355692354,1.97304009022254
Dolnośląskie,2021-11-03,,forecast,1.21950396548488,1.28794372332977,0.411070174901374,0.782991596405792,1.09305301766352,1.17446299637975,1.27768225873803,1.41066355692354,1.97304009022254
Dolnośląskie,2021-11-04,,forecast,1.21950396548488,1.28794372332977,0.411070174901374,0.782991596405792,1.09305301766352,1.17446299637975,1.27768225873803,1.41066355692354,1.97304009022254
Dolnośląskie,2021-11-05,,forecast,1.21950396548488,1.28794372332977,0.411070174901374,0.782991596405792,1.09305301766352,1.17446299637975,1.27768225873803,1.41066355692354,1.97304009022254
Dolnośląskie,2021-11-06,,forecast,1.21950396548488,1.28794372332977,0.411070174901374,0.782991596405792,1.09305301766352,1.17446299637975,1.27768225873803,1.41066355692354,1.97304009022254
Dolnośląskie,2021-11-07,,forecast,1.21950396548488,1.28794372332977,0.411070174901374,0.782991596405792,1.09305301766352,1.17446299637975,1.27768225873803,1.41066355692354,1.97304009022254
Dolnośląskie,2021-11-08,,forecast,1.21950396548488,1.28794372332977,0.411070174901374,0.782991596405792,1.09305301766352,1.17446299637975,1.27768225873803,1.41066355692354,1.97304009022254
Dolnośląskie,2021-11-09,,forecast,1.21950396548488,1.28794372332977,0.411070174901374,0.782991596405792,1.09305301766352,1.17446299637975,1.27768225873803,1.41066355692354,1.97304009022254
Dolnośląskie,2021-11-10,,forecast,1.21950396548488,1.28794372332977,0.411070174901374,0.782991596405792,1.09305301766352,1.17446299637975,1.27768225873803,1.41066355692354,1.97304009022254
Dolnośląskie,2021-11-11,,forecast,1.21950396548488,1.28794372332977,0.411070174901374,0.782991596405792,1.09305301766352,1.17446299637975,1.27768225873803,1.41066355692354,1.97304009022254
Dolnośląskie,2021-11-12,,forecast,1.21950396548488,1.28794372332977,0.411070174901374,0.782991596405792,1.09305301766352,1.17446299637975,1.27768225873803,1.41066355692354,1.97304009022254
Dolnośląskie,2021-11-13,,forecast,1.21950396548488,1.28794372332977,0.411070174901374,0.782991596405792,1.09305301766352,1.17446299637975,1.27768225873803,1.41066355692354,1.97304009022254
Dolnośląskie,2021-11-14,,forecast,1.21950396548488,1.28794372332977,0.411070174901374,0.782991596405792,1.09305301766352,1.17446299637975,1.27768225873803,1.41066355692354,1.97304009022254
Dolnośląskie,2021-11-15,,forecast,1.21950396548488,1.28794372332977,0.411070174901374,0.782991596405792,1.09305301766352,1.17446299637975,1.27768225873803,1.41066355692354,1.97304009022254
Dolnośląskie,2021-11-16,,forecast,1.21950396548488,1.28794372332977,0.411070174901374,0.782991596405792,1.09305301766352,1.17446299637975,1.27768225873803,1.41066355692354,1.97304009022254
Dolnośląskie,2021-11-17,,forecast,1.21950396548488,1.28794372332977,0.411070174901374,0.782991596405792,1.09305301766352,1.17446299637975,1.27768225873803,1.41066355692354,1.97304009022254
Germany,2021-07-26,,estimate,1.05194432103843,1.04927459001436,0.0992189106175589,0.884033873133367,0.986043583756907,1.02652433079014,1.0759963359458,1.11667132563027,1.20446962075847
Germany,2021-07-27,,estimate,1.05437100865644,1.05261401339186,0.0927839612044962,0.898216187325851,0.993081682795755,1.03286736507424,1.07805228766192,1.11766400718015,1.19843134210754
Germany,2021-07-28,,estimate,1.05812535097566,1.05646367973929,0.0868480409451834,0.910416643123937,0.997566632331797,1.03652267502539,1.0807908501176,1.11927582114408,1.19231128613374
Germany,2021-07-29,,estimate,1.06170987832024,1.06083051437955,0.0813939761502978,0.926229194641597,1.00518084274974,1.04163480970579,1.08511124700508,1.12128317422358,1.18853591805753
Germany,2021-07-30,,estimate,1.06636017603601,1.06571545640401,0.076402207456352,0.939662969203955,1.0138427543168,1.04691360211448,1.08892156876117,1.12203460596682,1.1845365510173
Germany,2021-07-31,,estimate,1.07369454738814,1.07111218762006,0.0718521228388559,0.951396040219166,1.02324082949962,1.05367553186032,1.0922272476673,1.12419036332212,1.18226426117231
Germany,2021-08-01,,estimate,1.07913292868012,1.07700536504186,0.067718993769372,0.963670809451662,1.03267773282859,1.06086127997369,1.0958237503906,1.12699789397304,1.1818939687534
Germany,2021-08-02,,estimate,1.08507981800842,1.08336880665623,0.0639693123516859,0.975583862298155,1.04137321909959,1.06842231856498,1.10172679175402,1.12954334086562,1.18133801320602
Germany,2021-08-03,,estimate,1.09238816893145,1.09016406831711,0.0605582230518881,0.987476155628831,1.05033445179851,1.07712338906707,1.1070799538189,1.13295672446507,1.18274139222981
Germany,2021-08-04,,estimate,1.09922439305564,1.097339662362,0.0574322526698571,0.997660490501314,1.06037193105362,1.0855515397425,1.1135735102041,1.13678224298307,1.18634310659798
Germany,2021-08-05,,estimate,1.10706934488181,1.10483093239827,0.0545386699507405,1.01315225460453,1.07057590241192,1.0936014008719,1.11956554752589,1.14191184316864,1.1900430728175
Germany,2021-08-06,,estimate,1.11498868800184,1.11256044439515,0.0518401200280411,1.0246399437246,1.08047065902591,1.10235484293142,1.12635329646698,1.14728640685835,1.19499063524987
Germany,2021-08-07,,estimate,1.12287222814439,1.12043874697581,0.0493307492716266,1.03720382403183,1.08925832546411,1.11091096872045,1.13371506293895,1.15250860057044,1.20010668223739
Germany,2021-08-08,,estimate,1.12965756779311,1.12836546544669,0.0470482253134518,1.05180650843453,1.09748926922881,1.11853536492324,1.14092244457308,1.15969229619249,1.20346195092721
Germany,2021-08-09,,estimate,1.13677659303568,1.13623083734823,0.0450741239292946,1.06356217875581,1.1055773262371,1.1261186368319,1.14832967011459,1.16690430030455,1.20756695353313
Germany,2021-08-10,,estimate,1.14432820373951,1.143917891755,0.0435140345701124,1.07376136191212,1.11501560176142,1.13305023404512,1.15436151648024,1.17289984887067,1.21487553531303
Germany,2021-08-11,,estimate,1.15042490844249,1.15130547964801,0.0424543379315456,1.08389674208921,1.1235956125344,1.13960957204719,1.16064572224683,1.17800199929021,1.2214988939411
Germany,2021-08-12,,estimate,1.15608067129875,1.1582722572322,0.0419106025357881,1.09447811550021,1.13095538242768,1.14684974495874,1.16729941206316,1.18404542391432,1.22666627992507
Germany,2021-08-13,,estimate,1.16249983317619,1.16470149053402,0.0418017880022818,1.10198340765754,1.13727332783991,1.15261364248673,1.17327115049873,1.18900685923785,1.23395711201251
Germany,2021-08-14,,estimate,1.16786642984136,1.17048621944408,0.0419762490359499,1.10793639304659,1.14347318610629,1.15770641634493,1.17775572061826,1.19431447150414,1.24052130521529
Germany,2021-08-15,,estimate,1.1723953743891,1.17553403009405,0.0422750724001821,1.11382480367799,1.14832652507718,1.16256846032978,1.18285894744878,1.19894657074964,1.24804814132833
Germany,2021-08-16,,estimate,1.17632917260884,1.17977063112312,0.0425872379054837,1.11887379479579,1.15292872020747,1.16587269409192,1.18665926893914,1.20278327572312,1.25392624332533
Germany,2021-08-17,,estimate,1.17972716991024,1.18314169996958,0.0428630605290453,1.12356142579421,1.15554058101105,1.16935199528898,1.18932692032673,1.2057005028901,1.25844968548622
Germany,2021-08-18,,estimate,1.1827482868835,1.1856129292901,0.0430894635132562,1.12560661739607,1.15750480729339,1.17257335468581,1.19161346170889,1.20818589410548,1.25983911133805
Germany,2021-08-19,,estimate,1.18407180391349,1.18716860648963,0.0432556165510525,1.12673783816529,1.15910262192675,1.17451158694856,1.19318221672772,1.21049090471811,1.26318619542888
Germany,2021-08-20,,estimate,1.18482567416046,1.18780923504862,0.0433346990834793,1.12593976732166,1.15988561950425,1.17602585870103,1.19408057427015,1.21124680557721,1.26297832318682
Germany,2021-08-21,,estimate,1.18559692895744,1.18754867659074,0.0432880928752005,1.12471686460368,1.15960828800928,1.17490812107227,1.19426877847527,1.21167699572121,1.26154759395824
Germany,2021-08-22,,estimate,1.18389496209515,1.18641117773959,0.0430823390225024,1.12402117319102,1.1581251766932,1.17360789709299,1.19333624320015,1.21047795077032,1.25995469646587
Germany,2021-08-23,,estimate,1.18216335579568,1.18442853057136,0.0427063172221782,1.12124383679035,1.15594868576605,1.17196066409067,1.19132806691589,1.20932754443487,1.25979855492491
Germany,2021-08-24,,estimate,1.17870222297999,1.18163751561589,0.0421813392077471,1.12026327487543,1.1537794332939,1.16839126894013,1.18793963978102,1.20726363860073,1.25630946345362
Germany,2021-08-25,,estimate,1.17441738061917,1.17807769312912,0.0415616085954897,1.11645440434314,1.15020441383444,1.16570851095333,1.18558980895,1.20323743550461,1.24973069488437
Germany,2021-08-26,,estimate,1.16958286678945,1.17378957052811,0.0409239373443271,1.11318465035423,1.14678379850003,1.16197848406183,1.18146393974066,1.1989002291883,1.24425613336829
Germany,2021-08-27,,estimate,1.16472092286376,1.16881321514418,0.0403465288009218,1.10832113829576,1.14235879851056,1.15716474801119,1.17567699850733,1.19360691856727,1.23710483514845
Germany,2021-08-28,,estimate,1.15938495280153,1.163187486425,0.039880682621549,1.10374693496229,1.1373332537025,1.15173717852996,1.1703148121418,1.18692727586991,1.23281327376919
Germany,2021-08-29,,estimate,1.15370222261176,1.15695014326077,0.0395262506192469,1.09937588755625,1.13199999331636,1.14607810158085,1.16387975398379,1.17916042632433,1.22664161154918
Germany,2021-08-30,,estimate,1.14731097998748,1.15013902178785,0.0392256722198848,1.09217947274447,1.12555063675056,1.13955069648937,1.15564683373216,1.17149709868562,1.2178643820174
Germany,2021-08-31,,estimate,1.13969128373906,1.14279421276168,0.0388854610323741,1.08428027777573,1.11890077038626,1.13225993108121,1.14832998314333,1.16330095677858,1.20999273229402
Germany,2021-09-01,,estimate,1.13251053115892,1.13496076297662,0.0384191971732949,1.07618979704653,1.11162223766384,1.12471414216113,1.1404693476065,1.15581064513053,1.2021002390909
Germany,2021-09-02,,estimate,1.12422862422143,1.12669108684869,0.0377928147809807,1.06957187344283,1.10429477577748,1.11667160839408,1.13296785203077,1.14716349956494,1.1915724219231
Germany,2021-09-03,,estimate,1.11631901892117,1.11804624109153,0.037050228810616,1.0617250633632,1.09591126835652,1.10821144070846,1.12389865181406,1.1381398819603,1.18146449103138
Germany,2021-09-04,,estimate,1.1074009039099,1.10909559008819,0.0363051765819266,1.05304812490029,1.08717090201497,1.10009347870899,1.11510337268534,1.12955995403004,1.17088833468013
Germany,2021-09-05,,estimate,1.09889945949756,1.09991502506355,0.0356992262036395,1.04565833548366,1.07863096808998,1.09090416262361,1.10687847882211,1.12054703327494,1.15830489076111
Germany,2021-09-06,,estimate,1.0897121618166,1.09058446106833,0.0353428140056333,1.0356340726742,1.06976715875486,1.08223300404769,1.0978710685644,1.11137325889986,1.14836621074275
Germany,2021-09-07,,estimate,1.08041856503277,1.08118551384292,0.0352693759749923,1.02334657957082,1.05981684101537,1.07307034513752,1.08943104181967,1.10183794063906,1.13541101995791
Germany,2021-09-08,,estimate,1.0718884644154,1.0717999776062,0.0354288969613106,1.01232831996293,1.05127996960659,1.06428788802633,1.07999079145793,1.09337049758196,1.12632634832402
Germany,2021-09-09,,estimate,1.06361518755808,1.06250917760597,0.035721974673309,1.00228808698261,1.04191560417624,1.05499869817525,1.07100639577234,1.08402859545166,1.11593761562787
Germany,2021-09-10,,estimate,1.05532095926811,1.05339377874054,0.036049146694213,0.992706720734304,1.03221201401538,1.04688089134466,1.06338713977564,1.07574551019046,1.10402312607882
Germany,2021-09-11,,estimate,1.04723087207597,1.04453344155525,0.0363464614643403,0.983178835565682,1.02274760830398,1.03858894398965,1.05527685054506,1.0675293471146,1.09522921560394
Germany,2021-09-12,,estimate,1.03931843783912,1.03600587655997,0.0365943785895796,0.97443650955133,1.01381530521334,1.02988683293705,1.04774230019358,1.05999848316142,1.08643533277569
Germany,2021-09-13,,estimate,1.03085801305516,1.02788521126324,0.0368045333836969,0.966262249373371,1.00615995194841,1.02171313735748,1.03986081385494,1.05244558466564,1.07901440780261
Germany,2021-09-14,,estimate,1.02402004584864,1.02023992789422,0.0369972590614672,0.958247698229454,0.997908759141058,1.01414674210967,1.0319389128424,1.04596647915116,1.07219371015325
Germany,2021-09-15,,estimate,1.01656251502958,1.01313078728223,0.0371825921849207,0.949119959189021,0.991651771647642,1.00690338264447,1.02484119013995,1.03896281228998,1.06524816111155
Germany,2021-09-16,,estimate,1.01008475435966,1.00660908951001,0.0373526790717384,0.942088867645472,0.984050446643018,1.00100832682877,1.01886836703334,1.03243954677721,1.05966023300864
Germany,2021-09-17,,estimate,1.00394283713545,1.00071541495554,0.0374871798186954,0.936168086366202,0.978396749737266,0.995431665358829,1.01267416333396,1.02649144567058,1.05320354624861
Germany,2021-09-18,,estimate,0.998724884768605,0.995478773690783,0.0375675257299668,0.929417937418169,0.974032900421561,0.989517001669776,1.00704179191733,1.02079063079927,1.0499578962872
Germany,2021-09-19,,estimate,0.99309259314747,0.99091598553916,0.0375925066078193,0.925122913685352,0.969010560488112,0.985105980232328,1.00219193341597,1.01611313439053,1.04631220418044
Germany,2021-09-20,,estimate,0.988879574513996,0.987031167448593,0.0375881126219926,0.921010301215229,0.964662770330776,0.980926309415143,0.99707809726294,1.01187667956897,1.04419827870508
Germany,2021-09-21,,estimate,0.984373670774612,0.983815373977645,0.037608625992373,0.920325260438973,0.960922522164085,0.976888186906797,0.993612596497209,1.00890248629988,1.04241653075904
Germany,2021-09-22,,estimate,0.982005487852786,0.981246604447945,0.0377309077737093,0.918117882517527,0.957923928558545,0.973595950899638,0.991578447907424,1.00613248546909,1.04037804625708
Germany,2021-09-23,,estimate,0.979616901366398,0.979290446086202,0.0380462742518152,0.916136975999269,0.955560082750039,0.970986291188126,0.98911473744822,1.00417239274281,1.04037868319584
Germany,2021-09-24,,estimate,0.978378546874182,0.977901535096452,0.0386533868952836,0.913930062823637,0.953473618531627,0.969237316089522,0.987748673079792,1.00279116727038,1.0387997999993
Germany,2021-09-25,,estimate,0.977560706136395,0.977025842630679,0.0396530834722629,0.910229327420994,0.952554381894913,0.967531797299613,0.986815792806692,1.00221664971468,1.04152438359541
Germany,2021-09-26,,estimate,0.977067540971176,0.976603616370935,0.0411441340625092,0.907138473392064,0.9511951205468,0.967364092691221,0.986848237183317,1.00249855797961,1.0436456458612
Germany,2021-09-27,,estimate,0.97750006624054,0.976572690983322,0.0432181595739283,0.903672222209318,0.950035187068327,0.967202952660606,0.987071269630879,1.00400021128377,1.04504377141924
Germany,2021-09-28,,estimate,0.978009089365441,0.976871840489605,0.0459526268156892,0.898296478203286,0.948441935376269,0.967610700705433,0.98858971993876,1.00544935210175,1.04944026739309
Germany,2021-09-29,,estimate,0.978387635891872,0.97744387241246,0.0494031483022357,0.894563431661272,0.946755444599334,0.967389370819903,0.99015854447596,1.00890659622406,1.05654914826891
Germany,2021-09-30,,estimate based on partial data,0.979583202482436,0.978238230951449,0.0535987868526458,0.888932147998309,0.94571823425992,0.967059019206122,0.992771259925349,1.01245979688422,1.06248290125229
Germany,2021-10-01,,estimate based on partial data,0.980968512285195,0.979212950016825,0.0585437506038499,0.883432694111652,0.943371304656224,0.966056088580931,0.995405409697218,1.01664012476503,1.06960951415033
Germany,2021-10-02,,estimate based on partial data,0.982310400324468,0.980335849702365,0.0642251706356325,0.874132375879492,0.939924667302553,0.96568875870533,0.998152225277437,1.0199021652358,1.07968370448411
Germany,2021-10-03,,estimate based on partial data,0.984311232839919,0.981584900132928,0.0706228981899057,0.866751082419965,0.937222822462955,0.965129106933472,0.999683971692991,1.02395456779111,1.09306374301209
Germany,2021-10-04,,estimate based on partial data,0.985127321009402,0.982947709060173,0.0777167368657597,0.858172707776231,0.93423837116138,0.965065092633902,1.0024733716751,1.02890836581771,1.10630922991668
Germany,2021-10-05,,estimate based on partial data,0.985603658833046,0.984420152581066,0.0854889395287293,0.847357888994616,0.931607265069064,0.964314060339437,1.00446525951956,1.03323334255124,1.1233515691819
Germany,2021-10-06,,estimate based on partial data,0.986576733420221,0.986004269573682,0.0939226108802345,0.840483623478287,0.927847399768505,0.964468769781573,1.00522050391972,1.03814017368689,1.14245633957948
Germany,2021-10-07,,estimate based on partial data,0.986146645329644,0.987705660421337,0.102998149199155,0.830036674171915,0.923932354301315,0.963606585349716,1.00747232634807,1.04258775189972,1.16223981460299
Germany,2021-10-08,,estimate based on partial data,0.98666864858011,0.989530734508393,0.11268997777142,0.812736844012938,0.920992420644567,0.962957370536789,1.00753358474485,1.04772727190439,1.18082864048373
Germany,2021-10-09,,estimate based on partial data,0.985006385303722,0.991484203335852,0.122965170221164,0.804631098689625,0.919220220452835,0.96074095749917,1.0089444258643,1.05296589961293,1.20469374982873
Germany,2021-10-10,,estimate based on partial data,0.984773291416128,0.993567189608921,0.133784629361269,0.791787859193972,0.91485553946076,0.959711748038738,1.01124242473131,1.05829125069873,1.22257604628072
Germany,2021-10-11,,estimate based on partial data,0.984667614455243,0.995776204990286,0.145106482863432,0.779787105634896,0.910539559398199,0.958631042966091,1.01212477251653,1.06343957195649,1.24721646884391
Germany,2021-10-12,,estimate based on partial data,0.984317083854913,0.998103053755444,0.156890511253369,0.768965997812378,0.906906940356066,0.95729812208659,1.01315818211648,1.06896263629998,1.27007115753288
Germany,2021-10-13,,estimate based on partial data,0.985669828586008,1.00053549557961,0.169101959400585,0.75888391076483,0.904358391473177,0.955151019263031,1.01557262202657,1.07365444366853,1.28710121530764
Germany,2021-10-14,,estimate based on partial data,0.985754151465446,1.0030583281086,0.181713247788782,0.748855904114223,0.899886171413743,0.952975356514176,1.01882982347736,1.08020470888743,1.30700003875506
Germany,2021-10-15,,estimate based on partial data,0.985723378598755,1.00565450682734,0.194702988439991,0.742176529653689,0.896247733675916,0.95100214211871,1.01990446537361,1.08543508027525,1.3247492815284
Germany,2021-10-16,,estimate based on partial data,0.986698637034026,1.00830603183857,0.208053006348406,0.731952413251259,0.892139784719365,0.94988151626329,1.02128093792349,1.08989745393256,1.35799516249185
Germany,2021-10-17,,estimate based on partial data,0.987527193726578,1.01099454054946,0.221745030886343,0.719450555737221,0.887831811080555,0.949015027685446,1.02301995692588,1.09364527043946,1.37126645159928
Germany,2021-10-18,,forecast,0.987527193726578,1.01099454054946,0.221745030886343,0.719450555737221,0.887831811080555,0.949015027685446,1.02301995692588,1.09364527043946,1.37126645159928
Germany,2021-10-19,,forecast,0.987527193726578,1.01099454054946,0.221745030886343,0.719450555737221,0.887831811080555,0.949015027685446,1.02301995692588,1.09364527043946,1.37126645159928
Germany,2021-10-20,,forecast,0.987527193726578,1.01099454054946,0.221745030886343,0.719450555737221,0.887831811080555,0.949015027685446,1.02301995692588,1.09364527043946,1.37126645159928
Germany,2021-10-21,,forecast,0.987527193726578,1.01099454054946,0.221745030886343,0.719450555737221,0.887831811080555,0.949015027685446,1.02301995692588,1.09364527043946,1.37126645159928
Germany,2021-10-22,,forecast,0.987527193726578,1.01099454054946,0.221745030886343,0.719450555737221,0.887831811080555,0.949015027685446,1.02301995692588,1.09364527043946,1.37126645159928
Germany,2021-10-23,,forecast,0.987527193726578,1.01099454054946,0.221745030886343,0.719450555737221,0.887831811080555,0.949015027685446,1.02301995692588,1.09364527043946,1.37126645159928
Germany,2021-10-24,,forecast,0.987527193726578,1.01099454054946,0.221745030886343,0.719450555737221,0.887831811080555,0.949015027685446,1.02301995692588,1.09364527043946,1.37126645159928
Germany,2021-10-25,,forecast,0.987527193726578,1.01099454054946,0.221745030886343,0.719450555737221,0.887831811080555,0.949015027685446,1.02301995692588,1.09364527043946,1.37126645159928
Germany,2021-10-26,,forecast,0.987527193726578,1.01099454054946,0.221745030886343,0.719450555737221,0.887831811080555,0.949015027685446,1.02301995692588,1.09364527043946,1.37126645159928
Germany,2021-10-27,,forecast,0.987527193726578,1.01099454054946,0.221745030886343,0.719450555737221,0.887831811080555,0.949015027685446,1.02301995692588,1.09364527043946,1.37126645159928
Germany,2021-10-28,,forecast,0.987527193726578,1.01099454054946,0.221745030886343,0.719450555737221,0.887831811080555,0.949015027685446,1.02301995692588,1.09364527043946,1.37126645159928
Germany,2021-10-29,,forecast,0.987527193726578,1.01099454054946,0.221745030886343,0.719450555737221,0.887831811080555,0.949015027685446,1.02301995692588,1.09364527043946,1.37126645159928
Germany,2021-10-30,,forecast,0.987527193726578,1.01099454054946,0.221745030886343,0.719450555737221,0.887831811080555,0.949015027685446,1.02301995692588,1.09364527043946,1.37126645159928
Germany,2021-10-31,,forecast,0.987527193726578,1.01099454054946,0.221745030886343,0.719450555737221,0.887831811080555,0.949015027685446,1.02301995692588,1.09364527043946,1.37126645159928
Germany,2021-11-01,,forecast,0.987527193726578,1.01099454054946,0.221745030886343,0.719450555737221,0.887831811080555,0.949015027685446,1.02301995692588,1.09364527043946,1.37126645159928
Germany,2021-11-02,,forecast,0.987527193726578,1.01099454054946,0.221745030886343,0.719450555737221,0.887831811080555,0.949015027685446,1.02301995692588,1.09364527043946,1.37126645159928
Germany,2021-11-03,,forecast,0.987527193726578,1.01099454054946,0.221745030886343,0.719450555737221,0.887831811080555,0.949015027685446,1.02301995692588,1.09364527043946,1.37126645159928
Germany,2021-11-04,,forecast,0.987527193726578,1.01099454054946,0.221745030886343,0.719450555737221,0.887831811080555,0.949015027685446,1.02301995692588,1.09364527043946,1.37126645159928
Germany,2021-11-05,,forecast,0.987527193726578,1.01099454054946,0.221745030886343,0.719450555737221,0.887831811080555,0.949015027685446,1.02301995692588,1.09364527043946,1.37126645159928
Germany,2021-11-06,,forecast,0.987527193726578,1.01099454054946,0.221745030886343,0.719450555737221,0.887831811080555,0.949015027685446,1.02301995692588,1.09364527043946,1.37126645159928
Germany,2021-11-07,,forecast,0.987527193726578,1.01099454054946,0.221745030886343,0.719450555737221,0.887831811080555,0.949015027685446,1.02301995692588,1.09364527043946,1.37126645159928
Germany,2021-11-08,,forecast,0.987527193726578,1.01099454054946,0.221745030886343,0.719450555737221,0.887831811080555,0.949015027685446,1.02301995692588,1.09364527043946,1.37126645159928
Germany,2021-11-09,,forecast,0.987527193726578,1.01099454054946,0.221745030886343,0.719450555737221,0.887831811080555,0.949015027685446,1.02301995692588,1.09364527043946,1.37126645159928
Germany,2021-11-10,,forecast,0.987527193726578,1.01099454054946,0.221745030886343,0.719450555737221,0.887831811080555,0.949015027685446,1.02301995692588,1.09364527043946,1.37126645159928
Germany,2021-11-11,,forecast,0.987527193726578,1.01099454054946,0.221745030886343,0.719450555737221,0.887831811080555,0.949015027685446,1.02301995692588,1.09364527043946,1.37126645159928
Germany,2021-11-12,,forecast,0.987527193726578,1.01099454054946,0.221745030886343,0.719450555737221,0.887831811080555,0.949015027685446,1.02301995692588,1.09364527043946,1.37126645159928
Germany,2021-11-13,,forecast,0.987527193726578,1.01099454054946,0.221745030886343,0.719450555737221,0.887831811080555,0.949015027685446,1.02301995692588,1.09364527043946,1.37126645159928
Germany,2021-11-14,,forecast,0.987527193726578,1.01099454054946,0.221745030886343,0.719450555737221,0.887831811080555,0.949015027685446,1.02301995692588,1.09364527043946,1.37126645159928
Germany,2021-11-15,,forecast,0.987527193726578,1.01099454054946,0.221745030886343,0.719450555737221,0.887831811080555,0.949015027685446,1.02301995692588,1.09364527043946,1.37126645159928
Germany,2021-11-16,,forecast,0.987527193726578,1.01099454054946,0.221745030886343,0.719450555737221,0.887831811080555,0.949015027685446,1.02301995692588,1.09364527043946,1.37126645159928
Germany,2021-11-17,,forecast,0.987527193726578,1.01099454054946,0.221745030886343,0.719450555737221,0.887831811080555,0.949015027685446,1.02301995692588,1.09364527043946,1.37126645159928
Hamburg,2021-07-28,,estimate,1.00426901256508,1.00714001751427,0.151935322200625,0.765565716159002,0.89487817924954,0.965900306937355,1.04331228594243,1.11145828139949,1.26489616488045
Hamburg,2021-07-29,,estimate,0.995350882019818,0.997984314439139,0.142750415244758,0.771447051539408,0.893138101815022,0.956349877779174,1.03318783811191,1.10074650640996,1.2414952725078
Hamburg,2021-07-30,,estimate,0.987912124760978,0.990265640746265,0.137943361474295,0.767390116923837,0.88811675468365,0.950267426209895,1.02511616406558,1.08922775045814,1.22480605662284
Hamburg,2021-07-31,,estimate,0.983374158136155,0.984038408257656,0.136362399320429,0.766621615560424,0.883562458118793,0.945700299728477,1.01999547583969,1.08014000846795,1.208433727737
Hamburg,2021-08-01,,estimate,0.980357762039324,0.979366784061218,0.136911840128236,0.753842888157805,0.883886400575241,0.942714899067875,1.01634804483655,1.07460811152203,1.20249150755182
Hamburg,2021-08-02,,estimate,0.981973047152591,0.976320358836815,0.138688683158828,0.742226556969627,0.883214606613228,0.940567249759537,1.01626458688404,1.07141486787762,1.20146392606207
Hamburg,2021-08-03,,estimate,0.982047783085072,0.974968554202684,0.141018631936913,0.735910106661174,0.882231463782208,0.942382544527165,1.01508763153654,1.07226756515866,1.19957326520845
Hamburg,2021-08-04,,estimate,0.982562609850141,0.97537476125256,0.143417646895215,0.728476641198968,0.882175554080881,0.945993548374493,1.01707119892349,1.07262616492425,1.20028774797072
Hamburg,2021-08-05,,estimate,0.987118261382751,0.977591712483244,0.145539047094246,0.728649901186351,0.885454347231272,0.949218947532029,1.021723811929,1.07771592361256,1.20728656827484
Hamburg,2021-08-06,,estimate,0.991718474991355,0.981658788300535,0.147146027502503,0.725395359555381,0.888941726879961,0.95153650003609,1.02848905005827,1.07976747034911,1.21240409352337
Hamburg,2021-08-07,,estimate,0.99860573975204,0.987600349648574,0.148108588198153,0.73130343076448,0.895033725550443,0.958178317618977,1.03580753056341,1.08700913456849,1.21747235034631
Hamburg,2021-08-08,,estimate,1.00681547932565,0.995423205931435,0.148394636435513,0.736175368132853,0.903496018745548,0.968184196252326,1.04197446465825,1.09393411429027,1.22355380196622
Hamburg,2021-08-09,,estimate,1.01768418172016,1.00511214427135,0.148033656839174,0.740889723277437,0.913101756173013,0.980077765555781,1.05171925174925,1.10389255970237,1.22886864817748
Hamburg,2021-08-10,,estimate,1.02838539687807,1.01662454900521,0.147067384006065,0.752484767016243,0.927374429058604,0.992720902223147,1.06410000906061,1.11404587236348,1.23921189385857
Hamburg,2021-08-11,,estimate,1.04126847473682,1.02988657591977,0.145520886078097,0.771461254611674,0.943965143176179,1.00619641292639,1.07479327398222,1.12542963946498,1.24770145996434
Hamburg,2021-08-12,,estimate,1.05467030213732,1.04479276427566,0.143410011002091,0.791717266430899,0.959795797116585,1.02264571115624,1.08594146260091,1.1361882329653,1.25823294019348
Hamburg,2021-08-13,,estimate,1.06770780118608,1.06120894543396,0.140775471671157,0.816865565753869,0.979257171793946,1.03933932504277,1.10027003460897,1.14991169199574,1.274830577144
Hamburg,2021-08-14,,estimate,1.08490241469521,1.07897643263969,0.1377269527513,0.838143273240084,0.998746517189138,1.05575480067723,1.11403703011524,1.16519110045865,1.28936344433929
Hamburg,2021-08-15,,estimate,1.10127454696984,1.09791481889158,0.134485837074895,0.866636127670299,1.02193940327247,1.07205513112994,1.13041705635344,1.18165708039975,1.30242248823167
Hamburg,2021-08-16,,estimate,1.11841342143817,1.1178213898392,0.131414968272301,0.896038583671388,1.04245906487534,1.08823639199724,1.14874333249206,1.1987062085095,1.32564290192777
Hamburg,2021-08-17,,estimate,1.1369281480799,1.13846674800823,0.129016286847677,0.925396737927887,1.06272555680938,1.10647878562268,1.16725427787736,1.21592517979397,1.3466034564533
Hamburg,2021-08-18,,estimate,1.15628304722112,1.15958805481575,0.127873897156648,0.959413429136023,1.08109139969283,1.12641330319173,1.18378337436292,1.2344352606207,1.37404000352983
Hamburg,2021-08-19,,estimate,1.17656107964145,1.18088254878848,0.128534188712781,0.990490187692865,1.09722963773073,1.14448917200458,1.2020197654025,1.25461004096441,1.40097745568553
Hamburg,2021-08-20,,estimate,1.1906005907181,1.20200417998685,0.131350720467743,1.01708011941663,1.11461480750614,1.16325481681534,1.22113495730794,1.27879407296899,1.42652674791982
Hamburg,2021-08-21,,estimate,1.21098946313753,1.2225653834515,0.13636032027176,1.03006975889756,1.12966952809004,1.18044237860808,1.2392319578985,1.30249005080745,1.46323478092258
Hamburg,2021-08-22,,estimate,1.22503038480409,1.24214473104456,0.143254661044423,1.04589907832899,1.14071536182791,1.19404081086964,1.25636521839948,1.32409570060409,1.4931720343906
Hamburg,2021-08-23,,estimate,1.24007963171552,1.26029998808014,0.151455256574772,1.0608043059413,1.1522509876354,1.2085817619181,1.27376912903817,1.340952710184,1.52955151688574
Hamburg,2021-08-24,,estimate,1.25308453128061,1.27658518855913,0.160243108182602,1.06820137112146,1.16291695882284,1.21996086993043,1.29319148467982,1.35912964855736,1.56102903489451
Hamburg,2021-08-25,,estimate,1.26426555275529,1.2905697307134,0.168886803036311,1.07184422514685,1.17103868136298,1.22893582481717,1.30647582122962,1.3765497725022,1.59726505068591
Hamburg,2021-08-26,,estimate,1.27363519346006,1.3018572023463,0.176738705358781,1.07535982326414,1.17663084520646,1.23730710021549,1.31948176058331,1.38882666906435,1.62684572160233
Hamburg,2021-08-27,,estimate,1.28250069296276,1.31010179458488,0.183291076552035,1.0748057859835,1.18164615886984,1.24210785829317,1.32851818137538,1.39876289219523,1.64714798526576
Hamburg,2021-08-28,,estimate,1.28569755731802,1.31502082431191,0.188193241159191,1.07195901904383,1.18391756265402,1.24603822225991,1.33145389277965,1.40673878211691,1.65664468132052
Hamburg,2021-08-29,,estimate,1.2847285845865,1.31640291159798,0.191236475792514,1.06926453494348,1.18082010144316,1.2452540916602,1.33279716025794,1.41335683998594,1.67221696758692
Hamburg,2021-08-30,,estimate,1.28211107090789,1.31411238042831,0.192321914403712,1.06722831293968,1.1798185285637,1.24161468649612,1.32631798061733,1.41250220422042,1.66224286216117
Hamburg,2021-08-31,,estimate,1.27507071458374,1.30809100631357,0.191435411533775,1.06360726244352,1.17353125526264,1.23501488595838,1.32266070853578,1.40582984276401,1.66366176348154
Hamburg,2021-09-01,,estimate,1.26716233446229,1.29835798961277,0.188648617413493,1.06129687942547,1.16560467466107,1.22567120787254,1.31302278301945,1.39516071406394,1.64997728312568
Hamburg,2021-09-02,,estimate,1.25305639782536,1.28500817616388,0.184138168686369,1.05166535322421,1.15456670996056,1.212655293042,1.30050675478981,1.38198942133572,1.6298854723366
Hamburg,2021-09-03,,estimate,1.23713637831205,1.26820797271713,0.178186367126466,1.04134627965064,1.14108220361254,1.19892463591837,1.2817443125868,1.36499077056419,1.60017355447744
Hamburg,2021-09-04,,estimate,1.21955846647861,1.24818895853603,0.171138239399261,1.02706641593527,1.12630724722927,1.17913785485779,1.26472196505372,1.34248680800322,1.56855498737032
Hamburg,2021-09-05,,estimate,1.1974726947915,1.22524043026426,0.163339255835571,1.0154665906905,1.1096805700994,1.16143502861405,1.23943029324486,1.31509046748737,1.53264589774212
Hamburg,2021-09-06,,estimate,1.17302520870609,1.19970248112362,0.155103811698733,0.996548424668746,1.09149852130678,1.13935571566518,1.21310375950911,1.28399213860537,1.48867737057378
Hamburg,2021-09-07,,estimate,1.14881528425647,1.17195996432123,0.146731961029548,0.978525835365495,1.07172084361457,1.11774043178265,1.18308794067304,1.25127742087654,1.43992982171738
Hamburg,2021-09-08,,estimate,1.12136804567832,1.14243594445933,0.138546606131079,0.956654750204972,1.05085418438439,1.0940092959312,1.15274110756293,1.21723433420946,1.39646851293901
Hamburg,2021-09-09,,estimate,1.09518515489535,1.11158261338398,0.130917197869408,0.922865757123276,1.02667817893575,1.06919107357204,1.12299242662876,1.18207976728301,1.34328273467165
Hamburg,2021-09-10,,estimate,1.06853805760337,1.07986851671044,0.12425604538827,0.898297783131314,1.00108258106119,1.04442993357408,1.09356523230361,1.14826841317622,1.29999481781244
Hamburg,2021-09-11,,estimate,1.04074834409606,1.04776250535083,0.118985253397101,0.865068683661431,0.975870456624944,1.01938956350632,1.0670255485469,1.11408260043046,1.2449585061996
Hamburg,2021-09-12,,estimate,1.01526068253555,1.01571616999765,0.115476442341102,0.830337318179825,0.946913481859926,0.991871530615344,1.04106284134269,1.08067397930072,1.20481616307926
Hamburg,2021-09-13,,estimate,0.987775397135799,0.984147118553056,0.11397742608305,0.789061485255907,0.916212615113527,0.962086308855571,1.01410413900472,1.0520423694342,1.1662260254301
Hamburg,2021-09-14,,estimate,0.961619015682982,0.953425208508896,0.114555602125903,0.752729397311744,0.883582358050331,0.934429343915368,0.986383936977775,1.02726972662696,1.12377509563939
Hamburg,2021-09-15,,estimate,0.935854941727459,0.923863002912717,0.11708720654195,0.721823139333174,0.850076431533714,0.906747303139529,0.95830193534583,1.001126001818,1.09783600426611
Hamburg,2021-09-16,,estimate,0.905682721094551,0.895710747033793,0.121297278827704,0.68338925078938,0.822456541815361,0.877180247161388,0.933415673597887,0.977654877947987,1.07836444566999
Hamburg,2021-09-17,,estimate,0.878768304447929,0.869155460139657,0.126827073526544,0.650660913243905,0.793048549090738,0.846094209993892,0.906824963750284,0.955886494984784,1.05993274296978
Hamburg,2021-09-18,,estimate,0.852494652235557,0.844323453316824,0.133299075141979,0.612225831462522,0.763800968338129,0.81936681155258,0.8831166644191,0.936219925544928,1.04886120579346
Hamburg,2021-09-19,,estimate,0.827515843309482,0.82128563607261,0.140363829362956,0.57475402058517,0.736676690905428,0.795282229557441,0.861363396972895,0.918069835610079,1.043323413599
Hamburg,2021-09-20,,estimate,0.805316895957897,0.800065136263333,0.147728002286721,0.545090766347696,0.707898874278583,0.773053799511109,0.84023454875918,0.902324183227271,1.03897730354887
Hamburg,2021-09-21,,estimate,0.785665038143095,0.780646785252377,0.155168678456795,0.512825883198609,0.686959327294003,0.749663580229229,0.824973394813779,0.888970308729215,1.03049886303059
Hamburg,2021-09-22,,estimate,0.769540947692921,0.762987793661156,0.16253800842013,0.48589046171187,0.663636937410827,0.731552406033098,0.808138239984571,0.877817394954461,1.02300970104049
Hamburg,2021-09-23,,estimate,0.754946198633424,0.747028559943034,0.169760620766233,0.452686829476526,0.642068138950377,0.71190246444214,0.79659913935272,0.864791939668538,1.01840811623546
Hamburg,2021-09-24,,estimate,0.741236883401403,0.732702280041577,0.176825503486843,0.426216754806768,0.622757715855798,0.696797393105302,0.784189315390606,0.85564547521471,1.01600212924374
Hamburg,2021-09-25,,estimate,0.728368720466075,0.719942128108619,0.183773552653008,0.395924038639533,0.60261702987593,0.681507586370568,0.77470086426083,0.847361850625159,1.01549855126272
Hamburg,2021-09-26,,estimate,0.721360473723281,0.708685352441463,0.190681677239065,0.37765487025471,0.58557509113892,0.671734877998439,0.765996285215805,0.841968497990582,1.01171322690213
Hamburg,2021-09-27,,estimate,0.710436476736656,0.698874520194086,0.197645599204668,0.356272831199325,0.573868294249134,0.658171102803541,0.758693917434204,0.838360142883484,1.00912551659182
Hamburg,2021-09-28,,estimate,0.701576238664667,0.690456964449219,0.204766287172448,0.334812766180593,0.559077661942308,0.64818840491398,0.7536553578274,0.840963125261865,1.01175444785
Hamburg,2021-09-29,,estimate,0.694827838863698,0.683383788712635,0.21214610943487,0.31369288464111,0.543228813199241,0.638367463528743,0.74522950589657,0.840133966622968,1.01713879393067
Hamburg,2021-09-30,,estimate based on partial data,0.686772297722707,0.677609342740756,0.219896901140043,0.297946443771621,0.530315489415611,0.628113323825013,0.742392154246083,0.837426255243956,1.0240612987048
Hamburg,2021-10-01,,estimate based on partial data,0.682003378569149,0.673091150734606,0.228154528050897,0.286817322502667,0.517293212845303,0.618644903005919,0.74265464734957,0.835318569905709,1.03554389256045
Hamburg,2021-10-02,,estimate based on partial data,0.675857345802218,0.669789508924067,0.237089286404113,0.267156785882794,0.504631958081056,0.612242151351262,0.740777603282079,0.837627733370353,1.04899544783626
Hamburg,2021-10-03,,estimate based on partial data,0.668971102766029,0.667665978796785,0.246903570612984,0.250656613797291,0.494864105367053,0.607285165168246,0.73970559089145,0.841673579187587,1.06235890607551
Hamburg,2021-10-04,,estimate based on partial data,0.665921930019213,0.66668080228514,0.257816232969344,0.236969492736122,0.484891151283659,0.600363509648179,0.74199706821079,0.84744153814745,1.07585631559227
Hamburg,2021-10-05,,estimate based on partial data,0.664529235358352,0.666790220148575,0.270040931313055,0.223219297869796,0.476018915734176,0.593149239111296,0.743551505671723,0.851263868404307,1.09059384046186
Hamburg,2021-10-06,,estimate based on partial data,0.660624188322646,0.667945019207644,0.283769329441205,0.211923176344681,0.467271575037789,0.586158195172785,0.74192172881286,0.856632325953418,1.11346412340125
Hamburg,2021-10-07,,estimate based on partial data,0.659783029351493,0.670091094790504,0.299169274043389,0.199747472190304,0.458902020285777,0.579593517324766,0.737625006535806,0.867482399891227,1.13793643877355
Hamburg,2021-10-08,,estimate based on partial data,0.658868931189311,0.673171763665785,0.31640378271307,0.190663845514462,0.447910837714603,0.57467842825328,0.739247289529671,0.870855131686589,1.17760350059242
Hamburg,2021-10-09,,estimate based on partial data,0.656439990373341,0.677130660746245,0.335668693777358,0.183820326662776,0.442293980041877,0.569807912559502,0.739115438850073,0.876500733830631,1.21235430313376
Hamburg,2021-10-10,,estimate based on partial data,0.655529035731678,0.681913779406582,0.357236911681726,0.178971858518256,0.437511416196253,0.568963656040177,0.737634998956983,0.883347930364419,1.26360353247746
Hamburg,2021-10-11,,estimate based on partial data,0.653904754766441,0.687469642268867,0.381490144339908,0.173327999937188,0.432203303533486,0.564568055274635,0.739676852449767,0.889922082773281,1.2905796641706
Hamburg,2021-10-12,,estimate based on partial data,0.653324419584665,0.693747460580107,0.408919082961597,0.167356539996781,0.422170495349417,0.557914659733024,0.738509649610594,0.894718411740585,1.31500181542523
Hamburg,2021-10-13,,estimate based on partial data,0.651447135103939,0.700694075341381,0.440080301361055,0.158488899402264,0.41675382611749,0.55284353046319,0.743205742482606,0.907242705714799,1.37271436243935
Hamburg,2021-10-14,,estimate based on partial data,0.650615299102882,0.708251109452427,0.475509856281485,0.154204040718209,0.4123844244024,0.549490687764353,0.738664173202032,0.914360488161597,1.41306529403159
Hamburg,2021-10-15,,estimate based on partial data,0.649319281542412,0.716353843129877,0.515606769257462,0.148049900710639,0.406131005245583,0.549916655860467,0.741219704661139,0.921000277036761,1.45261891101656
Hamburg,2021-10-16,,estimate based on partial data,0.647268495620705,0.724932851158539,0.56051287003736,0.142261134704495,0.40030500884879,0.551146120036485,0.743940449054973,0.923141843324392,1.48972887625295
Hamburg,2021-10-17,,estimate based on partial data,0.649114257823454,0.733918732356504,0.610027131200619,0.136505773642186,0.390877911958705,0.547315897607115,0.749063439853505,0.933572496971271,1.54446156654963
Hamburg,2021-10-18,,forecast,0.649114257823454,0.733918732356504,0.610027131200619,0.136505773642186,0.390877911958705,0.547315897607115,0.749063439853505,0.933572496971271,1.54446156654963
Hamburg,2021-10-19,,forecast,0.649114257823454,0.733918732356504,0.610027131200619,0.136505773642186,0.390877911958705,0.547315897607115,0.749063439853505,0.933572496971271,1.54446156654963
Hamburg,2021-10-20,,forecast,0.649114257823454,0.733918732356504,0.610027131200619,0.136505773642186,0.390877911958705,0.547315897607115,0.749063439853505,0.933572496971271,1.54446156654963
Hamburg,2021-10-21,,forecast,0.649114257823454,0.733918732356504,0.610027131200619,0.136505773642186,0.390877911958705,0.547315897607115,0.749063439853505,0.933572496971271,1.54446156654963
Hamburg,2021-10-22,,forecast,0.649114257823454,0.733918732356504,0.610027131200619,0.136505773642186,0.390877911958705,0.547315897607115,0.749063439853505,0.933572496971271,1.54446156654963
Hamburg,2021-10-23,,forecast,0.649114257823454,0.733918732356504,0.610027131200619,0.136505773642186,0.390877911958705,0.547315897607115,0.749063439853505,0.933572496971271,1.54446156654963
Hamburg,2021-10-24,,forecast,0.649114257823454,0.733918732356504,0.610027131200619,0.136505773642186,0.390877911958705,0.547315897607115,0.749063439853505,0.933572496971271,1.54446156654963
Hamburg,2021-10-25,,forecast,0.649114257823454,0.733918732356504,0.610027131200619,0.136505773642186,0.390877911958705,0.547315897607115,0.749063439853505,0.933572496971271,1.54446156654963
Hamburg,2021-10-26,,forecast,0.649114257823454,0.733918732356504,0.610027131200619,0.136505773642186,0.390877911958705,0.547315897607115,0.749063439853505,0.933572496971271,1.54446156654963
Hamburg,2021-10-27,,forecast,0.649114257823454,0.733918732356504,0.610027131200619,0.136505773642186,0.390877911958705,0.547315897607115,0.749063439853505,0.933572496971271,1.54446156654963
Hamburg,2021-10-28,,forecast,0.649114257823454,0.733918732356504,0.610027131200619,0.136505773642186,0.390877911958705,0.547315897607115,0.749063439853505,0.933572496971271,1.54446156654963
Hamburg,2021-10-29,,forecast,0.649114257823454,0.733918732356504,0.610027131200619,0.136505773642186,0.390877911958705,0.547315897607115,0.749063439853505,0.933572496971271,1.54446156654963
Hamburg,2021-10-30,,forecast,0.649114257823454,0.733918732356504,0.610027131200619,0.136505773642186,0.390877911958705,0.547315897607115,0.749063439853505,0.933572496971271,1.54446156654963
Hamburg,2021-10-31,,forecast,0.649114257823454,0.733918732356504,0.610027131200619,0.136505773642186,0.390877911958705,0.547315897607115,0.749063439853505,0.933572496971271,1.54446156654963
Hamburg,2021-11-01,,forecast,0.649114257823454,0.733918732356504,0.610027131200619,0.136505773642186,0.390877911958705,0.547315897607115,0.749063439853505,0.933572496971271,1.54446156654963
Hamburg,2021-11-02,,forecast,0.649114257823454,0.733918732356504,0.610027131200619,0.136505773642186,0.390877911958705,0.547315897607115,0.749063439853505,0.933572496971271,1.54446156654963
Hamburg,2021-11-03,,forecast,0.649114257823454,0.733918732356504,0.610027131200619,0.136505773642186,0.390877911958705,0.547315897607115,0.749063439853505,0.933572496971271,1.54446156654963
Hamburg,2021-11-04,,forecast,0.649114257823454,0.733918732356504,0.610027131200619,0.136505773642186,0.390877911958705,0.547315897607115,0.749063439853505,0.933572496971271,1.54446156654963
Hamburg,2021-11-05,,forecast,0.649114257823454,0.733918732356504,0.610027131200619,0.136505773642186,0.390877911958705,0.547315897607115,0.749063439853505,0.933572496971271,1.54446156654963
Hamburg,2021-11-06,,forecast,0.649114257823454,0.733918732356504,0.610027131200619,0.136505773642186,0.390877911958705,0.547315897607115,0.749063439853505,0.933572496971271,1.54446156654963
Hamburg,2021-11-07,,forecast,0.649114257823454,0.733918732356504,0.610027131200619,0.136505773642186,0.390877911958705,0.547315897607115,0.749063439853505,0.933572496971271,1.54446156654963
Hamburg,2021-11-08,,forecast,0.649114257823454,0.733918732356504,0.610027131200619,0.136505773642186,0.390877911958705,0.547315897607115,0.749063439853505,0.933572496971271,1.54446156654963
Hamburg,2021-11-09,,forecast,0.649114257823454,0.733918732356504,0.610027131200619,0.136505773642186,0.390877911958705,0.547315897607115,0.749063439853505,0.933572496971271,1.54446156654963
Hamburg,2021-11-10,,forecast,0.649114257823454,0.733918732356504,0.610027131200619,0.136505773642186,0.390877911958705,0.547315897607115,0.749063439853505,0.933572496971271,1.54446156654963
Hamburg,2021-11-11,,forecast,0.649114257823454,0.733918732356504,0.610027131200619,0.136505773642186,0.390877911958705,0.547315897607115,0.749063439853505,0.933572496971271,1.54446156654963
Hamburg,2021-11-12,,forecast,0.649114257823454,0.733918732356504,0.610027131200619,0.136505773642186,0.390877911958705,0.547315897607115,0.749063439853505,0.933572496971271,1.54446156654963
Hamburg,2021-11-13,,forecast,0.649114257823454,0.733918732356504,0.610027131200619,0.136505773642186,0.390877911958705,0.547315897607115,0.749063439853505,0.933572496971271,1.54446156654963
Hamburg,2021-11-14,,forecast,0.649114257823454,0.733918732356504,0.610027131200619,0.136505773642186,0.390877911958705,0.547315897607115,0.749063439853505,0.933572496971271,1.54446156654963
Hamburg,2021-11-15,,forecast,0.649114257823454,0.733918732356504,0.610027131200619,0.136505773642186,0.390877911958705,0.547315897607115,0.749063439853505,0.933572496971271,1.54446156654963
Hamburg,2021-11-16,,forecast,0.649114257823454,0.733918732356504,0.610027131200619,0.136505773642186,0.390877911958705,0.547315897607115,0.749063439853505,0.933572496971271,1.54446156654963
Hamburg,2021-11-17,,forecast,0.649114257823454,0.733918732356504,0.610027131200619,0.136505773642186,0.390877911958705,0.547315897607115,0.749063439853505,0.933572496971271,1.54446156654963
Hesse,2021-07-26,,estimate,1.07128455140467,1.07407751686722,0.112266148912536,0.89034606793105,1.00737181446594,1.05194135477647,1.09262497983159,1.13545407963501,1.26226809376983
Hesse,2021-07-27,,estimate,1.07037323393056,1.07266620140202,0.106663858998918,0.899632460536271,1.00785962538483,1.05147588837537,1.09061607184388,1.13207671111431,1.25345055414412
Hesse,2021-07-28,,estimate,1.07029993948625,1.07140843982077,0.101608526907019,0.907088244069879,1.01127079455482,1.05167153338479,1.08914717261988,1.12845484161141,1.23919567665435
Hesse,2021-07-29,,estimate,1.07018468222193,1.07031573839927,0.0970277403580091,0.911118350826592,1.01407422635194,1.051151401494,1.08733833055245,1.12694970194753,1.23038031983204
Hesse,2021-07-30,,estimate,1.06900712458259,1.06939781362102,0.0928640706246687,0.917662895356028,1.01683363309103,1.05229240993444,1.08685938311529,1.12480466900563,1.22487720516268
Hesse,2021-07-31,,estimate,1.06919998193392,1.06866312435695,0.0890819725366379,0.916361547578469,1.01870733255182,1.05211279720952,1.08546813779264,1.12226518922291,1.21813123309547
Hesse,2021-08-01,,estimate,1.06891667374373,1.06811912447994,0.0856650725158507,0.919660061633922,1.01989002629297,1.05314040174951,1.08546512170609,1.12043564259589,1.20877847596238
Hesse,2021-08-02,,estimate,1.06932057264533,1.0677723949676,0.0826026958532679,0.924561897284393,1.02169194630691,1.0531297558756,1.08560228536949,1.11862846284817,1.20325828394849
Hesse,2021-08-03,,estimate,1.06951429859674,1.06762902911345,0.0798731204221319,0.928789226154826,1.02406550952336,1.05383259781912,1.08609033417274,1.11751397507265,1.19505507589013
Hesse,2021-08-04,,estimate,1.07055589314634,1.06769552859494,0.077434768083402,0.932404171424984,1.0259992279963,1.05475615703692,1.08676077918817,1.11430662897249,1.18912677418743
Hesse,2021-08-05,,estimate,1.07119237661076,1.06798006797508,0.0752307811529489,0.935902731314078,1.02666260912644,1.05468442627138,1.08693914194826,1.11374854580041,1.18559948633459
Hesse,2021-08-06,,estimate,1.07124787741638,1.06849358723068,0.0732024883640988,0.93686014498755,1.02881637790123,1.05642901942254,1.08713339550947,1.11314071903549,1.18302275826134
Hesse,2021-08-07,,estimate,1.07272218865203,1.06925007299021,0.0713023360966195,0.941353754043181,1.03087820753769,1.05832029077961,1.08746763651776,1.11266773708419,1.17947082369773
Hesse,2021-08-08,,estimate,1.07409237728694,1.0702656564032,0.0694999530507196,0.942146363563811,1.03205884788109,1.05992625093304,1.08805584536499,1.11203363281861,1.1776946563082
Hesse,2021-08-09,,estimate,1.07439109942494,1.07155659808009,0.0677812946182537,0.951004988214569,1.03533309797939,1.06152446035107,1.08738943711734,1.11183083388268,1.17511544234508
Hesse,2021-08-10,,estimate,1.0750156088675,1.07313658269967,0.0661445768521262,0.955510065125435,1.03939004473832,1.06285802738238,1.08834500340093,1.11195438222232,1.17545660803719
Hesse,2021-08-11,,estimate,1.07530244296643,1.07501386414164,0.0645967565928459,0.962674602219568,1.0428314516466,1.06430846914625,1.08940262899477,1.11289245799799,1.17777283634983
Hesse,2021-08-12,,estimate,1.07676484898732,1.07718871266514,0.0631525837823718,0.971345743700023,1.04506319962392,1.06482683241956,1.09056243798134,1.11447506362175,1.17853192285897
Hesse,2021-08-13,,estimate,1.07908582128018,1.07965143275653,0.0618363720369943,0.976648624331254,1.04762466551802,1.0670268439317,1.09098038771847,1.11615340786241,1.17907677701352
Hesse,2021-08-14,,estimate,1.08075207350138,1.08238104977091,0.0606850589309228,0.984352001846406,1.04959695595399,1.06895856612186,1.09297602561911,1.11771906094195,1.18078161815684
Hesse,2021-08-15,,estimate,1.08224259468247,1.08534466047946,0.0597500107124929,0.991760128088914,1.0514093343653,1.07034151335666,1.09577928509918,1.12038344178995,1.18465400571099
Hesse,2021-08-16,,estimate,1.08386093849991,1.08849741276099,0.0590946915539277,0.998390313705,1.05448212989453,1.07244722646783,1.09780855628893,1.12229435761055,1.19019507091656
Hesse,2021-08-17,,estimate,1.08634358627658,1.09178309514891,0.0587862812467747,1.00519270592652,1.05656570660078,1.074350704779,1.10017923506132,1.12585167165393,1.19406702185262
Hesse,2021-08-18,,estimate,1.08832740418801,1.0951353319028,0.0588819714118708,1.01355564251057,1.05839563721423,1.07666449899975,1.10148135772603,1.12735572871578,1.20131055816621
Hesse,2021-08-19,,estimate,1.08951099989701,1.09847934837557,0.0594140948919958,1.01955152099151,1.06080071819139,1.07834778117245,1.10408113017734,1.13065430030953,1.20876516467961
Hesse,2021-08-20,,estimate,1.09278092607942,1.1017341807932,0.0603796714833923,1.02341227539809,1.06262603363904,1.07924894944291,1.10596469934268,1.13238781842246,1.21462596084861
Hesse,2021-08-21,,estimate,1.09470436395958,1.1048150994103,0.0617373426124527,1.02434340215813,1.06408127379891,1.08159440627806,1.10833688829532,1.13697402307512,1.22120670646251
Hesse,2021-08-22,,estimate,1.09590273257836,1.1076359793321,0.0634102648223654,1.02610547301951,1.06500980896751,1.08252320071938,1.11083554862305,1.14050416087569,1.22982334113596
Hesse,2021-08-23,,estimate,1.09770856951092,1.11011143710319,0.0652919169263387,1.02842682682527,1.06528490399171,1.08369299749822,1.11327627745616,1.14398109240031,1.23622789244222
Hesse,2021-08-24,,estimate,1.09804990548044,1.1121587049709,0.0672537464369897,1.03001500524896,1.06544064198789,1.0845561454358,1.11497830790117,1.14674318386164,1.23949723452042
Hesse,2021-08-25,,estimate,1.09842716985997,1.11369933257904,0.0691554804820437,1.03028758563699,1.06572581982729,1.08455508601343,1.11622196843346,1.14796300248423,1.24502602734088
Hesse,2021-08-26,,estimate,1.10017578653527,1.11466082572725,0.0708582157402823,1.03079523077333,1.06539794383701,1.08458916207442,1.1160202586253,1.14816914971555,1.25387851607961
Hesse,2021-08-27,,estimate,1.10037582170362,1.1149782811608,0.0722383247002383,1.03038444161803,1.06582904726392,1.08391677504556,1.1158299033895,1.14850988964251,1.25497637593023
Hesse,2021-08-28,,estimate,1.09848669849608,1.11459602111045,0.0731990378911918,1.02921301752248,1.0652205882152,1.08325504638255,1.11558812674734,1.14956060050137,1.25999474948211
Hesse,2021-08-29,,estimate,1.09676771017294,1.11346920658578,0.0736769611749403,1.02789952174357,1.06335254227061,1.08179583142113,1.11339370730997,1.14744981455755,1.26268490584267
Hesse,2021-08-30,,estimate,1.09398171463013,1.11156540655207,0.0736420452994996,1.0274860300769,1.06158290761177,1.07994216352869,1.11070860787314,1.14636517725724,1.26249254207904
Hesse,2021-08-31,,estimate,1.09040250479895,1.10886610563389,0.0730909391482296,1.02441710724187,1.05932820613361,1.07691613905182,1.1077466122718,1.14317024451552,1.25578291777314
Hesse,2021-09-01,,estimate,1.08803183137957,1.10536814469233,0.0720357156898121,1.02104159287665,1.0572448212113,1.07386336211998,1.10379003247385,1.13922644289523,1.24471785061165
Hesse,2021-09-02,,estimate,1.08483182456828,1.10108509490428,0.0704938096337896,1.0178238833742,1.05418502967643,1.07086840510314,1.10051854517133,1.1337777660634,1.23491124182572
Hesse,2021-09-03,,estimate,1.08151542399027,1.0960485087915,0.0684890604962738,1.01446592638254,1.0508283476253,1.06854716931578,1.09510848436647,1.12624003895245,1.22761709316849
Hesse,2021-09-04,,estimate,1.07694054504858,1.09030880357761,0.0660713574924094,1.00974687626649,1.04765275766437,1.06529003854695,1.09003357444763,1.11848772287366,1.21883253337713
Hesse,2021-09-05,,estimate,1.0725564085596,1.08393526629858,0.0633485151543388,1.00608952278299,1.04476181660987,1.0613800338349,1.08518555051432,1.11121857971762,1.20596680651638
Hesse,2021-09-06,,estimate,1.06774020547742,1.07701456646261,0.060507395769839,0.999824983777681,1.04097273814616,1.0566175467421,1.07972987145285,1.10280311627603,1.19359877516122
Hesse,2021-09-07,,estimate,1.06258364510055,1.06964746056594,0.0578011679483436,0.992426776836891,1.03577413183814,1.05127795135089,1.07394767787691,1.09478350148274,1.17477213948911
Hesse,2021-09-08,,estimate,1.05686988258137,1.06194399538219,0.0555019525856454,0.98475459363468,1.02959692157789,1.04616247160332,1.06866987565989,1.08752346421562,1.16134676969036
Hesse,2021-09-09,,estimate,1.05253384826996,1.05401804562845,0.0538431137968862,0.973730394610003,1.02298498206112,1.04128622173091,1.06265739987694,1.08083118092752,1.14668661941309
Hesse,2021-09-10,,estimate,1.04628208418479,1.04598209729209,0.0529788925105943,0.963062322270695,1.01641122236969,1.03524856147841,1.05645918563367,1.07380365909794,1.13213642973892
Hesse,2021-09-11,,estimate,1.04120534007666,1.03794286221592,0.052971283571763,0.950938372348795,1.0086022346893,1.02922938491323,1.05013367282297,1.06818350545027,1.11743894279589
Hesse,2021-09-12,,estimate,1.03458879653877,1.02999792263831,0.0537969030341817,0.938002343216477,1.00058610662329,1.02261034078958,1.04457579780239,1.0629770739202,1.10746909459967
Hesse,2021-09-13,,estimate,1.02742011285283,1.02223340156622,0.0553640624470716,0.919899660451589,0.992647781298618,1.01616987029989,1.03926118891012,1.05735926237595,1.09758833802947
Hesse,2021-09-14,,estimate,1.02158081587852,1.01472261849081,0.0575352374423371,0.908991594576801,0.98362207110329,1.00862557065611,1.03365545116393,1.05254036278135,1.0922895546562
Hesse,2021-09-15,,estimate,1.01540989551453,1.0075256811642,0.0601517498413097,0.89596959611871,0.975173464721238,1.00078170341631,1.02862415764508,1.04733314051146,1.0865615541979
Hesse,2021-09-16,,estimate,1.0092753894382,1.00068991126213,0.0630561300771857,0.885452156991062,0.966293308625248,0.993036055320386,1.02376229148881,1.04420222021126,1.08294442855091
Hesse,2021-09-17,,estimate,1.00305751909947,0.994250937575471,0.0661082576027547,0.87171494472447,0.958170143103167,0.98578955178896,1.01905297305961,1.04120468635565,1.08017715150754
Hesse,2021-09-18,,estimate,0.998662365963638,0.988234271324137,0.0691944368428718,0.863141004991412,0.949072084083353,0.979720167195104,1.0141010873694,1.03789396282059,1.07990225794727
Hesse,2021-09-19,,estimate,0.992899479664733,0.982657208873909,0.0722313445622765,0.8501915913949,0.941791056886311,0.972792694744163,1.00940191066877,1.03535758993867,1.07910392554289
Hesse,2021-09-20,,estimate,0.987943871462702,0.977530936413992,0.0751676269920666,0.841638698598382,0.934016542811516,0.967724452763712,1.0050555218871,1.03309358708961,1.07803685855675
Hesse,2021-09-21,,estimate,0.982443806790654,0.972862684563141,0.077984946830511,0.831771716581181,0.926600690375589,0.962029624387387,1.00250709085119,1.03051323667117,1.07710270060624
Hesse,2021-09-22,,estimate,0.979271917674339,0.968657698033885,0.0806983564005816,0.824808241770102,0.918945689153843,0.956394564524073,0.999954287017709,1.03021854633478,1.07604849440247
Hesse,2021-09-23,,estimate,0.975515604801125,0.964920715772474,0.083354202228944,0.816322046413988,0.912633461595775,0.951301067538871,0.998395294071532,1.03029206944081,1.07572394399103
Hesse,2021-09-24,,estimate,0.973277664295871,0.96165669484965,0.086023673819372,0.808034229280931,0.90670526224726,0.946675450000702,0.997285058908327,1.02949278287231,1.07611557694534
Hesse,2021-09-25,,estimate,0.970702646483807,0.958870696071547,0.0887921691058922,0.797988268893211,0.899938785024825,0.943357463157569,0.996122364208799,1.02875890941994,1.07690574332753
Hesse,2021-09-26,,estimate,0.969040970214718,0.956567112595972,0.0917477115869744,0.787194039282341,0.896433243147663,0.940818904738498,0.993923597495755,1.03047047046838,1.07840485786301
Hesse,2021-09-27,,estimate,0.966293808749713,0.954748619679079,0.0949733138249628,0.78369497462756,0.892930783763016,0.937847383934872,0.993816405068918,1.03092767511934,1.08017952471805
Hesse,2021-09-28,,estimate,0.965189110701342,0.953415232763825,0.0985467279778439,0.775435151383084,0.891327763238867,0.937377853338665,0.992760100960387,1.03166894842973,1.08372707112249
Hesse,2021-09-29,,estimate,0.966143224561442,0.952563676907603,0.102546963989638,0.76556513379902,0.887482422611609,0.936611232571303,0.993400910709073,1.03321916979476,1.08699836313821
Hesse,2021-09-30,,estimate based on partial data,0.966889167697023,0.952187013280142,0.107062694718605,0.751202500929633,0.886503245346133,0.937877000240181,0.995018933809566,1.03396136454635,1.09133758310398
Hesse,2021-10-01,,estimate based on partial data,0.969147199217142,0.952274306774459,0.112195935654351,0.740362779415412,0.884470202160112,0.939402906032574,0.996629223780428,1.03677402887116,1.09573961351485
Hesse,2021-10-02,,estimate based on partial data,0.969949090711686,0.952810160408763,0.118056638580528,0.730346487510871,0.881316894664812,0.938734142484337,1.00188351996546,1.0384001887705,1.10544867157112
Hesse,2021-10-03,,estimate based on partial data,0.971197982294377,0.953774163717968,0.124749183619114,0.721019587196073,0.878839475628858,0.940762661843304,1.00413941705788,1.0426967930908,1.11569135662575
Hesse,2021-10-04,,estimate based on partial data,0.973671280962636,0.955140561804818,0.132357039595015,0.71103704289413,0.876889944434996,0.940461479439893,1.00643959079591,1.04559455429289,1.1289153869152
Hesse,2021-10-05,,estimate based on partial data,0.975048082305929,0.956878576178985,0.140933592460393,0.702146712786793,0.875319247024768,0.942923831631542,1.00988094416937,1.04791022256503,1.14191235034754
Hesse,2021-10-06,,estimate based on partial data,0.977535033459,0.958953698037429,0.150504224246843,0.692069416724388,0.874764949308656,0.943030585631005,1.01361339160217,1.05104116843376,1.15677703050682
Hesse,2021-10-07,,estimate based on partial data,0.981340449056665,0.961329955800646,0.161079290785789,0.68164686864462,0.871669310920531,0.941835711373548,1.01605511529418,1.05360341795421,1.17399289657345
Hesse,2021-10-08,,estimate based on partial data,0.985713138766761,0.963972762665374,0.172672910794547,0.665235790809555,0.871183666386571,0.942644487495883,1.01770706038007,1.0564016439814,1.19843490226606
Hesse,2021-10-09,,estimate based on partial data,0.986293990536237,0.966851643891732,0.185320200551892,0.653067679324415,0.869060008187384,0.942001437474394,1.02010067022268,1.05954824529217,1.22121133989332
Hesse,2021-10-10,,estimate based on partial data,0.988603645810025,0.969942060976638,0.199085748855274,0.647208227633207,0.863844229307709,0.943534931342634,1.02149628551006,1.06270150743133,1.24170064369042
Hesse,2021-10-11,,estimate based on partial data,0.99100040267109,0.973225743812604,0.214058223789282,0.636648743607872,0.862475074901318,0.944820587774334,1.02299391413981,1.06481226738514,1.25884162313173
Hesse,2021-10-12,,estimate based on partial data,0.99294142464368,0.976689365444846,0.230329807593134,0.630780589216801,0.859744947709856,0.94707258532682,1.02474981876963,1.06767341113048,1.28036888559745
Hesse,2021-10-13,,estimate based on partial data,0.993690710065756,0.980321910598214,0.247964246884805,0.626676258833872,0.8575639765821,0.947607502388592,1.02652870616555,1.0697456942767,1.29937985619508
Hesse,2021-10-14,,estimate based on partial data,0.99501078105358,0.984111517285824,0.266962323638538,0.616795364254361,0.853980293553555,0.947732703007207,1.02862001360155,1.07198357932204,1.33570174964329
Hesse,2021-10-15,,estimate based on partial data,0.99641708797826,0.988042753846734,0.287236323104954,0.604461603091521,0.85236456285867,0.946786594705036,1.03007695902194,1.07375343960807,1.35185651355485
Hesse,2021-10-16,,estimate based on partial data,0.996219145016223,0.992095166013461,0.308603855411348,0.588806994846298,0.853442918868191,0.947209297486624,1.03152026254901,1.07662270185668,1.37585777857181
Hesse,2021-10-17,,estimate based on partial data,0.996247517053883,0.996243542849312,0.330806237922626,0.584477508992106,0.852311569414162,0.947603254570283,1.03284938447713,1.07972027683774,1.39531413241268
Hesse,2021-10-18,,forecast,0.996247517053883,0.996243542849312,0.330806237922626,0.584477508992106,0.852311569414162,0.947603254570283,1.03284938447713,1.07972027683774,1.39531413241268
Hesse,2021-10-19,,forecast,0.996247517053883,0.996243542849312,0.330806237922626,0.584477508992106,0.852311569414162,0.947603254570283,1.03284938447713,1.07972027683774,1.39531413241268
Hesse,2021-10-20,,forecast,0.996247517053883,0.996243542849312,0.330806237922626,0.584477508992106,0.852311569414162,0.947603254570283,1.03284938447713,1.07972027683774,1.39531413241268
Hesse,2021-10-21,,forecast,0.996247517053883,0.996243542849312,0.330806237922626,0.584477508992106,0.852311569414162,0.947603254570283,1.03284938447713,1.07972027683774,1.39531413241268
Hesse,2021-10-22,,forecast,0.996247517053883,0.996243542849312,0.330806237922626,0.584477508992106,0.852311569414162,0.947603254570283,1.03284938447713,1.07972027683774,1.39531413241268
Hesse,2021-10-23,,forecast,0.996247517053883,0.996243542849312,0.330806237922626,0.584477508992106,0.852311569414162,0.947603254570283,1.03284938447713,1.07972027683774,1.39531413241268
Hesse,2021-10-24,,forecast,0.996247517053883,0.996243542849312,0.330806237922626,0.584477508992106,0.852311569414162,0.947603254570283,1.03284938447713,1.07972027683774,1.39531413241268
Hesse,2021-10-25,,forecast,0.996247517053883,0.996243542849312,0.330806237922626,0.584477508992106,0.852311569414162,0.947603254570283,1.03284938447713,1.07972027683774,1.39531413241268
Hesse,2021-10-26,,forecast,0.996247517053883,0.996243542849312,0.330806237922626,0.584477508992106,0.852311569414162,0.947603254570283,1.03284938447713,1.07972027683774,1.39531413241268
Hesse,2021-10-27,,forecast,0.996247517053883,0.996243542849312,0.330806237922626,0.584477508992106,0.852311569414162,0.947603254570283,1.03284938447713,1.07972027683774,1.39531413241268
Hesse,2021-10-28,,forecast,0.996247517053883,0.996243542849312,0.330806237922626,0.584477508992106,0.852311569414162,0.947603254570283,1.03284938447713,1.07972027683774,1.39531413241268
Hesse,2021-10-29,,forecast,0.996247517053883,0.996243542849312,0.330806237922626,0.584477508992106,0.852311569414162,0.947603254570283,1.03284938447713,1.07972027683774,1.39531413241268
Hesse,2021-10-30,,forecast,0.996247517053883,0.996243542849312,0.330806237922626,0.584477508992106,0.852311569414162,0.947603254570283,1.03284938447713,1.07972027683774,1.39531413241268
Hesse,2021-10-31,,forecast,0.996247517053883,0.996243542849312,0.330806237922626,0.584477508992106,0.852311569414162,0.947603254570283,1.03284938447713,1.07972027683774,1.39531413241268
Hesse,2021-11-01,,forecast,0.996247517053883,0.996243542849312,0.330806237922626,0.584477508992106,0.852311569414162,0.947603254570283,1.03284938447713,1.07972027683774,1.39531413241268
Hesse,2021-11-02,,forecast,0.996247517053883,0.996243542849312,0.330806237922626,0.584477508992106,0.852311569414162,0.947603254570283,1.03284938447713,1.07972027683774,1.39531413241268
Hesse,2021-11-03,,forecast,0.996247517053883,0.996243542849312,0.330806237922626,0.584477508992106,0.852311569414162,0.947603254570283,1.03284938447713,1.07972027683774,1.39531413241268
Hesse,2021-11-04,,forecast,0.996247517053883,0.996243542849312,0.330806237922626,0.584477508992106,0.852311569414162,0.947603254570283,1.03284938447713,1.07972027683774,1.39531413241268
Hesse,2021-11-05,,forecast,0.996247517053883,0.996243542849312,0.330806237922626,0.584477508992106,0.852311569414162,0.947603254570283,1.03284938447713,1.07972027683774,1.39531413241268
Hesse,2021-11-06,,forecast,0.996247517053883,0.996243542849312,0.330806237922626,0.584477508992106,0.852311569414162,0.947603254570283,1.03284938447713,1.07972027683774,1.39531413241268
Hesse,2021-11-07,,forecast,0.996247517053883,0.996243542849312,0.330806237922626,0.584477508992106,0.852311569414162,0.947603254570283,1.03284938447713,1.07972027683774,1.39531413241268
Hesse,2021-11-08,,forecast,0.996247517053883,0.996243542849312,0.330806237922626,0.584477508992106,0.852311569414162,0.947603254570283,1.03284938447713,1.07972027683774,1.39531413241268
Hesse,2021-11-09,,forecast,0.996247517053883,0.996243542849312,0.330806237922626,0.584477508992106,0.852311569414162,0.947603254570283,1.03284938447713,1.07972027683774,1.39531413241268
Hesse,2021-11-10,,forecast,0.996247517053883,0.996243542849312,0.330806237922626,0.584477508992106,0.852311569414162,0.947603254570283,1.03284938447713,1.07972027683774,1.39531413241268
Hesse,2021-11-11,,forecast,0.996247517053883,0.996243542849312,0.330806237922626,0.584477508992106,0.852311569414162,0.947603254570283,1.03284938447713,1.07972027683774,1.39531413241268
Hesse,2021-11-12,,forecast,0.996247517053883,0.996243542849312,0.330806237922626,0.584477508992106,0.852311569414162,0.947603254570283,1.03284938447713,1.07972027683774,1.39531413241268
Hesse,2021-11-13,,forecast,0.996247517053883,0.996243542849312,0.330806237922626,0.584477508992106,0.852311569414162,0.947603254570283,1.03284938447713,1.07972027683774,1.39531413241268
Hesse,2021-11-14,,forecast,0.996247517053883,0.996243542849312,0.330806237922626,0.584477508992106,0.852311569414162,0.947603254570283,1.03284938447713,1.07972027683774,1.39531413241268
Hesse,2021-11-15,,forecast,0.996247517053883,0.996243542849312,0.330806237922626,0.584477508992106,0.852311569414162,0.947603254570283,1.03284938447713,1.07972027683774,1.39531413241268
Hesse,2021-11-16,,forecast,0.996247517053883,0.996243542849312,0.330806237922626,0.584477508992106,0.852311569414162,0.947603254570283,1.03284938447713,1.07972027683774,1.39531413241268
Hesse,2021-11-17,,forecast,0.996247517053883,0.996243542849312,0.330806237922626,0.584477508992106,0.852311569414162,0.947603254570283,1.03284938447713,1.07972027683774,1.39531413241268
Kujawsko-Pomorskie,2021-07-30,,estimate,1.10614451685001,1.09264824584267,0.13899767711334,0.846638973847755,1.00898095402906,1.07373504533583,1.13679057965537,1.18160625152838,1.3045196862059
Kujawsko-Pomorskie,2021-07-31,,estimate,1.10524663765117,1.09256803138025,0.135880175802241,0.85268512000053,1.01244210639007,1.07358092574892,1.13656076509118,1.1791514574706,1.30024614290632
Kujawsko-Pomorskie,2021-08-01,,estimate,1.10608688645625,1.09283736829529,0.133736289275396,0.849625536490223,1.01445873549169,1.07476444257963,1.13600479958448,1.17809590022741,1.30168344258218
Kujawsko-Pomorskie,2021-08-02,,estimate,1.10778327575535,1.09345061630487,0.132293299271761,0.854572886769143,1.01427608001169,1.07677475400179,1.13546234301286,1.17626028465366,1.30046708438955
Kujawsko-Pomorskie,2021-08-03,,estimate,1.10850379229497,1.09440789363503,0.131296775661608,0.858227573379993,1.01766144545036,1.0789780167397,1.13553401981698,1.17635620800173,1.29499615160409
Kujawsko-Pomorskie,2021-08-04,,estimate,1.1075826203065,1.09571611518248,0.130530649416287,0.864001370112406,1.01936236184331,1.08055003098369,1.13634096631372,1.1770487982937,1.29663796167903
Kujawsko-Pomorskie,2021-08-05,,estimate,1.11105304416395,1.0973879348694,0.129822502428172,0.866221769834015,1.0203238370028,1.08137146596825,1.13786446107005,1.17755189255849,1.29374420506148
Kujawsko-Pomorskie,2021-08-06,,estimate,1.1137508853765,1.09943923017348,0.129040166192891,0.870572063646984,1.02404992332276,1.08312712389966,1.13892047615932,1.17703097519435,1.29131707464953
Kujawsko-Pomorskie,2021-08-07,,estimate,1.11590012818284,1.1018859675404,0.128087022416757,0.875337957316879,1.02761498812275,1.08622861088826,1.13997866818156,1.17876714829504,1.28671415037106
Kujawsko-Pomorskie,2021-08-08,,estimate,1.11720209480106,1.10474107527073,0.126900285556751,0.884320895028708,1.03082987573311,1.08997325091318,1.14245216089911,1.18108959613903,1.28565362037441
Kujawsko-Pomorskie,2021-08-09,,estimate,1.12094364528213,1.10801160962201,0.125451563748993,0.89169023682465,1.03701204968779,1.09450739882436,1.14458233779325,1.1838796037329,1.28378643522635
Kujawsko-Pomorskie,2021-08-10,,estimate,1.12514810160846,1.11169634028971,0.123746119124662,0.894615478159349,1.04510398593822,1.09834382119409,1.14706188681088,1.18685933263128,1.28529244602791
Kujawsko-Pomorskie,2021-08-11,,estimate,1.12915849125779,1.11578398081032,0.121818471712626,0.900545219370332,1.0501375516558,1.10093722054082,1.15046559027069,1.18994432192217,1.28774483628559
Kujawsko-Pomorskie,2021-08-12,,estimate,1.13254423631154,1.12025244253477,0.119725613307358,0.907552111318047,1.05511583612192,1.10566398350124,1.15361144266378,1.19057627305849,1.2896306481598
Kujawsko-Pomorskie,2021-08-13,,estimate,1.13552813943498,1.12506941062959,0.117541475603683,0.921311786914667,1.06203491511317,1.11247750925694,1.15560609675359,1.19404587643101,1.29343064337395
Kujawsko-Pomorskie,2021-08-14,,estimate,1.13855586024421,1.13019413477876,0.115354698352128,0.928659036810592,1.06882319110261,1.11618333229001,1.15922102447117,1.19691002427916,1.29828519080626
Kujawsko-Pomorskie,2021-08-15,,estimate,1.14281218742105,1.13557981785971,0.113266427545332,0.944495854215498,1.07552946438928,1.12071267719741,1.16301243098324,1.19783144243973,1.30252168855005
Kujawsko-Pomorskie,2021-08-16,,estimate,1.14614414980532,1.14117576398091,0.111380252323009,0.954958256548332,1.0824329615043,1.12664584525306,1.16695076412694,1.20193861949549,1.30948424757368
Kujawsko-Pomorskie,2021-08-17,,estimate,1.14926019302479,1.14692875492188,0.109779153782754,0.969049952798697,1.08827362662224,1.13038161577701,1.16984359531722,1.20556059247434,1.31244286169126
Kujawsko-Pomorskie,2021-08-18,,estimate,1.15187883019097,1.15278380973199,0.108496619446515,0.980150897835956,1.09508960041232,1.13381695444621,1.17363481559345,1.20951367509382,1.31954054513664
Kujawsko-Pomorskie,2021-08-19,,estimate,1.15535456220964,1.15868505908591,0.107502046556546,0.991040331110328,1.1016003574375,1.13659961421911,1.17578764402945,1.2127149474059,1.32514825393468
Kujawsko-Pomorskie,2021-08-20,,estimate,1.1590197287832,1.16457746534009,0.106718962887719,1.00237648932297,1.105022928198,1.14000742546727,1.1793865561877,1.21597065356249,1.33852046516144
Kujawsko-Pomorskie,2021-08-21,,estimate,1.16294169530831,1.17040947167168,0.106073184031619,1.01431676379902,1.11098447208827,1.14307278038759,1.18399809569572,1.22086714097021,1.3482578767485
Kujawsko-Pomorskie,2021-08-22,,estimate,1.16711155234942,1.17613580013845,0.105542387232412,1.02390869050896,1.11499478222033,1.14738603882523,1.18787037176205,1.22589964890368,1.35682736832671
Kujawsko-Pomorskie,2021-08-23,,estimate,1.17080570758849,1.18171918518779,0.105172917811368,1.02980872317078,1.12089769895919,1.15266227476153,1.19240077187694,1.23052861318423,1.3646263103726
Kujawsko-Pomorskie,2021-08-24,,estimate,1.17531960833133,1.18713019216491,0.105052045794177,1.0369422015025,1.12680522870607,1.15660731473633,1.19634660945219,1.23733846349236,1.37721050260946
Kujawsko-Pomorskie,2021-08-25,,estimate,1.17829958364384,1.19234519415638,0.105256607531331,1.04824082281759,1.12959598964606,1.16060773093996,1.19984118208025,1.24303677881443,1.38467555058228
Kujawsko-Pomorskie,2021-08-26,,estimate,1.18364710717207,1.1973433993034,0.105813776125493,1.05699985123393,1.13290391216448,1.16457622495412,1.20508217060346,1.24661194020934,1.3898277982626
Kujawsko-Pomorskie,2021-08-27,,estimate,1.18754807457685,1.20210399942103,0.106694564630698,1.06212814514236,1.13612034054303,1.16759513882572,1.20805125960255,1.24982554926731,1.39508237740276
Kujawsko-Pomorskie,2021-08-28,,estimate,1.19151944427555,1.20660407614045,0.107832175296224,1.06590883154668,1.14023997654171,1.17019090969238,1.21094072064858,1.25474924776014,1.40507898028808
Kujawsko-Pomorskie,2021-08-29,,estimate,1.19506129829929,1.21081733531153,0.109142724792333,1.06986084033862,1.14392404954074,1.17365626886529,1.21509729937462,1.25919986360188,1.42179941926456
Kujawsko-Pomorskie,2021-08-30,,estimate,1.19775004136945,1.21471348993936,0.110534271439699,1.0751969706154,1.14578355685001,1.17562407079697,1.21900935400381,1.26547256472794,1.43021402846809
Kujawsko-Pomorskie,2021-08-31,,estimate,1.20065496223561,1.21825821833926,0.111907526629564,1.07707725080214,1.14864345067289,1.17704952882644,1.22305749986406,1.26853649816115,1.42819057379351
Kujawsko-Pomorskie,2021-09-01,,estimate,1.20167920135329,1.22141378797107,0.113160459611257,1.08129936128998,1.14994896012548,1.17880899371693,1.22487080591399,1.2722036664941,1.43193811202607
Kujawsko-Pomorskie,2021-09-02,,estimate,1.20325379524349,1.22414036165587,0.114203827572662,1.08288106292096,1.15053704195951,1.18050413545724,1.22677661404819,1.27659982595719,1.44684717002283
Kujawsko-Pomorskie,2021-09-03,,estimate,1.20559350858359,1.2263976773792,0.114982640889087,1.08553866448392,1.1513564541667,1.18207852506217,1.22828762904521,1.28047477463533,1.45379153217283
Kujawsko-Pomorskie,2021-09-04,,estimate,1.20579738195904,1.22814647846494,0.11549055176062,1.08608164076453,1.15161508876019,1.18226852616888,1.23029617378118,1.2817126579175,1.45561633729444
Kujawsko-Pomorskie,2021-09-05,,estimate,1.2052988586648,1.22934907381373,0.115766300581224,1.08852042356238,1.15242056504199,1.18328120040838,1.22929229294068,1.28226950745631,1.46994704046451
Kujawsko-Pomorskie,2021-09-06,,estimate,1.20390032911788,1.22996881976462,0.115871845801746,1.09383839325245,1.1530398168141,1.18343691378669,1.22916196166584,1.28534084748039,1.46261557704139
Kujawsko-Pomorskie,2021-09-07,,estimate,1.20357684248434,1.22996892934944,0.115862697861508,1.0933670697025,1.15284810465482,1.18175464964547,1.2263378678854,1.28575829174614,1.46156356143544
Kujawsko-Pomorskie,2021-09-08,,estimate,1.20204222634074,1.22931147788466,0.115764191179267,1.09087988508234,1.15267982064995,1.17989324646518,1.22594355195853,1.28301795979596,1.45746391011831
Kujawsko-Pomorskie,2021-09-09,,estimate,1.20108630177435,1.22795753847963,0.115561836969303,1.08956085363758,1.15093257492689,1.17955639204143,1.22583768626451,1.28223297102508,1.45611142491725
Kujawsko-Pomorskie,2021-09-10,,estimate,1.19960918142785,1.22586903605484,0.115206178035591,1.08640890579304,1.15054192624011,1.17898815339999,1.2237024488185,1.27931454382688,1.44623376286397
Kujawsko-Pomorskie,2021-09-11,,estimate,1.19767269845906,1.22301231019379,0.114628939950772,1.08584123184616,1.14832918826783,1.17730215099518,1.22174313957259,1.27662627084422,1.44440884862859
Kujawsko-Pomorskie,2021-09-12,,estimate,1.19445019124093,1.21936272781105,0.113766711366434,1.08497035827143,1.14618662662381,1.17473479629615,1.21959353643877,1.27240975863866,1.43768151651961
Kujawsko-Pomorskie,2021-09-13,,estimate,1.19215559807715,1.21490920237261,0.112586710140506,1.07749805505902,1.14285567120469,1.17197166714901,1.21552108583573,1.26549770003576,1.42602933704269
Kujawsko-Pomorskie,2021-09-14,,estimate,1.18901524320818,1.20965737874067,0.111106696078066,1.0684270834285,1.13896913003347,1.1692232131032,1.21185148201252,1.25850601123669,1.41510836734987
Kujawsko-Pomorskie,2021-09-15,,estimate,1.1858051660623,1.20363064734727,0.109402028579182,1.06239805078124,1.13563788716438,1.16452724136623,1.20809357891691,1.25123527331618,1.40820837211881
Kujawsko-Pomorskie,2021-09-16,,estimate,1.18230328706095,1.19686892216677,0.107598918761848,1.05820497174887,1.13170076139493,1.16112594788932,1.20236205342324,1.24326967735208,1.38778870106495
Kujawsko-Pomorskie,2021-09-17,,estimate,1.17663758832461,1.18942588393171,0.105860157656712,1.04860028253736,1.126654736584,1.1574598640566,1.19690405829474,1.23485444473846,1.36759024119758
Kujawsko-Pomorskie,2021-09-18,,estimate,1.17136598592049,1.18136578032319,0.104371855406406,1.03708338983078,1.12096956865715,1.15216347714843,1.19106651718861,1.22826210833494,1.36060862748336
Kujawsko-Pomorskie,2021-09-19,,estimate,1.16633674976641,1.1727607639594,0.103334958857814,1.01910312973534,1.11333176434341,1.14721162346709,1.18511796485477,1.22275018985658,1.34439285442695
Kujawsko-Pomorskie,2021-09-20,,estimate,1.16018915803364,1.16368930511704,0.102958620441597,1.00572976674055,1.10434806862989,1.14053424528154,1.17841333708978,1.21665229109382,1.32718820866116
Kujawsko-Pomorskie,2021-09-21,,estimate,1.15279460842967,1.15423571531547,0.103450493727861,0.989121368721742,1.09775351577695,1.13354047730106,1.17402625518438,1.20888406418209,1.31493583907166
Kujawsko-Pomorskie,2021-09-22,,estimate,1.14859853968491,1.14449043414217,0.105001755488096,0.969904352308216,1.08866188982554,1.12636575184907,1.16841818997099,1.20451775435728,1.30596311960359
Kujawsko-Pomorskie,2021-09-23,,estimate,1.14219111083429,1.13455049959323,0.107767315516122,0.950638777107129,1.07831996220145,1.11958000255793,1.16246354875763,1.19784220816516,1.2950928861628
Kujawsko-Pomorskie,2021-09-24,,estimate,1.13366848756936,1.12451953955253,0.111843043853347,0.926420660701391,1.06652158922735,1.11049303323461,1.15657992797745,1.19326727345017,1.28844808530265
Kujawsko-Pomorskie,2021-09-25,,estimate,1.12692120234639,1.11450671321085,0.117244460443791,0.904328565014259,1.05522374063513,1.10237057818728,1.15215399217623,1.18628768575523,1.28215775037347
Kujawsko-Pomorskie,2021-09-26,,estimate,1.12081350430163,1.10462430467203,0.123894548191944,0.879683719489571,1.04204899274515,1.09414452549805,1.147775431592,1.182948520656,1.27876629426057
Kujawsko-Pomorskie,2021-09-27,,estimate,1.11461065616634,1.0949840622606,0.131627847178331,0.847226477131002,1.02685912323566,1.0859146152328,1.14268306062257,1.1811349026021,1.27289621569885
Kujawsko-Pomorskie,2021-09-28,,estimate,1.10890943913486,1.08569275595109,0.140212249914924,0.819399408050096,1.01283952602239,1.07746050711373,1.13879640251088,1.17920751526167,1.27400230820876
Kujawsko-Pomorskie,2021-09-29,,estimate,1.10542610400149,1.07684765398329,0.14938263152487,0.782419602914891,0.997569176074985,1.06890331392781,1.13594225653013,1.17677304409962,1.27479280622032
Kujawsko-Pomorskie,2021-09-30,,estimate,1.10217362947817,1.06853262079094,0.158876417637705,0.754894673190614,0.984869579718147,1.06196401160616,1.1326736038868,1.17514471482284,1.27267114934486
Kujawsko-Pomorskie,2021-10-01,,estimate based on partial data,1.09684501927498,1.06081533874457,0.168462205747423,0.728958240662471,0.972781704696631,1.0561385116496,1.13205855928643,1.17494557840418,1.27289979040141
Kujawsko-Pomorskie,2021-10-02,,estimate based on partial data,1.09357686133619,1.05374586937838,0.177956903625454,0.701862946800842,0.961623144652423,1.04900923930134,1.12903984456601,1.17546676834563,1.27703717264941
Kujawsko-Pomorskie,2021-10-03,,estimate based on partial data,1.09109123084864,1.0473565180732,0.18723150373674,0.674780874756416,0.949433823527323,1.04357517918674,1.12782063554002,1.17471318525181,1.28390605159085
Kujawsko-Pomorskie,2021-10-04,,estimate based on partial data,1.08781314123043,1.04166280692196,0.196208560406374,0.651938646759877,0.936185989132385,1.04055337568443,1.12579877986189,1.17368573671132,1.28868281795671
Kujawsko-Pomorskie,2021-10-05,,estimate based on partial data,1.08593039603318,1.0366652784889,0.204855276241893,0.632971296569489,0.926827940755143,1.0350628641701,1.12564075265998,1.1723840562774,1.29301677397209
Kujawsko-Pomorskie,2021-10-06,,estimate based on partial data,1.08506785726308,1.03235181121917,0.213175300366018,0.607720984527345,0.920876884019943,1.03140824137818,1.12564926260628,1.1733953840861,1.29878018578291
Kujawsko-Pomorskie,2021-10-07,,estimate based on partial data,1.08525550575051,1.02870011569645,0.221200698430074,0.587264792181017,0.915227082352444,1.03071987582537,1.123627777314,1.17414279527283,1.30615325777139
Kujawsko-Pomorskie,2021-10-08,,estimate based on partial data,1.08277128431,1.02568012109521,0.228984157634228,0.573094969413641,0.9088226077918,1.0266130312452,1.12389333117642,1.175611447569,1.31756135622502
Kujawsko-Pomorskie,2021-10-09,,estimate based on partial data,1.08233746305506,1.02325606826621,0.2365911964664,0.55665207020567,0.902721760159367,1.02679094110372,1.12439006828461,1.1760031356273,1.3213981014944
Kujawsko-Pomorskie,2021-10-10,,estimate based on partial data,1.08421403361025,1.02138827632395,0.244092783243566,0.54388560018203,0.897332371036291,1.0268278660542,1.12487794642284,1.17638089390675,1.32700255369228
Kujawsko-Pomorskie,2021-10-11,,estimate based on partial data,1.08509384316486,1.02003469040987,0.251559286161449,0.523660441156387,0.893029379056632,1.02348627932659,1.12582688410567,1.17691632279769,1.33319653806286
Kujawsko-Pomorskie,2021-10-12,,estimate based on partial data,1.08532410039866,1.01915240426973,0.259056445240838,0.49953201914872,0.887721408166059,1.02363173700084,1.12597435299475,1.17876388702553,1.34370446499008
Kujawsko-Pomorskie,2021-10-13,,estimate based on partial data,1.08514925314862,1.01869935851504,0.266643588295545,0.483897996562209,0.883838643805121,1.02264581713406,1.12761684393721,1.18107834117861,1.35016343762843
Kujawsko-Pomorskie,2021-10-14,,estimate based on partial data,1.08500055953238,1.0186363188225,0.274374339912287,0.465150203093707,0.878959102569883,1.0176671649088,1.12885533914973,1.18219718089961,1.35744442990831
Kujawsko-Pomorskie,2021-10-15,,estimate based on partial data,1.08537970441389,1.01892901142304,0.282300181682511,0.45699342947586,0.872345660706457,1.01426509252486,1.12865701487412,1.183771281679,1.37130116300202
Kujawsko-Pomorskie,2021-10-16,,estimate based on partial data,1.08506780454739,1.01954997804821,0.290476296425662,0.445200871391649,0.867514038453328,1.01425501207626,1.12857739950194,1.18476967782304,1.38089838335946
Kujawsko-Pomorskie,2021-10-17,,estimate based on partial data,1.0848615041683,1.02047948610103,0.298967441971614,0.44285326371713,0.867999951897995,1.01461450745093,1.12830259874454,1.18633604750854,1.39099268813363
Kujawsko-Pomorskie,2021-10-18,,estimate based on partial data,1.08514277515693,1.02170492045435,0.307851234530993,0.430036114759113,0.865343524492788,1.01455938713463,1.12920372575103,1.18679039791512,1.40331119190682
Kujawsko-Pomorskie,2021-10-19,,forecast,1.08514277515693,1.02170492045435,0.307851234530993,0.430036114759113,0.865343524492788,1.01455938713463,1.12920372575103,1.18679039791512,1.40331119190682
Kujawsko-Pomorskie,2021-10-20,,forecast,1.08514277515693,1.02170492045435,0.307851234530993,0.430036114759113,0.865343524492788,1.01455938713463,1.12920372575103,1.18679039791512,1.40331119190682
Kujawsko-Pomorskie,2021-10-21,,forecast,1.08514277515693,1.02170492045435,0.307851234530993,0.430036114759113,0.865343524492788,1.01455938713463,1.12920372575103,1.18679039791512,1.40331119190682
Kujawsko-Pomorskie,2021-10-22,,forecast,1.08514277515693,1.02170492045435,0.307851234530993,0.430036114759113,0.865343524492788,1.01455938713463,1.12920372575103,1.18679039791512,1.40331119190682
Kujawsko-Pomorskie,2021-10-23,,forecast,1.08514277515693,1.02170492045435,0.307851234530993,0.430036114759113,0.865343524492788,1.01455938713463,1.12920372575103,1.18679039791512,1.40331119190682
Kujawsko-Pomorskie,2021-10-24,,forecast,1.08514277515693,1.02170492045435,0.307851234530993,0.430036114759113,0.865343524492788,1.01455938713463,1.12920372575103,1.18679039791512,1.40331119190682
Kujawsko-Pomorskie,2021-10-25,,forecast,1.08514277515693,1.02170492045435,0.307851234530993,0.430036114759113,0.865343524492788,1.01455938713463,1.12920372575103,1.18679039791512,1.40331119190682
Kujawsko-Pomorskie,2021-10-26,,forecast,1.08514277515693,1.02170492045435,0.307851234530993,0.430036114759113,0.865343524492788,1.01455938713463,1.12920372575103,1.18679039791512,1.40331119190682
Kujawsko-Pomorskie,2021-10-27,,forecast,1.08514277515693,1.02170492045435,0.307851234530993,0.430036114759113,0.865343524492788,1.01455938713463,1.12920372575103,1.18679039791512,1.40331119190682
Kujawsko-Pomorskie,2021-10-28,,forecast,1.08514277515693,1.02170492045435,0.307851234530993,0.430036114759113,0.865343524492788,1.01455938713463,1.12920372575103,1.18679039791512,1.40331119190682
Kujawsko-Pomorskie,2021-10-29,,forecast,1.08514277515693,1.02170492045435,0.307851234530993,0.430036114759113,0.865343524492788,1.01455938713463,1.12920372575103,1.18679039791512,1.40331119190682
Kujawsko-Pomorskie,2021-10-30,,forecast,1.08514277515693,1.02170492045435,0.307851234530993,0.430036114759113,0.865343524492788,1.01455938713463,1.12920372575103,1.18679039791512,1.40331119190682
Kujawsko-Pomorskie,2021-10-31,,forecast,1.08514277515693,1.02170492045435,0.307851234530993,0.430036114759113,0.865343524492788,1.01455938713463,1.12920372575103,1.18679039791512,1.40331119190682
Kujawsko-Pomorskie,2021-11-01,,forecast,1.08514277515693,1.02170492045435,0.307851234530993,0.430036114759113,0.865343524492788,1.01455938713463,1.12920372575103,1.18679039791512,1.40331119190682
Kujawsko-Pomorskie,2021-11-02,,forecast,1.08514277515693,1.02170492045435,0.307851234530993,0.430036114759113,0.865343524492788,1.01455938713463,1.12920372575103,1.18679039791512,1.40331119190682
Kujawsko-Pomorskie,2021-11-03,,forecast,1.08514277515693,1.02170492045435,0.307851234530993,0.430036114759113,0.865343524492788,1.01455938713463,1.12920372575103,1.18679039791512,1.40331119190682
Kujawsko-Pomorskie,2021-11-04,,forecast,1.08514277515693,1.02170492045435,0.307851234530993,0.430036114759113,0.865343524492788,1.01455938713463,1.12920372575103,1.18679039791512,1.40331119190682
Kujawsko-Pomorskie,2021-11-05,,forecast,1.08514277515693,1.02170492045435,0.307851234530993,0.430036114759113,0.865343524492788,1.01455938713463,1.12920372575103,1.18679039791512,1.40331119190682
Kujawsko-Pomorskie,2021-11-06,,forecast,1.08514277515693,1.02170492045435,0.307851234530993,0.430036114759113,0.865343524492788,1.01455938713463,1.12920372575103,1.18679039791512,1.40331119190682
Kujawsko-Pomorskie,2021-11-07,,forecast,1.08514277515693,1.02170492045435,0.307851234530993,0.430036114759113,0.865343524492788,1.01455938713463,1.12920372575103,1.18679039791512,1.40331119190682
Kujawsko-Pomorskie,2021-11-08,,forecast,1.08514277515693,1.02170492045435,0.307851234530993,0.430036114759113,0.865343524492788,1.01455938713463,1.12920372575103,1.18679039791512,1.40331119190682
Kujawsko-Pomorskie,2021-11-09,,forecast,1.08514277515693,1.02170492045435,0.307851234530993,0.430036114759113,0.865343524492788,1.01455938713463,1.12920372575103,1.18679039791512,1.40331119190682
Kujawsko-Pomorskie,2021-11-10,,forecast,1.08514277515693,1.02170492045435,0.307851234530993,0.430036114759113,0.865343524492788,1.01455938713463,1.12920372575103,1.18679039791512,1.40331119190682
Kujawsko-Pomorskie,2021-11-11,,forecast,1.08514277515693,1.02170492045435,0.307851234530993,0.430036114759113,0.865343524492788,1.01455938713463,1.12920372575103,1.18679039791512,1.40331119190682
Kujawsko-Pomorskie,2021-11-12,,forecast,1.08514277515693,1.02170492045435,0.307851234530993,0.430036114759113,0.865343524492788,1.01455938713463,1.12920372575103,1.18679039791512,1.40331119190682
Kujawsko-Pomorskie,2021-11-13,,forecast,1.08514277515693,1.02170492045435,0.307851234530993,0.430036114759113,0.865343524492788,1.01455938713463,1.12920372575103,1.18679039791512,1.40331119190682
Kujawsko-Pomorskie,2021-11-14,,forecast,1.08514277515693,1.02170492045435,0.307851234530993,0.430036114759113,0.865343524492788,1.01455938713463,1.12920372575103,1.18679039791512,1.40331119190682
Kujawsko-Pomorskie,2021-11-15,,forecast,1.08514277515693,1.02170492045435,0.307851234530993,0.430036114759113,0.865343524492788,1.01455938713463,1.12920372575103,1.18679039791512,1.40331119190682
Kujawsko-Pomorskie,2021-11-16,,forecast,1.08514277515693,1.02170492045435,0.307851234530993,0.430036114759113,0.865343524492788,1.01455938713463,1.12920372575103,1.18679039791512,1.40331119190682
Kujawsko-Pomorskie,2021-11-17,,forecast,1.08514277515693,1.02170492045435,0.307851234530993,0.430036114759113,0.865343524492788,1.01455938713463,1.12920372575103,1.18679039791512,1.40331119190682
Lower Saxony,2021-07-27,,estimate,1.1387757983877,1.15290989034649,0.114377236080266,0.984509681523953,1.07916563346754,1.11367060320925,1.16611977117065,1.22028890748148,1.35413568986538
Lower Saxony,2021-07-28,,estimate,1.13935120651111,1.15383318784606,0.110213433890967,0.99380373878235,1.08252095401597,1.11479038729013,1.16651621163779,1.21939500048735,1.34948378506904
Lower Saxony,2021-07-29,,estimate,1.14091832945088,1.15470050938886,0.106458944379024,1.00311612577999,1.08482043662687,1.11609798791095,1.16670816533441,1.21975003594533,1.3449029357864
Lower Saxony,2021-07-30,,estimate,1.14158961497902,1.15548384759435,0.103068991735731,1.00721532249278,1.08702534028513,1.11779347338761,1.16848997894572,1.21840084395642,1.34295393658183
Lower Saxony,2021-07-31,,estimate,1.14324961330433,1.15615843808861,0.0999973774916844,1.01211605418292,1.08959240574164,1.1204000348813,1.16931457461085,1.21761852103297,1.33402339236892
Lower Saxony,2021-08-01,,estimate,1.14356206952458,1.15670400448729,0.0971942749950516,1.01865241044661,1.09246699027236,1.1221588024625,1.16929247805714,1.21368074499118,1.32908283149848
Lower Saxony,2021-08-02,,estimate,1.14495588941909,1.15710585602976,0.0946039410775712,1.02242907276374,1.09402034215291,1.12291517557761,1.17071014192309,1.21232387354934,1.32136147290739
Lower Saxony,2021-08-03,,estimate,1.14597955041447,1.15735576282073,0.0921657722784415,1.02745277186099,1.09599377087623,1.12392796902869,1.16942120066756,1.21129475312786,1.31898225312123
Lower Saxony,2021-08-04,,estimate,1.14406906123634,1.15745250386661,0.0898216023775627,1.03121645696341,1.09766824561069,1.12472608648544,1.16844497455258,1.20929983710631,1.31851451278504
Lower Saxony,2021-08-05,,estimate,1.1435631832085,1.15740188739821,0.0875281283085099,1.03650840014656,1.09859118738522,1.12509370764769,1.16780622756691,1.20798404960395,1.31294295920509
Lower Saxony,2021-08-06,,estimate,1.14277786734614,1.15721597767402,0.0852683017309933,1.03985200409086,1.09927702496866,1.12389507226453,1.16695948880008,1.20582035459265,1.30846044107418
Lower Saxony,2021-08-07,,estimate,1.14272982440517,1.15691134572992,0.0830540434655233,1.04569564194073,1.09987222966495,1.12379206814034,1.16718079438084,1.20326338340332,1.30342820835728
Lower Saxony,2021-08-08,,estimate,1.14322742913666,1.15650641889651,0.0809168881589325,1.05095882628924,1.09978100732791,1.12522360535305,1.16607417526038,1.20373580348685,1.30081022716452
Lower Saxony,2021-08-09,,estimate,1.14412607041508,1.15601832258785,0.078890321197298,1.05069826417042,1.10035265306898,1.12580365088849,1.1653419681408,1.20096092399095,1.29806811896662
Lower Saxony,2021-08-10,,estimate,1.14485951347698,1.15545981290457,0.0769924116279045,1.04933183027356,1.10018219372025,1.1264366574276,1.1656580505708,1.19879435274772,1.29344253270572
Lower Saxony,2021-08-11,,estimate,1.14460467022503,1.15483688191942,0.0752168085134955,1.05182769086457,1.10109825744335,1.12642330890277,1.16527016584142,1.19609151992905,1.29051095051378
Lower Saxony,2021-08-12,,estimate,1.14414145667465,1.15414740556424,0.0735352416947571,1.05451210658671,1.10161345435674,1.12576261951577,1.16407591781666,1.19542610664716,1.2850239312567
Lower Saxony,2021-08-13,,estimate,1.14317678397663,1.15338092104764,0.0719088794691956,1.05736808593646,1.10218408927525,1.12588856282487,1.16219958184411,1.19428966718122,1.28498910901441
Lower Saxony,2021-08-14,,estimate,1.14240865266532,1.152519397006,0.0703025273769223,1.05897884281744,1.10242356204235,1.12589455169188,1.16084605891016,1.19263614933229,1.27955711973778
Lower Saxony,2021-08-15,,estimate,1.14149408246477,1.15153875821511,0.0686958202209333,1.06168698813433,1.10285461217444,1.12529799928471,1.16011328197064,1.19055892992904,1.27363121406568
Lower Saxony,2021-08-16,,estimate,1.1396806322014,1.15041092769905,0.0670881702601989,1.06502468907854,1.10205194973579,1.12494319431519,1.15861269454881,1.18708818617744,1.27180134624356
Lower Saxony,2021-08-17,,estimate,1.13972620057573,1.14910618587275,0.0654973593833755,1.0655214940961,1.10254948942224,1.12365380277865,1.15544380269229,1.18452794538237,1.27281984148478
Lower Saxony,2021-08-18,,estimate,1.1379970014673,1.14759566124542,0.0639538547075429,1.06462982470039,1.10257270589473,1.12317654767832,1.15488798409786,1.18146520277456,1.26888906633003
Lower Saxony,2021-08-19,,estimate,1.13766831878403,1.1458537482265,0.0624935798841016,1.06451518464541,1.10239319361473,1.12340731550574,1.15302350734765,1.17910161086694,1.26165895900153
Lower Saxony,2021-08-20,,estimate,1.13671748464555,1.14386022667835,0.0611510751055954,1.06320950151881,1.10161972426719,1.12275047337526,1.15113668090172,1.17618140348183,1.25719154002804
Lower Saxony,2021-08-21,,estimate,1.13517738390346,1.14160187758917,0.0599535400474031,1.06228567358077,1.09976848911739,1.12133892891098,1.14992678409298,1.17314533767528,1.24851336803294
Lower Saxony,2021-08-22,,estimate,1.13348446570163,1.13907346351547,0.0589155937296371,1.06104853115503,1.09781299628464,1.11822720394538,1.14783778205722,1.16968836342819,1.24541395134825
Lower Saxony,2021-08-23,,estimate,1.13066540733974,1.1362780398131,0.0580356313533612,1.05830186729587,1.09637302006085,1.11596663458042,1.14449464758447,1.16752831970821,1.2404117030152
Lower Saxony,2021-08-24,,estimate,1.1275792445911,1.13322662788112,0.0572963423009152,1.05563864109764,1.0951998974614,1.11307743417258,1.14147482299136,1.16291016494245,1.23416198110986
Lower Saxony,2021-08-25,,estimate,1.12424197698007,1.12993728560294,0.0566715280701995,1.0550362626158,1.09359543321406,1.11104980849448,1.13608253448683,1.15845954242267,1.23099361009202
Lower Saxony,2021-08-26,,estimate,1.1199769656073,1.12643358838921,0.0561375090609711,1.05098303118619,1.09150509598068,1.10792791662668,1.13281819981974,1.15346662701394,1.22168557298492
Lower Saxony,2021-08-27,,estimate,1.11664992282754,1.122742567875,0.0556829463604283,1.0480083861782,1.08890378345607,1.105153871171,1.12801766369833,1.14884539477192,1.22191999771087
Lower Saxony,2021-08-28,,estimate,1.11370372349106,1.11889229432417,0.0553106257043665,1.04399340087213,1.08516938575981,1.10271329996937,1.12388885752813,1.14613893928728,1.21757283495519
Lower Saxony,2021-08-29,,estimate,1.10999217140262,1.11490948372001,0.0550299512244496,1.04069941305425,1.08273363489119,1.09881765367077,1.12048141176864,1.14220373120097,1.21244497904034
Lower Saxony,2021-08-30,,estimate,1.10609640884424,1.11081762963387,0.0548454039103486,1.03313539673883,1.07970865807233,1.09629702467266,1.11703101769078,1.13742762819458,1.20802159504841
Lower Saxony,2021-08-31,,estimate,1.10259461387324,1.10663608795503,0.0547486218938384,1.02603410160389,1.076075679571,1.09296610060796,1.11278352950285,1.13399704072546,1.20164441234787
Lower Saxony,2021-09-01,,estimate,1.09899799021578,1.10238027347409,0.0547186387551445,1.02117676673624,1.07218837493454,1.08916022848904,1.1081762005231,1.12845429229385,1.19613772957776
Lower Saxony,2021-09-02,,estimate,1.09585873665944,1.09806277424839,0.0547292821240361,1.01626398776339,1.06861119871159,1.08594309096695,1.10462321497981,1.12334774585159,1.19263863895815
Lower Saxony,2021-09-03,,estimate,1.09192557483632,1.09369491567367,0.0547587956468603,1.01086974159764,1.06524155449984,1.08224215031953,1.10071014183061,1.11914788511476,1.18772655234219
Lower Saxony,2021-09-04,,estimate,1.08770459853659,1.08928823433038,0.0547962254037634,1.00352025036678,1.06093889828715,1.07887764004481,1.09792321870851,1.11521330068256,1.18394004490232
Lower Saxony,2021-09-05,,estimate,1.08450879490979,1.08485547379398,0.0548415403975365,0.998747341843315,1.05741184473203,1.07451244403943,1.09402659630427,1.11127496427411,1.1753395118959
Lower Saxony,2021-09-06,,estimate,1.08121887238965,1.08041100028115,0.0549002812240699,0.993099479433628,1.05278327205029,1.07118746968198,1.09051779568005,1.10693302189019,1.16660947596431
Lower Saxony,2021-09-07,,estimate,1.07838619772944,1.07597079791044,0.0549767405767762,0.986335014005804,1.0479149251403,1.06719028508338,1.08797037786056,1.10360191956318,1.15961686986518
Lower Saxony,2021-09-08,,estimate,1.07542097241546,1.07155230462449,0.0550703276539847,0.975974947094114,1.04228774035667,1.06308663237581,1.08448573667694,1.10115195754692,1.15098782454103
Lower Saxony,2021-09-09,,estimate,1.07194279189943,1.06717425756112,0.0551772698210996,0.971329276696772,1.03759472670394,1.05951927005578,1.08239565471783,1.09851514942433,1.14299112604614
Lower Saxony,2021-09-10,,estimate,1.06756177007149,1.06285652287586,0.0552959758639859,0.965514744855836,1.03311589083019,1.05528591298149,1.07927011630311,1.09509667161009,1.13793142154265
Lower Saxony,2021-09-11,,estimate,1.06397222529902,1.05861974195373,0.0554323044848394,0.961290205121312,1.0294989999093,1.05024223003528,1.07615358421098,1.09235589216046,1.1343292387398
Lower Saxony,2021-09-12,,estimate,1.06019294618848,1.05448463883346,0.0556020833786208,0.959269233575514,1.02548840918386,1.04610614760902,1.07172698922386,1.0897176749814,1.13052041017147
Lower Saxony,2021-09-13,,estimate,1.05569523173509,1.05047099221391,0.0558308596719165,0.955613668155323,1.0207305170184,1.04296727088871,1.06841427495327,1.0871478268361,1.12861215630058
Lower Saxony,2021-09-14,,estimate,1.05245261247332,1.04659647414555,0.0561522741628635,0.948039273231006,1.01520815538214,1.03897482326246,1.0649022857797,1.0841968188486,1.12540671597986
Lower Saxony,2021-09-15,,estimate,1.04822721170499,1.04287567844827,0.0566058447948066,0.941317737459537,1.01064239419051,1.03471293587017,1.0615175331864,1.08163571071422,1.12296974922219
Lower Saxony,2021-09-16,,estimate,1.04437532752727,1.03931964649343,0.0572339449796533,0.93636602410066,1.0079707597621,1.03039115680631,1.05836528961989,1.07872786890246,1.12088727787697
Lower Saxony,2021-09-17,,estimate,1.04052317287414,1.03593606171328,0.0580779858990784,0.931437270881635,1.00331985815001,1.02619880804861,1.05487609845162,1.07678402311436,1.11696600749297
Lower Saxony,2021-09-18,,estimate,1.03853208150293,1.03273008725658,0.0591748642991207,0.925157140819128,0.998928868946083,1.02211258046567,1.05330996922113,1.07440840504796,1.11455075358943
Lower Saxony,2021-09-19,,estimate,1.03529850041881,1.02970563461156,0.060555016183489,0.918250480024514,0.994744499983825,1.01898186343022,1.04963522303297,1.07244548910835,1.1142746497021
Lower Saxony,2021-09-20,,estimate,1.03241351347764,1.02686673588259,0.0622423157492546,0.916213919964726,0.990716413194228,1.01516796868513,1.04790050537322,1.07114316898647,1.11430044337344
Lower Saxony,2021-09-21,,estimate,1.03011648220602,1.02421868486675,0.0642546873793232,0.908440669074126,0.987025413076185,1.01112257197007,1.04658393090003,1.07034463924848,1.11386139460065
Lower Saxony,2021-09-22,,estimate,1.02789375468326,1.02176870887509,0.0666040652022028,0.902460640241122,0.98214545701934,1.00838277354778,1.04475246087578,1.06999405478078,1.1141609554063
Lower Saxony,2021-09-23,,estimate,1.02690959432953,1.01952608920533,0.0692953688421619,0.898985829162022,0.977831508562909,1.00612694443029,1.04303552921754,1.06926373794058,1.11571137998756
Lower Saxony,2021-09-24,,estimate,1.02520608255858,1.01750179631201,0.0723253678808618,0.88925811227677,0.973571998366799,1.00478023530706,1.04262810476709,1.0683674895493,1.11666340066848
Lower Saxony,2021-09-25,,estimate,1.02368933261624,1.01570779140537,0.0756826241978457,0.880581282279896,0.96804088422341,1.00329654223028,1.0430364045308,1.07020559523551,1.12068465519488
Lower Saxony,2021-09-26,,estimate,1.02217547487524,1.01415615309034,0.0793490167812383,0.873895748919558,0.964795754540973,1.00275383800119,1.04175615207766,1.07132754885133,1.12528480490324
Lower Saxony,2021-09-27,,estimate,1.02181354303785,1.01285814025301,0.083302338400395,0.864350885238447,0.96128375950361,1.00230595198593,1.0417361990875,1.07255629087497,1.12953014084617
Lower Saxony,2021-09-28,,estimate,1.02120584596584,1.0118232472244,0.0875188731878359,0.859619034895635,0.958769075321384,1.00089149928008,1.04247334365971,1.07412601755103,1.13238748929464
Lower Saxony,2021-09-29,,estimate,1.02064385268716,1.01105828475239,0.0919750602632926,0.849678596212599,0.956227752234991,1.00001217217123,1.0431451503343,1.07609012274722,1.13649926252519
Lower Saxony,2021-09-30,,estimate based on partial data,1.02154269100493,1.01056654223212,0.0966481176564161,0.836972341334082,0.955904895015556,0.998378733209611,1.04415154743854,1.07814886388428,1.14121236853525
Lower Saxony,2021-10-01,,estimate based on partial data,1.02242370070396,1.01034713087141,0.101516296609398,0.824671968044479,0.955557100346259,0.99789115045337,1.04546507575037,1.07868638101023,1.1439608559147
Lower Saxony,2021-10-02,,estimate based on partial data,1.02244294930102,1.01039463364525,0.106559739952468,0.818014941097673,0.953034042820092,0.996923499012165,1.04684599938019,1.08015199849606,1.14996220100205
Lower Saxony,2021-10-03,,estimate based on partial data,1.02270542317477,1.01069916374796,0.111762548601905,0.812695828660366,0.949050971629962,0.995705215235947,1.04744878285942,1.08317332583381,1.15920645786331
Lower Saxony,2021-10-04,,estimate based on partial data,1.02250871949907,1.01124685493379,0.117115835970358,0.800789647566488,0.947243777569766,0.995873646249807,1.04840157768298,1.08532025355235,1.16416941627061
Lower Saxony,2021-10-05,,estimate based on partial data,1.02489015421117,1.0120207026169,0.122620744792051,0.7949437510791,0.943995845348213,0.997316064609382,1.04934032273769,1.08807895083592,1.17768015516718
Lower Saxony,2021-10-06,,estimate based on partial data,1.0273807722948,1.01300158962385,0.128290162781362,0.789477373017478,0.943161711388922,0.998383900039252,1.05116489027582,1.08958543485534,1.18255144917898
Lower Saxony,2021-10-07,,estimate based on partial data,1.02889822801946,1.01416930302892,0.134148576954004,0.780825250646499,0.940309516545105,0.998638112485562,1.05461388193429,1.09145044750185,1.19682368994145
Lower Saxony,2021-10-08,,estimate based on partial data,1.02991472770131,1.01550338304796,0.140230872767139,0.773202518030989,0.937463281504169,0.999706760678539,1.05656858186987,1.09575445520089,1.2103442456591
Lower Saxony,2021-10-09,,estimate based on partial data,1.03039858505367,1.01698370582646,0.146581658085021,0.766994154577758,0.933954048806977,0.999828657874968,1.06043439181916,1.0975212989684,1.22174374983231
Lower Saxony,2021-10-10,,estimate based on partial data,1.0312980471535,1.01859074148699,0.153255485910377,0.75978623443101,0.932527332982227,0.998491607819599,1.06146288800032,1.10000396306041,1.23756591697255
Lower Saxony,2021-10-11,,estimate based on partial data,1.0322785883232,1.02030543560847,0.160315604716891,0.754892398434395,0.931914396543172,0.997759241486239,1.06263330363066,1.10214953981544,1.26285099542952
Lower Saxony,2021-10-12,,estimate based on partial data,1.03372530333491,1.02210867928895,0.167827450469109,0.747144048074615,0.928842876022501,0.997502603277405,1.06441259658442,1.10360478380469,1.28289588127352
Lower Saxony,2021-10-13,,estimate based on partial data,1.03338047709399,1.0239804126775,0.175845490541493,0.741834522008865,0.925754582506307,0.996312363187687,1.06421887160628,1.10566783575761,1.29869126718788
Lower Saxony,2021-10-14,,estimate based on partial data,1.03377655137835,1.02589854556351,0.184396855308674,0.735289820257965,0.924292241561253,0.994643128459381,1.06562180683268,1.10789856332153,1.3352380580401
Lower Saxony,2021-10-15,,estimate based on partial data,1.03311679752451,1.0278380067371,0.193468142378504,0.727668306153382,0.923621812418066,0.993956242791165,1.06719459867363,1.10829975386546,1.36053531587635
Lower Saxony,2021-10-16,,estimate based on partial data,1.03482880312821,1.02977027648113,0.203000402805153,0.719486766861333,0.922202057500774,0.993622088793976,1.0661905878401,1.11154772938926,1.37317460552297
Lower Saxony,2021-10-17,,estimate based on partial data,1.03522216524506,1.03166369122521,0.212893376642751,0.711783682669195,0.919287739666673,0.993345278915607,1.06789521374819,1.11128394315187,1.3994830456364
Lower Saxony,2021-10-18,,forecast,1.03522216524506,1.03166369122521,0.212893376642751,0.711783682669195,0.919287739666673,0.993345278915607,1.06789521374819,1.11128394315187,1.3994830456364
Lower Saxony,2021-10-19,,forecast,1.03522216524506,1.03166369122521,0.212893376642751,0.711783682669195,0.919287739666673,0.993345278915607,1.06789521374819,1.11128394315187,1.3994830456364
Lower Saxony,2021-10-20,,forecast,1.03522216524506,1.03166369122521,0.212893376642751,0.711783682669195,0.919287739666673,0.993345278915607,1.06789521374819,1.11128394315187,1.3994830456364
Lower Saxony,2021-10-21,,forecast,1.03522216524506,1.03166369122521,0.212893376642751,0.711783682669195,0.919287739666673,0.993345278915607,1.06789521374819,1.11128394315187,1.3994830456364
Lower Saxony,2021-10-22,,forecast,1.03522216524506,1.03166369122521,0.212893376642751,0.711783682669195,0.919287739666673,0.993345278915607,1.06789521374819,1.11128394315187,1.3994830456364
Lower Saxony,2021-10-23,,forecast,1.03522216524506,1.03166369122521,0.212893376642751,0.711783682669195,0.919287739666673,0.993345278915607,1.06789521374819,1.11128394315187,1.3994830456364
Lower Saxony,2021-10-24,,forecast,1.03522216524506,1.03166369122521,0.212893376642751,0.711783682669195,0.919287739666673,0.993345278915607,1.06789521374819,1.11128394315187,1.3994830456364
Lower Saxony,2021-10-25,,forecast,1.03522216524506,1.03166369122521,0.212893376642751,0.711783682669195,0.919287739666673,0.993345278915607,1.06789521374819,1.11128394315187,1.3994830456364
Lower Saxony,2021-10-26,,forecast,1.03522216524506,1.03166369122521,0.212893376642751,0.711783682669195,0.919287739666673,0.993345278915607,1.06789521374819,1.11128394315187,1.3994830456364
Lower Saxony,2021-10-27,,forecast,1.03522216524506,1.03166369122521,0.212893376642751,0.711783682669195,0.919287739666673,0.993345278915607,1.06789521374819,1.11128394315187,1.3994830456364
Lower Saxony,2021-10-28,,forecast,1.03522216524506,1.03166369122521,0.212893376642751,0.711783682669195,0.919287739666673,0.993345278915607,1.06789521374819,1.11128394315187,1.3994830456364
Lower Saxony,2021-10-29,,forecast,1.03522216524506,1.03166369122521,0.212893376642751,0.711783682669195,0.919287739666673,0.993345278915607,1.06789521374819,1.11128394315187,1.3994830456364
Lower Saxony,2021-10-30,,forecast,1.03522216524506,1.03166369122521,0.212893376642751,0.711783682669195,0.919287739666673,0.993345278915607,1.06789521374819,1.11128394315187,1.3994830456364
Lower Saxony,2021-10-31,,forecast,1.03522216524506,1.03166369122521,0.212893376642751,0.711783682669195,0.919287739666673,0.993345278915607,1.06789521374819,1.11128394315187,1.3994830456364
Lower Saxony,2021-11-01,,forecast,1.03522216524506,1.03166369122521,0.212893376642751,0.711783682669195,0.919287739666673,0.993345278915607,1.06789521374819,1.11128394315187,1.3994830456364
Lower Saxony,2021-11-02,,forecast,1.03522216524506,1.03166369122521,0.212893376642751,0.711783682669195,0.919287739666673,0.993345278915607,1.06789521374819,1.11128394315187,1.3994830456364
Lower Saxony,2021-11-03,,forecast,1.03522216524506,1.03166369122521,0.212893376642751,0.711783682669195,0.919287739666673,0.993345278915607,1.06789521374819,1.11128394315187,1.3994830456364
Lower Saxony,2021-11-04,,forecast,1.03522216524506,1.03166369122521,0.212893376642751,0.711783682669195,0.919287739666673,0.993345278915607,1.06789521374819,1.11128394315187,1.3994830456364
Lower Saxony,2021-11-05,,forecast,1.03522216524506,1.03166369122521,0.212893376642751,0.711783682669195,0.919287739666673,0.993345278915607,1.06789521374819,1.11128394315187,1.3994830456364
Lower Saxony,2021-11-06,,forecast,1.03522216524506,1.03166369122521,0.212893376642751,0.711783682669195,0.919287739666673,0.993345278915607,1.06789521374819,1.11128394315187,1.3994830456364
Lower Saxony,2021-11-07,,forecast,1.03522216524506,1.03166369122521,0.212893376642751,0.711783682669195,0.919287739666673,0.993345278915607,1.06789521374819,1.11128394315187,1.3994830456364
Lower Saxony,2021-11-08,,forecast,1.03522216524506,1.03166369122521,0.212893376642751,0.711783682669195,0.919287739666673,0.993345278915607,1.06789521374819,1.11128394315187,1.3994830456364
Lower Saxony,2021-11-09,,forecast,1.03522216524506,1.03166369122521,0.212893376642751,0.711783682669195,0.919287739666673,0.993345278915607,1.06789521374819,1.11128394315187,1.3994830456364
Lower Saxony,2021-11-10,,forecast,1.03522216524506,1.03166369122521,0.212893376642751,0.711783682669195,0.919287739666673,0.993345278915607,1.06789521374819,1.11128394315187,1.3994830456364
Lower Saxony,2021-11-11,,forecast,1.03522216524506,1.03166369122521,0.212893376642751,0.711783682669195,0.919287739666673,0.993345278915607,1.06789521374819,1.11128394315187,1.3994830456364
Lower Saxony,2021-11-12,,forecast,1.03522216524506,1.03166369122521,0.212893376642751,0.711783682669195,0.919287739666673,0.993345278915607,1.06789521374819,1.11128394315187,1.3994830456364
Lower Saxony,2021-11-13,,forecast,1.03522216524506,1.03166369122521,0.212893376642751,0.711783682669195,0.919287739666673,0.993345278915607,1.06789521374819,1.11128394315187,1.3994830456364
Lower Saxony,2021-11-14,,forecast,1.03522216524506,1.03166369122521,0.212893376642751,0.711783682669195,0.919287739666673,0.993345278915607,1.06789521374819,1.11128394315187,1.3994830456364
Lower Saxony,2021-11-15,,forecast,1.03522216524506,1.03166369122521,0.212893376642751,0.711783682669195,0.919287739666673,0.993345278915607,1.06789521374819,1.11128394315187,1.3994830456364
Lower Saxony,2021-11-16,,forecast,1.03522216524506,1.03166369122521,0.212893376642751,0.711783682669195,0.919287739666673,0.993345278915607,1.06789521374819,1.11128394315187,1.3994830456364
Lower Saxony,2021-11-17,,forecast,1.03522216524506,1.03166369122521,0.212893376642751,0.711783682669195,0.919287739666673,0.993345278915607,1.06789521374819,1.11128394315187,1.3994830456364
Lubelskie,2021-07-29,,estimate,1.16576147481771,1.1511117525266,0.1290930745774,0.920739084225254,1.06328234571253,1.12824473684795,1.20044700781017,1.24695798737173,1.33191786913238
Lubelskie,2021-07-30,,estimate,1.16614781944825,1.15203006523429,0.125451066202551,0.931697712261887,1.06688341350619,1.1275509788512,1.1991529106894,1.24691482009336,1.32798917090864
Lubelskie,2021-07-31,,estimate,1.16541692619558,1.15325124252658,0.122305697556836,0.940885291477862,1.07072985663552,1.12880824427014,1.20000545173239,1.24729028594776,1.32167996815033
Lubelskie,2021-08-01,,estimate,1.1673574819393,1.15475681126255,0.119562490804561,0.947008331889095,1.07339989795978,1.13069834106602,1.20021013225984,1.24735441167679,1.31997270705453
Lubelskie,2021-08-02,,estimate,1.17004527856382,1.1565254766795,0.117125180172211,0.954654083071197,1.07629092908461,1.13561126767438,1.2002741205989,1.24688316231426,1.31664249419402
Lubelskie,2021-08-03,,estimate,1.17217247707746,1.15853399972875,0.114896393293701,0.961480019371929,1.07893353901738,1.13788799206018,1.20100690236274,1.24764534410681,1.31418203122091
Lubelskie,2021-08-04,,estimate,1.17388165512791,1.16075817950699,0.112780381774102,0.970031271730484,1.08352241979729,1.14234545883261,1.20423131468572,1.24779888614395,1.31202700252605
Lubelskie,2021-08-05,,estimate,1.17498901899795,1.16317395517789,0.110688377222469,0.972991050407496,1.08716221643256,1.14534819769509,1.2068734795774,1.24757926932895,1.31211107674271
Lubelskie,2021-08-06,,estimate,1.17755996700198,1.16575857965626,0.10854651920051,0.980741454473312,1.0894595802393,1.14613380649981,1.20770287946862,1.248139097075,1.31206281178624
Lubelskie,2021-08-07,,estimate,1.18122235148604,1.16849170928754,0.106304754613015,0.986663901987555,1.09727800349985,1.14787370494676,1.20909720648199,1.24913960079465,1.31133609032397
Lubelskie,2021-08-08,,estimate,1.18359668250039,1.17135617586824,0.103943752032134,0.993626654593985,1.10102023037172,1.15058749308206,1.20982449387484,1.24929016215843,1.31184625806272
Lubelskie,2021-08-09,,estimate,1.18429678702593,1.17433823166835,0.101477017317478,1.0060430130276,1.10594385160321,1.15462398902028,1.21188546439849,1.2494410926199,1.31489794445002
Lubelskie,2021-08-10,,estimate,1.18615374767332,1.1774271915449,0.098947134717406,1.0130127374484,1.11030607487239,1.15938692034036,1.21215575581434,1.24998624380401,1.31630662711493
Lubelskie,2021-08-11,,estimate,1.19020764500338,1.1806145731219,0.0964170521240336,1.02193325874264,1.11421497901889,1.16169526064337,1.21509548936854,1.25085875516494,1.31567056953137
Lubelskie,2021-08-12,,estimate,1.19355521155783,1.18389297085519,0.0939581631232433,1.03027223918974,1.12062332052988,1.1641052371274,1.21790294654416,1.25193212378229,1.31473029145154
Lubelskie,2021-08-13,,estimate,1.19673415857439,1.18725494881515,0.0916366404923295,1.03813355222904,1.12621166295298,1.16803496154374,1.21863777908629,1.25282173708834,1.31619497474915
Lubelskie,2021-08-14,,estimate,1.19953294403939,1.19069221234082,0.0894995207382962,1.04312226205427,1.13265074843383,1.17151343957498,1.2207534848082,1.253148180884,1.3152344325328
Lubelskie,2021-08-15,,estimate,1.20294861641538,1.19419525102806,0.0875635878124883,1.04831897375708,1.13629983438481,1.17703053998543,1.22317913614889,1.25511051983811,1.31518535704756
Lubelskie,2021-08-16,,estimate,1.20492624016493,1.19775354315089,0.0858120453912114,1.05430493164912,1.14208154725276,1.18214027378753,1.22739600652574,1.25638662489163,1.31473908680291
Lubelskie,2021-08-17,,estimate,1.20932770929758,1.20135626401605,0.0842030978410534,1.05854200502269,1.14741452569803,1.18643652067973,1.23026155186633,1.25787494651638,1.31470441117649
Lubelskie,2021-08-18,,estimate,1.21343946064939,1.20499326366572,0.0826888949402676,1.06687846245533,1.15283905394899,1.19076584149099,1.23315852486348,1.26057152234686,1.31837426148774
Lubelskie,2021-08-19,,estimate,1.21590793412402,1.20865594710005,0.0812357949773924,1.07272114798169,1.15829776920767,1.19493057520664,1.23540028613279,1.26315988167528,1.32083906611634
Lubelskie,2021-08-20,,estimate,1.21919543713645,1.21233770053651,0.079834372197103,1.07909510458352,1.16395634224135,1.19966275232691,1.23734294707921,1.26526160171882,1.32886139703972
Lubelskie,2021-08-21,,estimate,1.22191751901503,1.21603369193008,0.0784938739874324,1.08347719570446,1.16840654312145,1.20360924353055,1.23970453947408,1.26773701266511,1.33048441602075
Lubelskie,2021-08-22,,estimate,1.22528453151612,1.21974014406856,0.0772265661099358,1.08808088956229,1.17510341925801,1.20803964444176,1.24178913955448,1.26936905457136,1.3341095229414
Lubelskie,2021-08-23,,estimate,1.22768437285847,1.22345337759065,0.0760336306522513,1.09175967822893,1.17973414841608,1.21143533618498,1.24487092385297,1.27016591836909,1.33804831233437
Lubelskie,2021-08-24,,estimate,1.2308754437352,1.22716894652454,0.0749014106792861,1.09942099792784,1.1837068962471,1.21364772241218,1.24815790011675,1.27227690650445,1.34342189582637
Lubelskie,2021-08-25,,estimate,1.23330901987322,1.23088106213329,0.073808553042672,1.10791345935023,1.1880137452653,1.21692738721099,1.25062344132442,1.27602018311981,1.34741165433588
Lubelskie,2021-08-26,,estimate,1.2362993231982,1.23458232978029,0.0727380713347207,1.11580570959951,1.19193208665397,1.21958535528531,1.2532101168011,1.27835681950847,1.3535385153026
Lubelskie,2021-08-27,,estimate,1.23931519412254,1.23826371071246,0.0716871093100311,1.12469822212217,1.19552743996126,1.22312957248748,1.25528784373537,1.28052511006797,1.35487624317969
Lubelskie,2021-08-28,,estimate,1.24209624942535,1.24191460463155,0.0706699547836788,1.13034246611385,1.19893150663534,1.2264576908025,1.25780431259542,1.28237500661856,1.35938763599457
Lubelskie,2021-08-29,,estimate,1.24424970512576,1.2455230042624,0.0697137297777505,1.13344536911683,1.20431120429824,1.22994761234851,1.26070026911218,1.28428486663904,1.36420751766186
Lubelskie,2021-08-30,,estimate,1.24791665685043,1.24907574265924,0.0688492592423154,1.14134842573685,1.20916455324759,1.23245787355128,1.26255016769062,1.28760647713103,1.36539246552393
Lubelskie,2021-08-31,,estimate,1.25068786561944,1.25255888445555,0.0681011650978909,1.14776105178274,1.21287800069612,1.23632307751776,1.26477246803208,1.28845447341612,1.36748388832535
Lubelskie,2021-09-01,,estimate,1.25343823654141,1.25595828099081,0.0674810216322174,1.15114682342811,1.21516897736445,1.23936002308541,1.26700937633504,1.29181057500611,1.3740239156249
Lubelskie,2021-09-02,,estimate,1.25623243975532,1.25926023473963,0.0669856363780281,1.15688514049097,1.21902196102116,1.24172518440802,1.26976308227328,1.29384281848349,1.37832264458097
Lubelskie,2021-09-03,,estimate,1.25807828660832,1.26245214940054,0.0666000399777192,1.16172987731387,1.22284879805179,1.24568062702756,1.27301091500311,1.29584323917935,1.37621624917482
Lubelskie,2021-09-04,,estimate,1.26101676193745,1.26552302817504,0.066302892820112,1.16684755926165,1.22551288797817,1.2482855397542,1.27507123188452,1.2972651805302,1.3824312939819
Lubelskie,2021-09-05,,estimate,1.26355251202452,1.26846374242141,0.0660717413067221,1.17008665021144,1.22863369957347,1.25081914858789,1.27839688058519,1.29898052012899,1.38435697102369
Lubelskie,2021-09-06,,estimate,1.26585170099441,1.27126709556579,0.0658867836134251,1.17306093904033,1.23198886300678,1.25371393194626,1.27992350663439,1.30124384676796,1.38817407535819
Lubelskie,2021-09-07,,estimate,1.26876156982562,1.27392778764168,0.0657333198445351,1.17726338367841,1.23503178507377,1.25603256235999,1.28218437162288,1.3044615505616,1.39052014136314
Lubelskie,2021-09-08,,estimate,1.27107106493086,1.27644238771011,0.0656034992095208,1.18428157365194,1.23841196159906,1.25742221115495,1.28399909236895,1.30724083849991,1.39162659129919
Lubelskie,2021-09-09,,estimate,1.2720074175878,1.27880934316188,0.0654970444075157,1.18664129137137,1.24072349719301,1.26040694222582,1.28547908134927,1.31005603067214,1.39274096768572
Lubelskie,2021-09-10,,estimate,1.27426138791534,1.28102895878615,0.0654194705564621,1.1895586038069,1.24226808704622,1.2626346348306,1.28719898565167,1.31163974496537,1.39361714718322
Lubelskie,2021-09-11,,estimate,1.27708554077192,1.28310324672363,0.0653765879907698,1.19197056796401,1.24390322411583,1.26405541174022,1.28887405349652,1.31366674410544,1.39461095302284
Lubelskie,2021-09-12,,estimate,1.27835451057093,1.28503561610275,0.0653664314938107,1.19450456556393,1.24631039280125,1.26615467856494,1.29062711354632,1.31560433077196,1.39725211806915
Lubelskie,2021-09-13,,estimate,1.27987413187377,1.28683049101602,0.0653728121347244,1.19764020906338,1.2480413741471,1.26755686206808,1.29165683773623,1.31839088496733,1.40092738891241
Lubelskie,2021-09-14,,estimate,1.28116128793929,1.28849301878278,0.0653657094403248,1.19947845123088,1.24977355694267,1.26925158110043,1.29341268670338,1.3201094576336,1.40422080321067
Lubelskie,2021-09-15,,estimate,1.28184541141336,1.29002898387145,0.0653110102628958,1.20168437051746,1.2514417348563,1.27032040706807,1.29470971236283,1.32184645361286,1.40390283499476
Lubelskie,2021-09-16,,estimate,1.28329542445076,1.29144488972741,0.0651869499815508,1.20439133269577,1.25255741909494,1.27197152690951,1.29604659870172,1.32429010068363,1.40615274321468
Lubelskie,2021-09-17,,estimate,1.28450961908341,1.29274800661135,0.0650004056452489,1.20472622623017,1.25387044902324,1.2724089746677,1.2981364545514,1.3262035210364,1.40744168433084
Lubelskie,2021-09-18,,estimate,1.28574695304457,1.29394612257101,0.0647954577782149,1.20630068431467,1.25514207774036,1.27292165021408,1.29914241727075,1.32806343031597,1.40781142374986
Lubelskie,2021-09-19,,estimate,1.28682097998185,1.29504683680954,0.0646494703750209,1.20583536882009,1.25527504041644,1.27521024876866,1.30050438231797,1.33039220183702,1.40877131944006
Lubelskie,2021-09-20,,estimate,1.28840262736006,1.2960564685437,0.0646569476387721,1.20510192405082,1.25634490493371,1.27611151732309,1.3028857812724,1.33126750021256,1.4092136313515
Lubelskie,2021-09-21,,estimate,1.28929677023271,1.29697890888731,0.0649069457205907,1.20483860909963,1.25756745579197,1.2768018148097,1.30455406325386,1.3336775912857,1.41346714052444
Lubelskie,2021-09-22,,estimate,1.29054905805901,1.2978148805001,0.0654636826961354,1.2035126703797,1.25854670988495,1.27813630724306,1.30579280431512,1.33437132450322,1.41589198489398
Lubelskie,2021-09-23,,estimate,1.29122298651095,1.29856199996359,0.0663594995787853,1.20336179266062,1.25774084940576,1.2790439353494,1.30661283822699,1.33667324590475,1.41656065175206
Lubelskie,2021-09-24,,estimate,1.2927359619512,1.29921577919286,0.0676034463600954,1.20102595614997,1.25773149420814,1.27869336158473,1.30838533931989,1.3391904234813,1.41816130379701
Lubelskie,2021-09-25,,estimate,1.29375752257435,1.29977137951058,0.0692005256599253,1.1974566997108,1.25689798756915,1.27910786015333,1.31048205549172,1.33814871663046,1.42207716050363
Lubelskie,2021-09-26,,estimate,1.29380519825526,1.30022570144184,0.0711715030848742,1.19739798504865,1.25557282117965,1.27895518663184,1.31081708850622,1.33994224380473,1.42752428446271
Lubelskie,2021-09-27,,estimate,1.29418394786947,1.30057933998551,0.0735642560721631,1.19186735729159,1.25460268910932,1.27874489136258,1.31141397611329,1.34181956083428,1.43308392418722
Lubelskie,2021-09-28,,estimate,1.29502654510191,1.30083802534795,0.0764528519644928,1.18825332148857,1.25367968660875,1.27873955030206,1.31211745120099,1.34280725922803,1.43858562610763
Lubelskie,2021-09-29,,estimate,1.29530962713565,1.30101330281801,0.0799252683728517,1.18605099569972,1.25185351990287,1.27748959705914,1.31189842242004,1.34499348305298,1.44389211313831
Lubelskie,2021-09-30,,estimate,1.29532715257099,1.30112232420191,0.0840628824205832,1.17890454380434,1.25048256096999,1.27669048147239,1.31200506528311,1.34678266395338,1.44775696753357
Lubelskie,2021-10-01,,estimate based on partial data,1.29416336993711,1.30118675853314,0.0889169635829244,1.17187281107227,1.24793626734345,1.27436861971235,1.31268793953346,1.34891778482789,1.45564891910285
Lubelskie,2021-10-02,,estimate based on partial data,1.29348618617948,1.30123102692241,0.0944907280773687,1.16063758974989,1.24591675865518,1.27340204463578,1.31310042842064,1.35180554134429,1.46790615517434
Lubelskie,2021-10-03,,estimate based on partial data,1.29317100604663,1.30128027517729,0.100735686226067,1.15078021815203,1.24367670676114,1.27342544054578,1.3135938339707,1.35411995954803,1.4767525531912
Lubelskie,2021-10-04,,estimate based on partial data,1.2933343737017,1.30135858499644,0.107564309345179,1.13905522089679,1.2407602679815,1.27159485084276,1.31340893502921,1.35653671210901,1.48699572090566
Lubelskie,2021-10-05,,estimate based on partial data,1.29263384302686,1.3014878088109,0.11487221429468,1.12774094784599,1.23973331048592,1.27144631668316,1.31387952388385,1.35831658245602,1.49701666197109
Lubelskie,2021-10-06,,estimate based on partial data,1.29112078588818,1.30168715303041,0.122560109401314,1.11799589933626,1.23757204306776,1.27038727539091,1.3129916883567,1.36143820821333,1.50723526523689
Lubelskie,2021-10-07,,estimate based on partial data,1.2915189513483,1.3019733680282,0.130549780985742,1.10645317756281,1.23556899772297,1.27038257938149,1.3137850199538,1.36242023359432,1.51787534895773
Lubelskie,2021-10-08,,estimate based on partial data,1.29172817143634,1.30236123571357,0.138793892258321,1.09723883417962,1.23398995594033,1.26951780825144,1.31301449346412,1.36437341733829,1.53129896275137
Lubelskie,2021-10-09,,estimate based on partial data,1.29103451487373,1.30286400806873,0.147281529313927,1.09039310890609,1.233223730985,1.2691754831305,1.31358515183266,1.36572118870439,1.54037581643862
Lubelskie,2021-10-10,,estimate based on partial data,1.29031899239314,1.30349353140247,0.156040044573246,1.07440234870594,1.2322458862659,1.2684990200126,1.31499764044233,1.36663516521367,1.55362040118658
Lubelskie,2021-10-11,,estimate based on partial data,1.28972729009199,1.30425996399989,0.165131583666264,1.06001035910003,1.22966035050091,1.26838753977215,1.31597534304738,1.37004485073703,1.56388617270209
Lubelskie,2021-10-12,,estimate based on partial data,1.28879386846021,1.30517120631227,0.174642463626247,1.05334554797741,1.22673846970206,1.26653614566197,1.31605873336524,1.37436001310902,1.58283128614601
Lubelskie,2021-10-13,,estimate based on partial data,1.28844392556905,1.30623232580841,0.184666058461919,1.038424755297,1.22429969889,1.26596299175941,1.31630150815995,1.37850796982554,1.60413631745962
Lubelskie,2021-10-14,,estimate based on partial data,1.28760903984335,1.30744528224568,0.195283423055487,1.03061990684277,1.22197172094304,1.26592200991881,1.31551580900309,1.37822260839422,1.61600992487879
Lubelskie,2021-10-15,,estimate based on partial data,1.28725341745083,1.30880910996511,0.206547697393484,1.01552366843551,1.21959232931939,1.26573928081198,1.31634197443628,1.3809127111922,1.63750754403077
Lubelskie,2021-10-16,,estimate based on partial data,1.28682730781908,1.31032046302364,0.218476657560095,1.00693817979663,1.21776199824399,1.26492076536519,1.31740943052896,1.38441560285754,1.6533307155093
Lubelskie,2021-10-17,,estimate based on partial data,1.2860658053655,1.31197423321582,0.231053739751193,0.998443991596312,1.21458655961692,1.26443942895382,1.31758019595482,1.38467086428592,1.66922862063657
Lubelskie,2021-10-18,,estimate based on partial data,1.28715199005881,1.31376395224023,0.244234469969559,0.990674158727152,1.21204981807106,1.26327966759523,1.31851698774189,1.38483171498527,1.68576272674619
Lubelskie,2021-10-19,,forecast,1.28715199005881,1.31376395224023,0.244234469969559,0.990674158727152,1.21204981807106,1.26327966759523,1.31851698774189,1.38483171498527,1.68576272674619
Lubelskie,2021-10-20,,forecast,1.28715199005881,1.31376395224023,0.244234469969559,0.990674158727152,1.21204981807106,1.26327966759523,1.31851698774189,1.38483171498527,1.68576272674619
Lubelskie,2021-10-21,,forecast,1.28715199005881,1.31376395224023,0.244234469969559,0.990674158727152,1.21204981807106,1.26327966759523,1.31851698774189,1.38483171498527,1.68576272674619
Lubelskie,2021-10-22,,forecast,1.28715199005881,1.31376395224023,0.244234469969559,0.990674158727152,1.21204981807106,1.26327966759523,1.31851698774189,1.38483171498527,1.68576272674619
Lubelskie,2021-10-23,,forecast,1.28715199005881,1.31376395224023,0.244234469969559,0.990674158727152,1.21204981807106,1.26327966759523,1.31851698774189,1.38483171498527,1.68576272674619
Lubelskie,2021-10-24,,forecast,1.28715199005881,1.31376395224023,0.244234469969559,0.990674158727152,1.21204981807106,1.26327966759523,1.31851698774189,1.38483171498527,1.68576272674619
Lubelskie,2021-10-25,,forecast,1.28715199005881,1.31376395224023,0.244234469969559,0.990674158727152,1.21204981807106,1.26327966759523,1.31851698774189,1.38483171498527,1.68576272674619
Lubelskie,2021-10-26,,forecast,1.28715199005881,1.31376395224023,0.244234469969559,0.990674158727152,1.21204981807106,1.26327966759523,1.31851698774189,1.38483171498527,1.68576272674619
Lubelskie,2021-10-27,,forecast,1.28715199005881,1.31376395224023,0.244234469969559,0.990674158727152,1.21204981807106,1.26327966759523,1.31851698774189,1.38483171498527,1.68576272674619
Lubelskie,2021-10-28,,forecast,1.28715199005881,1.31376395224023,0.244234469969559,0.990674158727152,1.21204981807106,1.26327966759523,1.31851698774189,1.38483171498527,1.68576272674619
Lubelskie,2021-10-29,,forecast,1.28715199005881,1.31376395224023,0.244234469969559,0.990674158727152,1.21204981807106,1.26327966759523,1.31851698774189,1.38483171498527,1.68576272674619
Lubelskie,2021-10-30,,forecast,1.28715199005881,1.31376395224023,0.244234469969559,0.990674158727152,1.21204981807106,1.26327966759523,1.31851698774189,1.38483171498527,1.68576272674619
Lubelskie,2021-10-31,,forecast,1.28715199005881,1.31376395224023,0.244234469969559,0.990674158727152,1.21204981807106,1.26327966759523,1.31851698774189,1.38483171498527,1.68576272674619
Lubelskie,2021-11-01,,forecast,1.28715199005881,1.31376395224023,0.244234469969559,0.990674158727152,1.21204981807106,1.26327966759523,1.31851698774189,1.38483171498527,1.68576272674619
Lubelskie,2021-11-02,,forecast,1.28715199005881,1.31376395224023,0.244234469969559,0.990674158727152,1.21204981807106,1.26327966759523,1.31851698774189,1.38483171498527,1.68576272674619
Lubelskie,2021-11-03,,forecast,1.28715199005881,1.31376395224023,0.244234469969559,0.990674158727152,1.21204981807106,1.26327966759523,1.31851698774189,1.38483171498527,1.68576272674619
Lubelskie,2021-11-04,,forecast,1.28715199005881,1.31376395224023,0.244234469969559,0.990674158727152,1.21204981807106,1.26327966759523,1.31851698774189,1.38483171498527,1.68576272674619
Lubelskie,2021-11-05,,forecast,1.28715199005881,1.31376395224023,0.244234469969559,0.990674158727152,1.21204981807106,1.26327966759523,1.31851698774189,1.38483171498527,1.68576272674619
Lubelskie,2021-11-06,,forecast,1.28715199005881,1.31376395224023,0.244234469969559,0.990674158727152,1.21204981807106,1.26327966759523,1.31851698774189,1.38483171498527,1.68576272674619
Lubelskie,2021-11-07,,forecast,1.28715199005881,1.31376395224023,0.244234469969559,0.990674158727152,1.21204981807106,1.26327966759523,1.31851698774189,1.38483171498527,1.68576272674619
Lubelskie,2021-11-08,,forecast,1.28715199005881,1.31376395224023,0.244234469969559,0.990674158727152,1.21204981807106,1.26327966759523,1.31851698774189,1.38483171498527,1.68576272674619
Lubelskie,2021-11-09,,forecast,1.28715199005881,1.31376395224023,0.244234469969559,0.990674158727152,1.21204981807106,1.26327966759523,1.31851698774189,1.38483171498527,1.68576272674619
Lubelskie,2021-11-10,,forecast,1.28715199005881,1.31376395224023,0.244234469969559,0.990674158727152,1.21204981807106,1.26327966759523,1.31851698774189,1.38483171498527,1.68576272674619
Lubelskie,2021-11-11,,forecast,1.28715199005881,1.31376395224023,0.244234469969559,0.990674158727152,1.21204981807106,1.26327966759523,1.31851698774189,1.38483171498527,1.68576272674619
Lubelskie,2021-11-12,,forecast,1.28715199005881,1.31376395224023,0.244234469969559,0.990674158727152,1.21204981807106,1.26327966759523,1.31851698774189,1.38483171498527,1.68576272674619
Lubelskie,2021-11-13,,forecast,1.28715199005881,1.31376395224023,0.244234469969559,0.990674158727152,1.21204981807106,1.26327966759523,1.31851698774189,1.38483171498527,1.68576272674619
Lubelskie,2021-11-14,,forecast,1.28715199005881,1.31376395224023,0.244234469969559,0.990674158727152,1.21204981807106,1.26327966759523,1.31851698774189,1.38483171498527,1.68576272674619
Lubelskie,2021-11-15,,forecast,1.28715199005881,1.31376395224023,0.244234469969559,0.990674158727152,1.21204981807106,1.26327966759523,1.31851698774189,1.38483171498527,1.68576272674619
Lubelskie,2021-11-16,,forecast,1.28715199005881,1.31376395224023,0.244234469969559,0.990674158727152,1.21204981807106,1.26327966759523,1.31851698774189,1.38483171498527,1.68576272674619
Lubelskie,2021-11-17,,forecast,1.28715199005881,1.31376395224023,0.244234469969559,0.990674158727152,1.21204981807106,1.26327966759523,1.31851698774189,1.38483171498527,1.68576272674619
Lubuskie,2021-07-29,,estimate,1.03277530630349,1.05470678018549,0.141295195773043,0.85660282290394,0.960382540508566,1.00075709414523,1.06758448054371,1.13180340959867,1.32319201496086
Lubuskie,2021-07-30,,estimate,1.0347890083625,1.05347881025173,0.13661827881353,0.861943855127113,0.962495148136687,1.00162012320796,1.06627994529132,1.12961722957436,1.31158490742436
Lubuskie,2021-07-31,,estimate,1.03499586758408,1.05253650373871,0.1340194884143,0.861201340814651,0.962762305127039,1.00416637341108,1.06684721888694,1.12772967918804,1.30471668651032
Lubuskie,2021-08-01,,estimate,1.03699346276783,1.05183980238823,0.133091107449868,0.859252065918991,0.964580117823876,1.00577739119095,1.06548691827432,1.1255656511302,1.29458781796598
Lubuskie,2021-08-02,,estimate,1.03632006517065,1.05134389834945,0.133379020322978,0.858445870670135,0.964781209945139,1.00867926106472,1.06469138726356,1.12154925496121,1.288187633344
Lubuskie,2021-08-03,,estimate,1.03641720398544,1.05100106714215,0.134441232270501,0.859874018942933,0.964182988681612,1.00811668376196,1.06384462524558,1.11980387696967,1.28968270032938
Lubuskie,2021-08-04,,estimate,1.03663791834234,1.05076325202187,0.135903303935368,0.861961749685879,0.96425543034026,1.0077147015383,1.06284830431364,1.11753112385894,1.29603453728538
Lubuskie,2021-08-05,,estimate,1.03609426164198,1.05058439615256,0.137494709388795,0.859606147299135,0.963400854669819,1.00727231928378,1.06385405221079,1.11787776305751,1.29291759551758
Lubuskie,2021-08-06,,estimate,1.03594973404757,1.05042156476887,0.139059233645514,0.859927030262867,0.963007706077077,1.00642752746879,1.06286371142736,1.11534987827512,1.29403184449076
Lubuskie,2021-08-07,,estimate,1.03387516053767,1.05023428365387,0.140542213497682,0.861258395481256,0.963646038181422,1.00655297651623,1.06260477520278,1.1174285340446,1.29424045569944
Lubuskie,2021-08-08,,estimate,1.0335280696654,1.04998209453288,0.141961319940724,0.862301177699814,0.96415472179866,1.00558264939271,1.06061033637902,1.114378575705,1.29649196606817
Lubuskie,2021-08-09,,estimate,1.03234161057744,1.0496209609913,0.14336634605123,0.861430668400948,0.963809057509666,1.00469657790401,1.05958706658584,1.11475327871886,1.30011315451468
Lubuskie,2021-08-10,,estimate,1.03179349481953,1.04909974236946,0.144793735541033,0.858866611453684,0.961953752366544,1.00417711439185,1.05883500264902,1.11415831946392,1.29616599213833
Lubuskie,2021-08-11,,estimate,1.03140111673835,1.04835829935825,0.146226424871467,0.859952631451652,0.959450561418846,1.00307037774031,1.05704922858898,1.11646921014963,1.29594230739787
Lubuskie,2021-08-12,,estimate,1.0290204332707,1.04732861329672,0.14757413638988,0.85777714277663,0.958649739707533,1.00186203802581,1.05618440607848,1.11797004043516,1.29760885171316
Lubuskie,2021-08-13,,estimate,1.0267409090153,1.04593940411452,0.148686150098588,0.856074207283673,0.957355485264424,1.00017118541255,1.05344010955887,1.11558482437364,1.30730704551281
Lubuskie,2021-08-14,,estimate,1.02531987886117,1.04412333315644,0.149394683621152,0.849646107026551,0.954504944020701,0.997311960495266,1.05207048187223,1.10933391710803,1.31191648402496
Lubuskie,2021-08-15,,estimate,1.02422853771135,1.04182466520079,0.149568380635479,0.847617851506513,0.952916000428038,0.99489509552453,1.04942519167025,1.10493653718947,1.3098882119716
Lubuskie,2021-08-16,,estimate,1.0199945060506,1.03900502295521,0.149147005102201,0.843061782089986,0.949888056600303,0.991526134819046,1.04593506787134,1.10425196825512,1.31578832994224
Lubuskie,2021-08-17,,estimate,1.01538942742544,1.03564582608668,0.148141244015396,0.833859208889868,0.948232846483366,0.988272058387591,1.04294117629569,1.10082773303583,1.32009246493058
Lubuskie,2021-08-18,,estimate,1.01130920559332,1.03174754365095,0.146606716389339,0.827931072346305,0.945498305567836,0.985362153420143,1.04008514003984,1.09651321976542,1.31743809501742
Lubuskie,2021-08-19,,estimate,1.00723025452775,1.02732701979825,0.144616119216109,0.822427689490961,0.942392656603206,0.98189340554874,1.03648245919677,1.09153140513443,1.30699102297652
Lubuskie,2021-08-20,,estimate,1.00574757225755,1.02241433610597,0.14224664300142,0.820012601892905,0.939837874038784,0.977321366331875,1.0311233079272,1.087212974352,1.28661103250828
Lubuskie,2021-08-21,,estimate,1.002460151753,1.01705017923798,0.139582797694862,0.814510830701085,0.934516472540363,0.97568392563725,1.02725223758248,1.08107326499635,1.27903934835848
Lubuskie,2021-08-22,,estimate,0.998871262454785,1.01128404163966,0.136724865327466,0.811841991116664,0.929529422695467,0.972822053598694,1.02442567695292,1.07732023852051,1.26437991151165
Lubuskie,2021-08-23,,estimate,0.994432265187774,1.0051731479018,0.133794319666807,0.808999153780727,0.92542847557028,0.967393264117916,1.01968584378901,1.07120578598188,1.24572921122572
Lubuskie,2021-08-24,,estimate,0.990788893272344,0.998781814489195,0.13093211877659,0.79966622685338,0.921416516714711,0.964852868614486,1.01496910124336,1.06653521438414,1.23264915856804
Lubuskie,2021-08-25,,estimate,0.986698576037636,0.992180935665393,0.128287989439572,0.791026507323279,0.918606872730685,0.961932151595936,1.01017662620282,1.05904011901741,1.21924969114309
Lubuskie,2021-08-26,,estimate,0.982842796965185,0.985447371949258,0.12600055445402,0.780640651085393,0.914942803133431,0.956518541957226,1.00683179081951,1.05218347608016,1.20259725571979
Lubuskie,2021-08-27,,estimate,0.979361087815226,0.978663129586139,0.124173273235158,0.769849685806743,0.910789804401396,0.953254528812163,1.00248686311156,1.0448745420016,1.18511379017683
Lubuskie,2021-08-28,,estimate,0.973765539366024,0.9719142790872,0.122857579397295,0.764180776836447,0.905427128525408,0.947893420634404,0.99677903600302,1.0385638004585,1.16302977006424
Lubuskie,2021-08-29,,estimate,0.968885176223242,0.965289530191299,0.122054141792253,0.76181306973366,0.897883421081331,0.944448522556755,0.991734555736803,1.03263098333191,1.15350392598545
Lubuskie,2021-08-30,,estimate,0.964975810422826,0.958878317251358,0.121731617146465,0.75353827314204,0.893041069315088,0.940630811808919,0.988375667184125,1.0286301784574,1.14221990675952
Lubuskie,2021-08-31,,estimate,0.959739428055747,0.952768266995758,0.121848081367116,0.742585248060844,0.886902122801938,0.936206755185007,0.985342911304727,1.02477078900049,1.13037561961391
Lubuskie,2021-09-01,,estimate,0.955483579161585,0.947042088943176,0.122357859661442,0.737603133646646,0.883686048688386,0.933296020422035,0.981628942145389,1.02137782695559,1.11993161085919
Lubuskie,2021-09-02,,estimate,0.952285547060201,0.941774214377251,0.123199853883179,0.722475059777241,0.880888590808642,0.928518642230253,0.977479958938853,1.01793376933579,1.11416901777812
Lubuskie,2021-09-03,,estimate,0.947664562332927,0.937027797402962,0.124281421814076,0.712506783438724,0.875986602608409,0.924120857884646,0.97284784832847,1.0139465615303,1.10846182704278
Lubuskie,2021-09-04,,estimate,0.946956383821532,0.932852822814135,0.12547784753848,0.70615322701186,0.871433026932242,0.921120433688644,0.970999119188793,1.01163962887801,1.10666740098831
Lubuskie,2021-09-05,,estimate,0.944526238680557,0.92928589488295,0.126655200102882,0.703676186083331,0.86614514288491,0.917963246945887,0.968854040200284,1.00923339976748,1.10098659569203
Lubuskie,2021-09-06,,estimate,0.943360410013779,0.926351789577159,0.127705417559516,0.699948565601726,0.862103998371178,0.913715509935318,0.967910472145947,1.00894265337513,1.10036452119155
Lubuskie,2021-09-07,,estimate,0.940342856957237,0.924066225218862,0.128574367972332,0.69080163055278,0.859012387611055,0.911481097589684,0.967918861227198,1.00810690555171,1.0976606883767
Lubuskie,2021-09-08,,estimate,0.938732512251393,0.922438839692596,0.129271329290872,0.688621439049446,0.85713987981643,0.90990609006376,0.967107538796377,1.00793157408428,1.09857730567948
Lubuskie,2021-09-09,,estimate,0.934367050122131,0.921475270627075,0.129862006087089,0.687382544124223,0.854647288585979,0.909241726379965,0.966773090676763,1.00822794498109,1.09909796039429
Lubuskie,2021-09-10,,estimate,0.936685885034865,0.921177546297284,0.130455583311624,0.680786364005418,0.85346797894525,0.908507179603018,0.96636684097876,1.00855171273414,1.09963192796801
Lubuskie,2021-09-11,,estimate,0.93832788592407,0.921542579885802,0.131195358090292,0.68523481840121,0.852694305530891,0.909041977223964,0.965858411507277,1.01003991928798,1.10199815578012
Lubuskie,2021-09-12,,estimate,0.939787754286274,0.922559220728018,0.132253466550326,0.680370304474543,0.850114537920697,0.909257884278143,0.968522067574989,1.01135080065777,1.10469748784524
Lubuskie,2021-09-13,,estimate,0.942995104017352,0.924204881600409,0.133817169138232,0.673193484424354,0.850638692811991,0.90937930165173,0.970149115942436,1.01363069033914,1.11092601354554
Lubuskie,2021-09-14,,estimate,0.943856406138838,0.926443117748836,0.136047746989522,0.667383061230927,0.853273482993975,0.911554330608525,0.971534922952988,1.01468773066608,1.11876650651334
Lubuskie,2021-09-15,,estimate,0.945875332903895,0.929223536391235,0.139010402805082,0.668097924093548,0.856689290682095,0.914338541445973,0.973145730690091,1.01824248055294,1.11992009975347
Lubuskie,2021-09-16,,estimate,0.948274424595182,0.932484834874945,0.142614983153439,0.674277381620899,0.859273400870885,0.915096845638843,0.976373331720937,1.02115604093357,1.13223163710751
Lubuskie,2021-09-17,,estimate,0.949380405791296,0.936160564436283,0.146629518725676,0.681346189639756,0.86229210945654,0.920202755381504,0.979785424296682,1.0240116821647,1.1426626501436
Lubuskie,2021-09-18,,estimate,0.953072331157157,0.9401859638721,0.150783965212712,0.677964954861501,0.865077051714237,0.922543921171167,0.981839986775435,1.02872100998644,1.15114419197998
Lubuskie,2021-09-19,,estimate,0.956009394398409,0.944503828837353,0.15490476145648,0.672081821797986,0.865889136997538,0.926950060084061,0.988219991793997,1.03398299857693,1.16838702273002
Lubuskie,2021-09-20,,estimate,0.959459703851275,0.949068127987887,0.15900132177282,0.667668842597611,0.869239382835743,0.928541396478673,0.989480900800144,1.0396592704035,1.17704601415103
Lubuskie,2021-09-21,,estimate,0.963498638241278,0.953845096285624,0.163273964158811,0.668791631634218,0.870257365170463,0.930199699858481,0.994200190519263,1.04526764057626,1.19395763136034
Lubuskie,2021-09-22,,estimate,0.966829856880359,0.958812007145522,0.168055892766266,0.662389065142116,0.871606261115941,0.933708205414622,0.998087284354089,1.05183846235727,1.22277218643199
Lubuskie,2021-09-23,,estimate,0.9682950773836,0.963954053730192,0.17371351335079,0.658000867866272,0.873379711351689,0.935436011085255,1.00277952210169,1.05833648455827,1.24603063467619
Lubuskie,2021-09-24,,estimate,0.973525049207615,0.969260362756978,0.180546244293846,0.653805306704649,0.873941683171241,0.938275622877627,1.00773264721367,1.06723699494744,1.26215886713044
Lubuskie,2021-09-25,,estimate,0.976802035180088,0.974720651448441,0.188738762525874,0.65259925198165,0.875589232388994,0.939690766755215,1.0097146635578,1.07353283718403,1.28896313142814
Lubuskie,2021-09-26,,estimate,0.979847465459945,0.980323501195533,0.19838056240607,0.64702225800861,0.876330624067136,0.94331269177694,1.015201569442,1.08027878091694,1.30914197672379
Lubuskie,2021-09-27,,estimate,0.980497861355447,0.986055973413316,0.209511898221885,0.640000171229505,0.877458522456992,0.946887295161394,1.01863460810412,1.08555885211628,1.33630036209236
Lubuskie,2021-09-28,,estimate,0.981977044927207,0.991903668782672,0.22215032579338,0.631494556943962,0.878247865561066,0.948199320598176,1.02134194673764,1.09180328017856,1.37312249110125
Lubuskie,2021-09-29,,estimate,0.984475425040617,0.99785087173748,0.236289737181986,0.624379445629844,0.874754000769535,0.94781389691216,1.02309985503899,1.10156779753804,1.40733524692327
Lubuskie,2021-09-30,,estimate,0.9842227259038,1.00388125380923,0.251890052648947,0.612185683598177,0.876670686861241,0.949137319894265,1.02725404589919,1.10465423193414,1.44400877672131
Lubuskie,2021-10-01,,estimate based on partial data,0.983922661099345,1.00997962311612,0.268875587178014,0.603639358475025,0.876546491637028,0.948293890880187,1.02929343245822,1.11479084523703,1.48463124202504
Lubuskie,2021-10-02,,estimate based on partial data,0.985772101756652,1.01613424351222,0.287147374870027,0.595496163055667,0.873099177093878,0.948199531336537,1.03003533499796,1.12367440561147,1.53257239973415
Lubuskie,2021-10-03,,estimate based on partial data,0.986233099267343,1.02233822265129,0.306596959078868,0.585515953585824,0.869921775708217,0.948743941547936,1.03044226557495,1.12990122101811,1.59857229359626
Lubuskie,2021-10-04,,estimate based on partial data,0.986208020461227,1.02858862647023,0.327101451115918,0.57090641623453,0.868517101595161,0.948467517529597,1.02996801349627,1.13810263853901,1.65611228437079
Lubuskie,2021-10-05,,estimate based on partial data,0.986614242463472,1.0348836390267,0.348501266924405,0.562758606582573,0.866226436958917,0.947891265451588,1.03024867530768,1.14536802074727,1.71240970927954
Lubuskie,2021-10-06,,estimate based on partial data,0.986046793282756,1.04121996080325,0.370593194242286,0.551832545097066,0.863693629045855,0.945657925547622,1.03251027439422,1.14832575671678,1.7611911144766
Lubuskie,2021-10-07,,estimate based on partial data,0.986227078887285,1.04759293972547,0.393167805876991,0.545372467012735,0.859263313072789,0.943221299350388,1.03366682789718,1.15123897835228,1.79059379120147
Lubuskie,2021-10-08,,estimate based on partial data,0.986068056652981,1.05400032337946,0.41608174077457,0.540210315797229,0.857705393445079,0.942121315276674,1.03615116339158,1.15327680646004,1.84060352198423
Lubuskie,2021-10-09,,estimate based on partial data,0.987050619961311,1.06044839309087,0.439327982135087,0.532049100364021,0.854589513249194,0.941955075907945,1.03852912330144,1.15366351275511,1.88094230227258
Lubuskie,2021-10-10,,estimate based on partial data,0.988148897751916,1.06695804880906,0.463075872290736,0.52724661076499,0.85291366285157,0.942458467982685,1.04117714760734,1.15884388591758,1.90750146726327
Lubuskie,2021-10-11,,estimate based on partial data,0.987106768152108,1.0735684574391,0.487677126481916,0.519645329261214,0.85193484047446,0.940965183418721,1.03890680949888,1.16256777481842,1.93517725153334
Lubuskie,2021-10-12,,estimate based on partial data,0.986155545355182,1.08033670597426,0.513646994104311,0.51015648351033,0.850516282840346,0.941726456128792,1.04110859410675,1.16254951213249,1.98788131146406
Lubuskie,2021-10-13,,estimate based on partial data,0.986147110203634,1.0873331659701,0.541627533360554,0.49859844755946,0.850652719975162,0.939495528098091,1.04229751590802,1.16517659846005,2.01674846600761
Lubuskie,2021-10-14,,estimate based on partial data,0.986350436335167,1.09463375391256,0.572336554376132,0.487197521642216,0.84733216455705,0.94077406115433,1.0405155735913,1.17203737731825,2.05075727303251
Lubuskie,2021-10-15,,estimate based on partial data,0.986748646130386,1.10231144537458,0.606509391219737,0.482092076491608,0.843243038879464,0.938980390415257,1.03685300226451,1.17682754912779,2.09957651555007
Lubuskie,2021-10-16,,estimate based on partial data,0.987420152922049,1.11042958058753,0.644845786554681,0.470485436551629,0.839327811319703,0.93799421255146,1.03906846702604,1.17886773193477,2.13788167973279
Lubuskie,2021-10-17,,estimate based on partial data,0.986791426986608,1.11903846775874,0.68797224487261,0.468867837584574,0.839588227935196,0.938695004623718,1.03924402029179,1.18133939946126,2.19700401605295
Lubuskie,2021-10-18,,estimate based on partial data,0.985821691066282,1.12817513074292,0.736421038410636,0.464028249470109,0.837252838563819,0.938108903488852,1.03764150126293,1.17867322544834,2.24670203920729
Lubuskie,2021-10-19,,forecast,0.985821691066282,1.12817513074292,0.736421038410636,0.464028249470109,0.837252838563819,0.938108903488852,1.03764150126293,1.17867322544834,2.24670203920729
Lubuskie,2021-10-20,,forecast,0.985821691066282,1.12817513074292,0.736421038410636,0.464028249470109,0.837252838563819,0.938108903488852,1.03764150126293,1.17867322544834,2.24670203920729
Lubuskie,2021-10-21,,forecast,0.985821691066282,1.12817513074292,0.736421038410636,0.464028249470109,0.837252838563819,0.938108903488852,1.03764150126293,1.17867322544834,2.24670203920729
Lubuskie,2021-10-22,,forecast,0.985821691066282,1.12817513074292,0.736421038410636,0.464028249470109,0.837252838563819,0.938108903488852,1.03764150126293,1.17867322544834,2.24670203920729
Lubuskie,2021-10-23,,forecast,0.985821691066282,1.12817513074292,0.736421038410636,0.464028249470109,0.837252838563819,0.938108903488852,1.03764150126293,1.17867322544834,2.24670203920729
Lubuskie,2021-10-24,,forecast,0.985821691066282,1.12817513074292,0.736421038410636,0.464028249470109,0.837252838563819,0.938108903488852,1.03764150126293,1.17867322544834,2.24670203920729
Lubuskie,2021-10-25,,forecast,0.985821691066282,1.12817513074292,0.736421038410636,0.464028249470109,0.837252838563819,0.938108903488852,1.03764150126293,1.17867322544834,2.24670203920729
Lubuskie,2021-10-26,,forecast,0.985821691066282,1.12817513074292,0.736421038410636,0.464028249470109,0.837252838563819,0.938108903488852,1.03764150126293,1.17867322544834,2.24670203920729
Lubuskie,2021-10-27,,forecast,0.985821691066282,1.12817513074292,0.736421038410636,0.464028249470109,0.837252838563819,0.938108903488852,1.03764150126293,1.17867322544834,2.24670203920729
Lubuskie,2021-10-28,,forecast,0.985821691066282,1.12817513074292,0.736421038410636,0.464028249470109,0.837252838563819,0.938108903488852,1.03764150126293,1.17867322544834,2.24670203920729
Lubuskie,2021-10-29,,forecast,0.985821691066282,1.12817513074292,0.736421038410636,0.464028249470109,0.837252838563819,0.938108903488852,1.03764150126293,1.17867322544834,2.24670203920729
Lubuskie,2021-10-30,,forecast,0.985821691066282,1.12817513074292,0.736421038410636,0.464028249470109,0.837252838563819,0.938108903488852,1.03764150126293,1.17867322544834,2.24670203920729
Lubuskie,2021-10-31,,forecast,0.985821691066282,1.12817513074292,0.736421038410636,0.464028249470109,0.837252838563819,0.938108903488852,1.03764150126293,1.17867322544834,2.24670203920729
Lubuskie,2021-11-01,,forecast,0.985821691066282,1.12817513074292,0.736421038410636,0.464028249470109,0.837252838563819,0.938108903488852,1.03764150126293,1.17867322544834,2.24670203920729
Lubuskie,2021-11-02,,forecast,0.985821691066282,1.12817513074292,0.736421038410636,0.464028249470109,0.837252838563819,0.938108903488852,1.03764150126293,1.17867322544834,2.24670203920729
Lubuskie,2021-11-03,,forecast,0.985821691066282,1.12817513074292,0.736421038410636,0.464028249470109,0.837252838563819,0.938108903488852,1.03764150126293,1.17867322544834,2.24670203920729
Lubuskie,2021-11-04,,forecast,0.985821691066282,1.12817513074292,0.736421038410636,0.464028249470109,0.837252838563819,0.938108903488852,1.03764150126293,1.17867322544834,2.24670203920729
Lubuskie,2021-11-05,,forecast,0.985821691066282,1.12817513074292,0.736421038410636,0.464028249470109,0.837252838563819,0.938108903488852,1.03764150126293,1.17867322544834,2.24670203920729
Lubuskie,2021-11-06,,forecast,0.985821691066282,1.12817513074292,0.736421038410636,0.464028249470109,0.837252838563819,0.938108903488852,1.03764150126293,1.17867322544834,2.24670203920729
Lubuskie,2021-11-07,,forecast,0.985821691066282,1.12817513074292,0.736421038410636,0.464028249470109,0.837252838563819,0.938108903488852,1.03764150126293,1.17867322544834,2.24670203920729
Lubuskie,2021-11-08,,forecast,0.985821691066282,1.12817513074292,0.736421038410636,0.464028249470109,0.837252838563819,0.938108903488852,1.03764150126293,1.17867322544834,2.24670203920729
Lubuskie,2021-11-09,,forecast,0.985821691066282,1.12817513074292,0.736421038410636,0.464028249470109,0.837252838563819,0.938108903488852,1.03764150126293,1.17867322544834,2.24670203920729
Lubuskie,2021-11-10,,forecast,0.985821691066282,1.12817513074292,0.736421038410636,0.464028249470109,0.837252838563819,0.938108903488852,1.03764150126293,1.17867322544834,2.24670203920729
Lubuskie,2021-11-11,,forecast,0.985821691066282,1.12817513074292,0.736421038410636,0.464028249470109,0.837252838563819,0.938108903488852,1.03764150126293,1.17867322544834,2.24670203920729
Lubuskie,2021-11-12,,forecast,0.985821691066282,1.12817513074292,0.736421038410636,0.464028249470109,0.837252838563819,0.938108903488852,1.03764150126293,1.17867322544834,2.24670203920729
Lubuskie,2021-11-13,,forecast,0.985821691066282,1.12817513074292,0.736421038410636,0.464028249470109,0.837252838563819,0.938108903488852,1.03764150126293,1.17867322544834,2.24670203920729
Lubuskie,2021-11-14,,forecast,0.985821691066282,1.12817513074292,0.736421038410636,0.464028249470109,0.837252838563819,0.938108903488852,1.03764150126293,1.17867322544834,2.24670203920729
Lubuskie,2021-11-15,,forecast,0.985821691066282,1.12817513074292,0.736421038410636,0.464028249470109,0.837252838563819,0.938108903488852,1.03764150126293,1.17867322544834,2.24670203920729
Lubuskie,2021-11-16,,forecast,0.985821691066282,1.12817513074292,0.736421038410636,0.464028249470109,0.837252838563819,0.938108903488852,1.03764150126293,1.17867322544834,2.24670203920729
Lubuskie,2021-11-17,,forecast,0.985821691066282,1.12817513074292,0.736421038410636,0.464028249470109,0.837252838563819,0.938108903488852,1.03764150126293,1.17867322544834,2.24670203920729
Mazowieckie,2021-08-06,,estimate,1.15503165267232,1.1452626684507,0.122781808105921,0.92867283907539,1.07693315743965,1.12826477899126,1.17752755190488,1.21320537238637,1.34329271633409
Mazowieckie,2021-08-07,,estimate,1.15485435323614,1.14597294079942,0.117818340648579,0.935439255933783,1.08083668214831,1.12953647068926,1.17742475191696,1.21155419332604,1.3366226969812
Mazowieckie,2021-08-08,,estimate,1.15530643582154,1.14688970514321,0.113634124699651,0.945230109503997,1.08435579233327,1.13011348548374,1.17770801757202,1.21141584512126,1.33192050867191
Mazowieckie,2021-08-09,,estimate,1.1563892564508,1.14800553535998,0.110181263850838,0.954323885257327,1.08616085844934,1.13181044132264,1.17904579451241,1.21082613817687,1.32513878983638
Mazowieckie,2021-08-10,,estimate,1.15833595275525,1.14930695325423,0.107377876451541,0.96103896377406,1.08710639398025,1.13307334191609,1.179495482598,1.21075433024469,1.31843500440893
Mazowieckie,2021-08-11,,estimate,1.15990932574309,1.15077440083042,0.105114972747739,0.964794811092827,1.0910983829567,1.13432754999134,1.1797231153432,1.20983683051324,1.31423353797502
Mazowieckie,2021-08-12,,estimate,1.16085494156908,1.15238276048146,0.103267473500017,0.970855344164844,1.09211741887105,1.13665702307239,1.18091776626796,1.20946694537071,1.31316765083415
Mazowieckie,2021-08-13,,estimate,1.16114069145027,1.15410237857021,0.10170548540406,0.980949565827297,1.09624592998986,1.13875122576426,1.18206330288003,1.20968694848942,1.31374934881818
Mazowieckie,2021-08-14,,estimate,1.16262797886671,1.15590068887624,0.100302581813148,0.981581664997007,1.10144698366326,1.14180727723092,1.18288511177129,1.20898765690912,1.31243983413761
Mazowieckie,2021-08-15,,estimate,1.16365164942954,1.15774457483396,0.0989420211313268,0.987473693514366,1.1045292496475,1.14407128003632,1.18233384645073,1.20950610900059,1.31062739729986
Mazowieckie,2021-08-16,,estimate,1.16397824080376,1.15960342801102,0.0975255927880684,0.988483288920828,1.10835264428195,1.14616752164877,1.18289365708783,1.2103530660327,1.31246724394896
Mazowieckie,2021-08-17,,estimate,1.16513201814748,1.16145247657474,0.0959872927572675,0.993657636182829,1.11229056492574,1.14830824941834,1.18251437917319,1.2107869222753,1.31333587116977
Mazowieckie,2021-08-18,,estimate,1.16630646367966,1.16327559183409,0.0943058662518848,0.997170382626796,1.11286613316171,1.14999536475237,1.18343481707003,1.21076179686056,1.31309605771116
Mazowieckie,2021-08-19,,estimate,1.16783832297172,1.16506673682516,0.0925054712025323,1.00690582294272,1.11531737859855,1.15123852314297,1.18490329406225,1.2114588624773,1.31274495754007
Mazowieckie,2021-08-20,,estimate,1.16912703874047,1.16682962745219,0.090639680616736,1.01246880643281,1.11744683657008,1.15250822376107,1.1851078400214,1.21271151485546,1.31254557336667
Mazowieckie,2021-08-21,,estimate,1.17046213236772,1.16857582919164,0.0887661837091377,1.01799231840615,1.12056878286166,1.15392939968185,1.18641294081306,1.21361065327768,1.31320072142791
Mazowieckie,2021-08-22,,estimate,1.17117443164899,1.17032201367479,0.086926144165144,1.02603735693451,1.12385884716585,1.15464145612377,1.18642643175355,1.21341714742092,1.31316827192912
Mazowieckie,2021-08-23,,estimate,1.17249865402071,1.1720871781268,0.0851379847008586,1.03630738506908,1.12576775174972,1.15679454685172,1.18704880882435,1.21469128932548,1.31411971709422
Mazowieckie,2021-08-24,,estimate,1.17351536653785,1.17389032169837,0.0834056645886789,1.04140775087981,1.12853315761939,1.15862597948105,1.18707536133674,1.2157740070547,1.3142216022426
Mazowieckie,2021-08-25,,estimate,1.17447430653499,1.17574863702349,0.0817340166097606,1.04718085062309,1.13200168550345,1.15962361984465,1.18789743210641,1.21729853890288,1.3170159643874
Mazowieckie,2021-08-26,,estimate,1.17624288604833,1.17767599468041,0.0801416037971477,1.05359125704699,1.13457295945913,1.16167802204276,1.18916466481807,1.21805142307693,1.31743770714871
Mazowieckie,2021-08-27,,estimate,1.17757984596257,1.17968151031094,0.0786641461438402,1.05876882039008,1.13726729205205,1.16288094263145,1.19195376247608,1.22075357941178,1.31623424908347
Mazowieckie,2021-08-28,,estimate,1.17853490978704,1.18176822089989,0.0773470919440235,1.06137847104801,1.13929105377393,1.16347912055331,1.19285970657021,1.22289393479079,1.31710601194592
Mazowieckie,2021-08-29,,estimate,1.17917511042417,1.18393214176676,0.0762320852605183,1.06381821814626,1.14291029883205,1.16550474654998,1.19466312940418,1.22449485263712,1.31597014329452
Mazowieckie,2021-08-30,,estimate,1.18092289599109,1.18616201880415,0.0753458730326974,1.07072630006082,1.14465357020604,1.16599724049477,1.19580700185741,1.22520601004315,1.31701815128598
Mazowieckie,2021-08-31,,estimate,1.18214535677605,1.18843987853976,0.0746989596109499,1.07669770471969,1.14698241929741,1.16798789967693,1.19652711481074,1.22634651307603,1.32034438730728
Mazowieckie,2021-09-01,,estimate,1.18389478176711,1.19074214774677,0.0742950061873181,1.08462984173414,1.1479659785507,1.17048822869681,1.19795480263667,1.2273150254931,1.32009905749769
Mazowieckie,2021-09-02,,estimate,1.18503319957954,1.19304088166734,0.0741443089799642,1.09022912484933,1.14929629477329,1.17182083005748,1.20006046190044,1.22869939335773,1.32436775924009
Mazowieckie,2021-09-03,,estimate,1.18651488814434,1.19530464942544,0.0742710664587316,1.09468361807729,1.15128305249296,1.17318184194662,1.20238725969802,1.22964388399363,1.32567491553841
Mazowieckie,2021-09-04,,estimate,1.18844718470606,1.1974988620311,0.0747072619447533,1.09949677629637,1.15246342720029,1.1750747007752,1.20385260949087,1.23084284575797,1.33192655304164
Mazowieckie,2021-09-05,,estimate,1.19074327714509,1.19958565050873,0.0754737459189888,1.10078868272599,1.15390071889027,1.17626121055825,1.20537485674984,1.23128763412941,1.33535378451992
Mazowieckie,2021-09-06,,estimate,1.19160956742248,1.20152364640154,0.0765567247321919,1.10520020602256,1.15557889459811,1.17725777212326,1.2060875356606,1.23380396543025,1.34164703491603
Mazowieckie,2021-09-07,,estimate,1.19254297835979,1.20326809109174,0.0778913217297519,1.10659263032579,1.15700932258262,1.17807249399231,1.20662957514341,1.23454753741936,1.34148239175845
Mazowieckie,2021-09-08,,estimate,1.19416855057448,1.20477159889989,0.0793617481318348,1.10671633857088,1.15722918771989,1.17948561528677,1.20711532502643,1.23609622998075,1.34408251126676
Mazowieckie,2021-09-09,,estimate,1.19459444768231,1.20598567405467,0.0808209234578195,1.10691102014143,1.15769124526189,1.17996038027039,1.2089986807766,1.23651189531999,1.34926036029357
Mazowieckie,2021-09-10,,estimate,1.1951174500903,1.20686281923695,0.0821235210633978,1.10822665767241,1.15759583126047,1.18060529255899,1.20881713437508,1.23609729284819,1.35587620440855
Mazowieckie,2021-09-11,,estimate,1.1948359660891,1.20735888541645,0.0831589240732182,1.10839124437998,1.15718233544115,1.18131858059381,1.20956052642054,1.23756330278307,1.36036436798282
Mazowieckie,2021-09-12,,estimate,1.19435448484141,1.20743530017903,0.0838690779920333,1.10841067143605,1.15684868087266,1.18048722347539,1.2083968981758,1.23819138578232,1.36212931855956
Mazowieckie,2021-09-13,,estimate,1.19422495444483,1.2070609845072,0.0842436484014541,1.10564431607903,1.15631529555446,1.18004496959001,1.20798420195444,1.23842964039786,1.36067017424415
Mazowieckie,2021-09-14,,estimate,1.19310832388714,1.20621399922523,0.0842982078842449,1.10208632482153,1.15650290093981,1.17978165489709,1.20772598943564,1.23831486121716,1.3596435608498
Mazowieckie,2021-09-15,,estimate,1.19228091547601,1.20488306522493,0.0840515792590405,1.09888720428034,1.15501003370849,1.17880477983276,1.20688045443503,1.23709407362311,1.35595499608462
Mazowieckie,2021-09-16,,estimate,1.19130022270724,1.2030689853468,0.0835181401555978,1.09797405668698,1.15453570947911,1.17700378421834,1.20621891047757,1.23461540988138,1.35006978330466
Mazowieckie,2021-09-17,,estimate,1.18998499285017,1.2007857491961,0.0827202185338786,1.09403284484174,1.15250086832888,1.17661495539293,1.20541234932745,1.23467714113593,1.34938386166252
Mazowieckie,2021-09-18,,estimate,1.1879547501234,1.19806091890444,0.0817128372385584,1.08911533809039,1.15075286688587,1.17382606488522,1.2037733115391,1.23107622565833,1.34079088973478
Mazowieckie,2021-09-19,,estimate,1.18573370383377,1.19493491749625,0.0806062326131335,1.08550059832531,1.14912846647545,1.17250441390097,1.20224221931599,1.22973915228984,1.33478414236249
Mazowieckie,2021-09-20,,estimate,1.18394000986429,1.19145907339238,0.0795730315286821,1.07929478201592,1.14480261755709,1.16918979109251,1.19978464963772,1.22853838797897,1.32585468084798
Mazowieckie,2021-09-21,,estimate,1.1819931335066,1.18769259977167,0.0788341234576335,1.07215740396549,1.14110812477601,1.16688290573436,1.19744694619257,1.22621838551641,1.32079871123066
Mazowieckie,2021-09-22,,estimate,1.17934920088017,1.18369896259388,0.0786264092091178,1.06273944800515,1.13802887198052,1.16542988478154,1.19579135133126,1.22415505200281,1.31487679956334
Mazowieckie,2021-09-23,,estimate,1.17656424461721,1.17954221870587,0.0791630143691655,1.05512558170757,1.13393284444796,1.16237494012243,1.19275544185437,1.22186506266101,1.31002617299601
Mazowieckie,2021-09-24,,estimate,1.17448653849746,1.17528386832501,0.080598834038884,1.04739217960042,1.12893571655112,1.15956592500695,1.19045526130341,1.22050178452879,1.30776899409477
Mazowieckie,2021-09-25,,estimate,1.17310769790761,1.17098061749804,0.0830108319388237,1.03915929856753,1.12412195925603,1.15647552985813,1.18856126551731,1.21845053533404,1.29960235058339
Mazowieckie,2021-09-26,,estimate,1.1708830549661,1.16668325789811,0.086396432842038,1.02695910324032,1.11918120457316,1.15427260423169,1.18739022835762,1.21736303581548,1.29974469134963
Mazowieckie,2021-09-27,,estimate,1.16832048992864,1.16243667732774,0.0906877799314552,1.01457418841341,1.11441033607831,1.15040850256363,1.1850040118945,1.21494490265783,1.29871801812286
Mazowieckie,2021-09-28,,estimate,1.16592638949431,1.15828080875004,0.0957753599781328,0.998872420103708,1.10912900802165,1.1463345106832,1.1832080228878,1.2136276967925,1.30184080406441
Mazowieckie,2021-09-29,,estimate,1.16376995935966,1.15425212160691,0.101532316526077,0.986396917200982,1.10375637378466,1.14288945034081,1.18190370795947,1.21293738290412,1.30718415840749
Mazowieckie,2021-09-30,,estimate,1.16207998905796,1.15038512722192,0.107832398102486,0.966446050977365,1.09691189986303,1.14098056403453,1.18087294077232,1.21283984924431,1.31204061040121
Mazowieckie,2021-10-01,,estimate based on partial data,1.16117961162275,1.14671339433751,0.11455935181145,0.943498213492936,1.09190981028563,1.13779211355951,1.17943099434318,1.21206477472928,1.31598113485894
Mazowieckie,2021-10-02,,estimate based on partial data,1.15987357403085,1.14326976533187,0.121610027350302,0.924093876627102,1.08599837272625,1.13476563165616,1.1782689293581,1.21357703920105,1.31894753904826
Mazowieckie,2021-10-03,,estimate based on partial data,1.15814626670555,1.14008574544539,0.128894733095732,0.905520137597866,1.08094097562625,1.13303167750169,1.17739165388954,1.21442885396455,1.32185893697451
Mazowieckie,2021-10-04,,estimate based on partial data,1.15743929107213,1.13719028322171,0.136337235603987,0.889177017627775,1.07522189900228,1.1318173753589,1.17713786899054,1.21578593509695,1.32840259983134
Mazowieckie,2021-10-05,,estimate based on partial data,1.15595847361139,1.13460828457065,0.143875470667916,0.870922436209152,1.06907545745086,1.12964853180871,1.17753789456576,1.21588795162015,1.33594954136051
Mazowieckie,2021-10-06,,estimate based on partial data,1.15483301498752,1.13235919263228,0.151463379822584,0.858579261185594,1.06337099425804,1.12781640638614,1.1777610784509,1.21723765375794,1.34580758787779
Mazowieckie,2021-10-07,,estimate based on partial data,1.1545752540869,1.13045586986464,0.159073701577548,0.841046896754017,1.05860901641556,1.12591964120212,1.17792981613636,1.21981249016475,1.35151179992562
Mazowieckie,2021-10-08,,estimate based on partial data,1.1521394312734,1.12890391269286,0.166700681425183,0.823872780320149,1.05774966287017,1.12514277920237,1.17788282448396,1.22171813422854,1.35996388664681
Mazowieckie,2021-10-09,,estimate based on partial data,1.1525456073087,1.12770146844674,0.174361091777953,0.816679796876954,1.05639581964915,1.12402209892683,1.17772682615418,1.22225347118069,1.36411300348879
Mazowieckie,2021-10-10,,estimate based on partial data,1.15183655222128,1.12683960587987,0.182092361608424,0.801205622497215,1.05228282356687,1.12383987169226,1.17885838352869,1.22241666002743,1.37143909539583
Mazowieckie,2021-10-11,,estimate based on partial data,1.15208622667051,1.1263032532642,0.189947818934426,0.788419170987872,1.04776586545535,1.12283982244054,1.17854772182489,1.2218719351164,1.38110908129429
Mazowieckie,2021-10-12,,estimate based on partial data,1.15297593331412,1.12607260691563,0.197990084432275,0.773201585613719,1.04500905031858,1.12057118350428,1.17892347773588,1.2235581875778,1.38996439898546
Mazowieckie,2021-10-13,,estimate based on partial data,1.15306089504275,1.12612475886904,0.20628393108324,0.75725847884525,1.04318364363825,1.11938549067644,1.17941058661023,1.22516677502796,1.40036368736382
Mazowieckie,2021-10-14,,estimate based on partial data,1.15299960366589,1.12643521097798,0.214889798085254,0.741739253396492,1.04087928810548,1.11890519418787,1.18055988752913,1.22753072623866,1.41684184162615
Mazowieckie,2021-10-15,,estimate based on partial data,1.15208626113753,1.12697902545461,0.223858990951082,0.728135673509783,1.03834190914786,1.11783536483871,1.18101600990078,1.22968037834345,1.42923279686196
Mazowieckie,2021-10-16,,estimate based on partial data,1.15261860492586,1.12773157163724,0.233231044716341,0.713037943575739,1.03672413369042,1.11743983418958,1.18199143176224,1.23153600037455,1.44525038410145
Mazowieckie,2021-10-17,,estimate based on partial data,1.15230806320502,1.12866902609274,0.243032559753704,0.692525884191818,1.03120362555944,1.11730689124445,1.18267843609163,1.23482413648051,1.45350294352655
Mazowieckie,2021-10-18,,estimate based on partial data,1.15206641718035,1.12976884950721,0.253275937131215,0.688147984451746,1.0300054537666,1.11565855541942,1.18360219423261,1.23690742306174,1.46643778879004
Mazowieckie,2021-10-19,,forecast,1.15206641718035,1.12976884950721,0.253275937131215,0.688147984451746,1.0300054537666,1.11565855541942,1.18360219423261,1.23690742306174,1.46643778879004
Mazowieckie,2021-10-20,,forecast,1.15206641718035,1.12976884950721,0.253275937131215,0.688147984451746,1.0300054537666,1.11565855541942,1.18360219423261,1.23690742306174,1.46643778879004
Mazowieckie,2021-10-21,,forecast,1.15206641718035,1.12976884950721,0.253275937131215,0.688147984451746,1.0300054537666,1.11565855541942,1.18360219423261,1.23690742306174,1.46643778879004
Mazowieckie,2021-10-22,,forecast,1.15206641718035,1.12976884950721,0.253275937131215,0.688147984451746,1.0300054537666,1.11565855541942,1.18360219423261,1.23690742306174,1.46643778879004
Mazowieckie,2021-10-23,,forecast,1.15206641718035,1.12976884950721,0.253275937131215,0.688147984451746,1.0300054537666,1.11565855541942,1.18360219423261,1.23690742306174,1.46643778879004
Mazowieckie,2021-10-24,,forecast,1.15206641718035,1.12976884950721,0.253275937131215,0.688147984451746,1.0300054537666,1.11565855541942,1.18360219423261,1.23690742306174,1.46643778879004
Mazowieckie,2021-10-25,,forecast,1.15206641718035,1.12976884950721,0.253275937131215,0.688147984451746,1.0300054537666,1.11565855541942,1.18360219423261,1.23690742306174,1.46643778879004
Mazowieckie,2021-10-26,,forecast,1.15206641718035,1.12976884950721,0.253275937131215,0.688147984451746,1.0300054537666,1.11565855541942,1.18360219423261,1.23690742306174,1.46643778879004
Mazowieckie,2021-10-27,,forecast,1.15206641718035,1.12976884950721,0.253275937131215,0.688147984451746,1.0300054537666,1.11565855541942,1.18360219423261,1.23690742306174,1.46643778879004
Mazowieckie,2021-10-28,,forecast,1.15206641718035,1.12976884950721,0.253275937131215,0.688147984451746,1.0300054537666,1.11565855541942,1.18360219423261,1.23690742306174,1.46643778879004
Mazowieckie,2021-10-29,,forecast,1.15206641718035,1.12976884950721,0.253275937131215,0.688147984451746,1.0300054537666,1.11565855541942,1.18360219423261,1.23690742306174,1.46643778879004
Mazowieckie,2021-10-30,,forecast,1.15206641718035,1.12976884950721,0.253275937131215,0.688147984451746,1.0300054537666,1.11565855541942,1.18360219423261,1.23690742306174,1.46643778879004
Mazowieckie,2021-10-31,,forecast,1.15206641718035,1.12976884950721,0.253275937131215,0.688147984451746,1.0300054537666,1.11565855541942,1.18360219423261,1.23690742306174,1.46643778879004
Mazowieckie,2021-11-01,,forecast,1.15206641718035,1.12976884950721,0.253275937131215,0.688147984451746,1.0300054537666,1.11565855541942,1.18360219423261,1.23690742306174,1.46643778879004
Mazowieckie,2021-11-02,,forecast,1.15206641718035,1.12976884950721,0.253275937131215,0.688147984451746,1.0300054537666,1.11565855541942,1.18360219423261,1.23690742306174,1.46643778879004
Mazowieckie,2021-11-03,,forecast,1.15206641718035,1.12976884950721,0.253275937131215,0.688147984451746,1.0300054537666,1.11565855541942,1.18360219423261,1.23690742306174,1.46643778879004
Mazowieckie,2021-11-04,,forecast,1.15206641718035,1.12976884950721,0.253275937131215,0.688147984451746,1.0300054537666,1.11565855541942,1.18360219423261,1.23690742306174,1.46643778879004
Mazowieckie,2021-11-05,,forecast,1.15206641718035,1.12976884950721,0.253275937131215,0.688147984451746,1.0300054537666,1.11565855541942,1.18360219423261,1.23690742306174,1.46643778879004
Mazowieckie,2021-11-06,,forecast,1.15206641718035,1.12976884950721,0.253275937131215,0.688147984451746,1.0300054537666,1.11565855541942,1.18360219423261,1.23690742306174,1.46643778879004
Mazowieckie,2021-11-07,,forecast,1.15206641718035,1.12976884950721,0.253275937131215,0.688147984451746,1.0300054537666,1.11565855541942,1.18360219423261,1.23690742306174,1.46643778879004
Mazowieckie,2021-11-08,,forecast,1.15206641718035,1.12976884950721,0.253275937131215,0.688147984451746,1.0300054537666,1.11565855541942,1.18360219423261,1.23690742306174,1.46643778879004
Mazowieckie,2021-11-09,,forecast,1.15206641718035,1.12976884950721,0.253275937131215,0.688147984451746,1.0300054537666,1.11565855541942,1.18360219423261,1.23690742306174,1.46643778879004
Mazowieckie,2021-11-10,,forecast,1.15206641718035,1.12976884950721,0.253275937131215,0.688147984451746,1.0300054537666,1.11565855541942,1.18360219423261,1.23690742306174,1.46643778879004
Mazowieckie,2021-11-11,,forecast,1.15206641718035,1.12976884950721,0.253275937131215,0.688147984451746,1.0300054537666,1.11565855541942,1.18360219423261,1.23690742306174,1.46643778879004
Mazowieckie,2021-11-12,,forecast,1.15206641718035,1.12976884950721,0.253275937131215,0.688147984451746,1.0300054537666,1.11565855541942,1.18360219423261,1.23690742306174,1.46643778879004
Mazowieckie,2021-11-13,,forecast,1.15206641718035,1.12976884950721,0.253275937131215,0.688147984451746,1.0300054537666,1.11565855541942,1.18360219423261,1.23690742306174,1.46643778879004
Mazowieckie,2021-11-14,,forecast,1.15206641718035,1.12976884950721,0.253275937131215,0.688147984451746,1.0300054537666,1.11565855541942,1.18360219423261,1.23690742306174,1.46643778879004
Mazowieckie,2021-11-15,,forecast,1.15206641718035,1.12976884950721,0.253275937131215,0.688147984451746,1.0300054537666,1.11565855541942,1.18360219423261,1.23690742306174,1.46643778879004
Mazowieckie,2021-11-16,,forecast,1.15206641718035,1.12976884950721,0.253275937131215,0.688147984451746,1.0300054537666,1.11565855541942,1.18360219423261,1.23690742306174,1.46643778879004
Mazowieckie,2021-11-17,,forecast,1.15206641718035,1.12976884950721,0.253275937131215,0.688147984451746,1.0300054537666,1.11565855541942,1.18360219423261,1.23690742306174,1.46643778879004
Małopolskie,2021-07-28,,estimate,1.16963114310052,1.1694262129136,0.141839043960104,0.927627394848791,1.08898778655908,1.14365710267693,1.19610239444593,1.24759827044053,1.40318416479594
Małopolskie,2021-07-29,,estimate,1.17182467661384,1.17147465972641,0.137336230076929,0.939200918305074,1.09429851630121,1.14646848703174,1.1977624951143,1.24760196829643,1.40102287418015
Małopolskie,2021-07-30,,estimate,1.17501524387794,1.17392787947393,0.133607301426781,0.950709980304279,1.10121163696362,1.1491768496109,1.19784879266194,1.24783452666544,1.39939538581072
Małopolskie,2021-07-31,,estimate,1.1773733020584,1.17676045449164,0.130576105744429,0.962295974956452,1.10626229322558,1.1500582949637,1.20114101876934,1.24912427382417,1.3982231050028
Małopolskie,2021-08-01,,estimate,1.17976494092485,1.17993563311378,0.128140329313109,0.971336150724457,1.111318215541,1.15481815428027,1.20305676245239,1.24937116266311,1.40145265337097
Małopolskie,2021-08-02,,estimate,1.18215783165456,1.18340750980291,0.126190845513737,0.978859466008743,1.11428742203882,1.1572893473228,1.20410181238675,1.25150608190678,1.4029532795234
Małopolskie,2021-08-03,,estimate,1.18449588072536,1.18712338072062,0.124635747237884,0.987744775421884,1.11810179691346,1.16054543041639,1.20745383899551,1.25236791284531,1.40653993196812
Małopolskie,2021-08-04,,estimate,1.18694724176533,1.19102570804695,0.123411666555518,0.998587486294554,1.12103563892936,1.16394869661512,1.20930329485279,1.2552273220808,1.40581997795169
Małopolskie,2021-08-05,,estimate,1.19003019954906,1.19505364392854,0.122475474857434,1.00215542143464,1.12737184338427,1.16624291729585,1.21396831833282,1.25825826567981,1.40905094611737
Małopolskie,2021-08-06,,estimate,1.19219271846949,1.19914445509975,0.121784831521645,1.00866156276535,1.13165842933923,1.16905429676428,1.21598274419734,1.26275051936651,1.41588366721396
Małopolskie,2021-08-07,,estimate,1.19459130613234,1.20323519106489,0.12128218998352,1.01799900967557,1.13524634112513,1.17094265351854,1.21746798832211,1.26572590684799,1.42062060472151
Małopolskie,2021-08-08,,estimate,1.19651623693281,1.20726464276223,0.120891222080412,1.02627959366779,1.13900837811864,1.17578279388823,1.22009261309352,1.26947030153171,1.42108350945211
Małopolskie,2021-08-09,,estimate,1.19997503666669,1.21117534128539,0.120525092710544,1.03333432216318,1.14206779941388,1.17901053015951,1.22136022947699,1.27277119267232,1.42135449482004
Małopolskie,2021-08-10,,estimate,1.20271568486813,1.21491526371513,0.120100331256289,1.04528533403729,1.1441900171908,1.18157919901795,1.22413990737415,1.27516150782501,1.42416818137467
Małopolskie,2021-08-11,,estimate,1.20476505388398,1.21843904107262,0.119549697418113,1.05121604056072,1.14758111061377,1.1834154844179,1.22697211369955,1.27660941801488,1.42768903119502
Małopolskie,2021-08-12,,estimate,1.20629874284372,1.22170865414669,0.118829733741137,1.05969743197298,1.14968011397808,1.18458737189692,1.2293321571873,1.2778375543678,1.42978127569444
Małopolskie,2021-08-13,,estimate,1.2077260317348,1.22469372555217,0.117921337401544,1.06834206736033,1.15296942753592,1.18726611296786,1.23130798407728,1.28222571966567,1.43198561152938
Małopolskie,2021-08-14,,estimate,1.20993326196401,1.22737154021923,0.116824340362799,1.07238404353228,1.15491329766146,1.1885643090745,1.23376544122114,1.28355339969265,1.44266564123778
Małopolskie,2021-08-15,,estimate,1.210631958784,1.22972688758389,0.11554964410763,1.07528174004694,1.15760863903577,1.19003414474279,1.23587666274788,1.28407731903471,1.44231314288009
Małopolskie,2021-08-16,,estimate,1.2123067401495,1.23175174981926,0.114113522047499,1.08099194621658,1.1593938997418,1.19232758948204,1.23702019666326,1.28561130299331,1.44332532327903
Małopolskie,2021-08-17,,estimate,1.21284715019426,1.23344477393861,0.112536832206925,1.08250895825507,1.16158164777076,1.19308390987127,1.23849119043612,1.28508008470485,1.44516147652309
Małopolskie,2021-08-18,,estimate,1.21401043622982,1.23481038773479,0.110847926691105,1.08976734354571,1.16380860200236,1.19429598727919,1.23877831974081,1.28647019402935,1.44667795402891
Małopolskie,2021-08-19,,estimate,1.21479562102957,1.23585740526487,0.109085211467485,1.09589728934572,1.16588695296624,1.19502353178757,1.23998063758586,1.28555681411873,1.44181547063484
Małopolskie,2021-08-20,,estimate,1.21525732710491,1.23659705804781,0.107296091196031,1.09853805180453,1.16826813929247,1.19586638980159,1.24064407439087,1.2856316850504,1.43765496957869
Małopolskie,2021-08-21,,estimate,1.21659147930862,1.2370405578129,0.105532375564622,1.10183764619345,1.16903716054442,1.197042598987,1.24113542943891,1.28386017074711,1.44223007138074
Małopolskie,2021-08-22,,estimate,1.21732851845814,1.23719646280725,0.10384462243051,1.10453511794685,1.16979534638504,1.19768791902435,1.24155621644288,1.28516765362654,1.43921242348511
Małopolskie,2021-08-23,,estimate,1.21719940845,1.23706821136434,0.10227730344089,1.10681122841159,1.17000873089665,1.19730874949112,1.24147647040059,1.28491938675209,1.43913912766926
Małopolskie,2021-08-24,,estimate,1.21691805296436,1.23665219381633,0.100864470862563,1.10862118479308,1.16998916862501,1.196574271291,1.24030883249954,1.28451825586725,1.43336711996447
Małopolskie,2021-08-25,,estimate,1.21754359584619,1.23593668710848,0.0996245441362072,1.10843982648389,1.17050145607772,1.19698473981521,1.23965759941066,1.28314043222814,1.42852681760824
Małopolskie,2021-08-26,,estimate,1.21690263408968,1.23490189436582,0.0985540458974756,1.10929067785057,1.17019046372835,1.1964129902773,1.23910591616592,1.28261321179887,1.42536166098894
Małopolskie,2021-08-27,,estimate,1.21437108313904,1.2335212074016,0.0976223668131657,1.10894184232478,1.16931737350225,1.19604816906296,1.23765454904437,1.27976516198672,1.42077182053846
Małopolskie,2021-08-28,,estimate,1.21342954178059,1.23176364265825,0.0967708603708366,1.10968867325015,1.16809944645891,1.19520438525586,1.23605670619236,1.27722833545736,1.41694199125922
Małopolskie,2021-08-29,,estimate,1.2111278908789,1.22959722233512,0.0959186510885203,1.10909651000431,1.1666965340877,1.19292176725479,1.23197053622669,1.27394731929466,1.41028698545311
Małopolskie,2021-08-30,,estimate,1.20942435979684,1.22699293449098,0.0949749766478276,1.1092724841107,1.16438972024264,1.19139838003855,1.22897207400342,1.26943550750545,1.40424821750573
Małopolskie,2021-08-31,,estimate,1.20707765257896,1.22392884181198,0.0938551773789892,1.10998220203325,1.16297006211458,1.18901465148681,1.22582839064357,1.26526437881462,1.39880909666909
Małopolskie,2021-09-01,,estimate,1.20445592102409,1.22039390912242,0.0924961158236095,1.1076202268924,1.16027869009979,1.18736953467344,1.22293628280465,1.25987607860738,1.39362099494443
Małopolskie,2021-09-02,,estimate,1.202938454673,1.21639114542127,0.0908676815580047,1.09967071935056,1.15825835384675,1.18520350014802,1.21956361087767,1.25602739420531,1.39075880591308
Małopolskie,2021-09-03,,estimate,1.19986515045181,1.21193967424186,0.0889795915409202,1.09626676016246,1.15535670878343,1.18187762722118,1.21549828165602,1.25244515703881,1.38175555301055
Małopolskie,2021-09-04,,estimate,1.19624237149414,1.20707536373154,0.0868847965669623,1.09156598346682,1.15142796842548,1.17933582504351,1.21160486086708,1.24632632443431,1.36955835558698
Małopolskie,2021-09-05,,estimate,1.19157469748062,1.20184972177307,0.084680180452517,1.08857032532447,1.14741165043846,1.17583516085194,1.20688678568862,1.24098853081325,1.35765921634976
Małopolskie,2021-09-06,,estimate,1.18761489233981,1.19632696190115,0.0825021925114794,1.08341529043765,1.14348590439498,1.17203323132313,1.20435713301755,1.23658737265584,1.34502247195612
Małopolskie,2021-09-07,,estimate,1.1841615844891,1.19057948501521,0.080512873459144,1.07590835433701,1.1404264924928,1.16881596703905,1.19970620906081,1.23032108623474,1.33022852888701
Małopolskie,2021-09-08,,estimate,1.17984939216063,1.18468241107307,0.078873516499166,1.06955557904649,1.13671103587651,1.16432844586895,1.19478282238305,1.22275626353307,1.31949864047764
Małopolskie,2021-09-09,,estimate,1.17498205801675,1.17870808563519,0.0777090940864131,1.06620414515488,1.13226872243446,1.15979514765437,1.19055282489721,1.21651890993078,1.30932099179868
Małopolskie,2021-09-10,,estimate,1.17123338967617,1.17272156050444,0.0770742235805641,1.0607621832258,1.12763714965444,1.15433572336301,1.18559753962647,1.21096905641124,1.29732845763903
Małopolskie,2021-09-11,,estimate,1.16628752801733,1.16677786382607,0.0769366848270727,1.05419612033855,1.12259642341227,1.14901323593155,1.1808793920107,1.20617825211506,1.29121815886878
Małopolskie,2021-09-12,,estimate,1.16122609333427,1.16092144861682,0.0771914701771321,1.04282944867446,1.11754391181917,1.14442326435109,1.176742284823,1.20211185081815,1.28161882487185
Małopolskie,2021-09-13,,estimate,1.15749918742592,1.15518761032874,0.0777041397210168,1.03524673687012,1.11239481700511,1.14150686793943,1.17216343646801,1.19764848374262,1.27273593562399
Małopolskie,2021-09-14,,estimate,1.15336794932657,1.14960506688575,0.0783641796684417,1.02579379273209,1.10557885035185,1.13704276954008,1.16908354317244,1.19487186851738,1.2662037529767
Małopolskie,2021-09-15,,estimate,1.14921845952697,1.14419857091256,0.07912169942909,1.01704706179714,1.10001759729933,1.13141971459128,1.16582940928211,1.19082312448833,1.25748519565189
Małopolskie,2021-09-16,,estimate,1.14531751879893,1.13899058474181,0.0799916200329062,1.00963682503296,1.09478568205662,1.12765718694458,1.16128639655235,1.1859197803723,1.25237806011085
Małopolskie,2021-09-17,,estimate,1.14104062446657,1.13400163275164,0.0810300573505842,0.999623777907743,1.08907341319481,1.12300812005787,1.1577843768366,1.18214199500339,1.24800153559195
Małopolskie,2021-09-18,,estimate,1.13699270582911,1.12924961200906,0.0823014839153668,0.99276636861439,1.08287369403354,1.11857382055108,1.15403913748466,1.17892723077783,1.24541929382194
Małopolskie,2021-09-19,,estimate,1.13314990499208,1.12474873103706,0.0838540188491529,0.980509890018064,1.07680328471198,1.11531480729162,1.15124988191781,1.17778423923412,1.2419084889302
Małopolskie,2021-09-20,,estimate,1.13160123312908,1.1205087394336,0.0857097156978224,0.972023430246416,1.07004389374873,1.11059965973621,1.14918658786806,1.1761969700253,1.23897090655793
Małopolskie,2021-09-21,,estimate,1.12887239186945,1.1165348389509,0.0878679491663973,0.959243388278477,1.06649736149476,1.10591981707823,1.14658942220547,1.17496524292893,1.23916916695355
Małopolskie,2021-09-22,,estimate,1.12599286323329,1.11282832914817,0.0903172478746682,0.950751695969444,1.06035897226418,1.10144520301976,1.14433091833662,1.17308064859782,1.2390562370851
Małopolskie,2021-09-23,,estimate,1.12222001269474,1.10938776859895,0.0930511881811564,0.942917164792248,1.05344173804277,1.09613811672936,1.14340857888238,1.17311673515134,1.23677251856164
Małopolskie,2021-09-24,,estimate,1.11841401842194,1.1062102806229,0.0960837538098525,0.937009654378538,1.047652517977,1.09288045868211,1.14157546731663,1.17276590885588,1.23817314291004
Małopolskie,2021-09-25,,estimate,1.11495878042517,1.10329262320776,0.0994586043375487,0.927673174768571,1.04226924365266,1.08931200662779,1.1388523205122,1.17247406187153,1.24167393350772
Małopolskie,2021-09-26,,estimate,1.11313588372116,1.10063178100826,0.103246921009487,0.916983913356938,1.03912846974332,1.08562855238445,1.13799661505826,1.17205240375057,1.24481815177806
Małopolskie,2021-09-27,,estimate,1.11362850767885,1.09822508898454,0.107531956811805,0.903369270913817,1.03374937745754,1.0834548785424,1.13693162824902,1.17156747039834,1.24862848385443
Małopolskie,2021-09-28,,estimate,1.113403172777,1.09607016463234,0.112385095323816,0.893014282433057,1.02889541220429,1.08258777500665,1.13717486567488,1.17083350428865,1.2529775862918
Małopolskie,2021-09-29,,estimate,1.11326241002196,1.09416505888656,0.117844384121044,0.876421496030175,1.02337964870107,1.08229845050013,1.1370961909219,1.17175292505759,1.2607974247716
Małopolskie,2021-09-30,,estimate,1.1118933112528,1.092508909739,0.123906613676599,0.866353505192482,1.02057969212175,1.08209510522864,1.13758916712097,1.17329914809927,1.26461111806015
Małopolskie,2021-10-01,,estimate based on partial data,1.11367815159036,1.09110301274623,0.130536408205934,0.849454712738293,1.01445903237058,1.08098200803527,1.13969595687882,1.17404591476589,1.27399192955547
Małopolskie,2021-10-02,,estimate based on partial data,1.11446342844787,1.08995181347715,0.137685689809778,0.835865750679717,1.01096378477912,1.07812515571688,1.13988929618876,1.17594382778632,1.28220915924723
Małopolskie,2021-10-03,,estimate based on partial data,1.11427998370073,1.08906316407495,0.145311851588326,0.818280201932253,1.00844195450772,1.07574425228074,1.13948531835504,1.17792580998594,1.29077006132143
Małopolskie,2021-10-04,,estimate based on partial data,1.11411453012539,1.08844742004323,0.153386007983874,0.800719056452494,1.00535107002659,1.07634646972716,1.14067325303663,1.18015217200737,1.2985688856349
Małopolskie,2021-10-05,,estimate based on partial data,1.11277071141513,1.08811546080436,0.161890353215596,0.787062837521959,1.00283774908951,1.07805666027346,1.14045885402149,1.18111165662081,1.30919420104598
Małopolskie,2021-10-06,,estimate based on partial data,1.11317338434224,1.08807618248035,0.170810041951248,0.770598469114083,0.998799134697723,1.07569552398951,1.14173376298233,1.18319390201583,1.32213023221321
Małopolskie,2021-10-07,,estimate based on partial data,1.11225880791418,1.08833416518714,0.180126547389108,0.755970744108906,0.996670673459903,1.07729842081772,1.14218075732575,1.18578712985146,1.33212264227354
Małopolskie,2021-10-08,,estimate based on partial data,1.11260830404435,1.08888802600918,0.189816652197114,0.74414844386944,0.99349161146417,1.07792445881417,1.14313770345342,1.18795602509605,1.3394414100116
Małopolskie,2021-10-09,,estimate based on partial data,1.11474644101395,1.08972962115712,0.199856942024093,0.732216410366249,0.989816761372874,1.07832622398244,1.14486279485175,1.18864121632195,1.35957677635083
Małopolskie,2021-10-10,,estimate based on partial data,1.11562926664789,1.09084400183857,0.210230546505569,0.718961467794635,0.989019625789933,1.07598422850682,1.1462602530721,1.18933572657832,1.37144800836371
Małopolskie,2021-10-11,,estimate based on partial data,1.11782912680721,1.0922099918559,0.220932147261476,0.705225642024845,0.986327891030624,1.07535606857113,1.14677066017043,1.19040546180436,1.39289759380125
Małopolskie,2021-10-12,,estimate based on partial data,1.11777794592362,1.09380139489427,0.231968819796822,0.696825590909622,0.987557799025046,1.07578011289803,1.1475437420942,1.19262742247548,1.41097521676075
Małopolskie,2021-10-13,,estimate based on partial data,1.11862490910467,1.09558897550966,0.243356981144867,0.682481694991415,0.98517728520645,1.07478476875428,1.14947791639246,1.19416350816906,1.43104892489076
Małopolskie,2021-10-14,,estimate based on partial data,1.11867354843705,1.09754330093417,0.25511806817934,0.673754330261714,0.984253879469022,1.07494535802583,1.14967654735143,1.19605230047673,1.45617480854369
Małopolskie,2021-10-15,,estimate based on partial data,1.11800901495475,1.09963822582064,0.267276467104023,0.665350057676286,0.980205056250604,1.07619183612654,1.14941041095224,1.19815073836911,1.47962166040513
Małopolskie,2021-10-16,,estimate based on partial data,1.11811915454354,1.10185439314231,0.279862358015501,0.655343264053603,0.975417920683069,1.07688731867792,1.1507292414587,1.20013629777922,1.50690342893343
Małopolskie,2021-10-17,,estimate based on partial data,1.11967961849147,1.10418187542432,0.292919840528781,0.646637920346938,0.97342846157103,1.07725307593414,1.15266396388018,1.20238400505361,1.52481885533468
Małopolskie,2021-10-18,,estimate based on partial data,1.11999087636618,1.10662118984482,0.306517773252204,0.638849011512459,0.96916886696793,1.0760452193208,1.15370268371121,1.20565722572592,1.54146653011618
Małopolskie,2021-10-19,,forecast,1.11999087636618,1.10662118984482,0.306517773252204,0.638849011512459,0.96916886696793,1.0760452193208,1.15370268371121,1.20565722572592,1.54146653011618
Małopolskie,2021-10-20,,forecast,1.11999087636618,1.10662118984482,0.306517773252204,0.638849011512459,0.96916886696793,1.0760452193208,1.15370268371121,1.20565722572592,1.54146653011618
Małopolskie,2021-10-21,,forecast,1.11999087636618,1.10662118984482,0.306517773252204,0.638849011512459,0.96916886696793,1.0760452193208,1.15370268371121,1.20565722572592,1.54146653011618
Małopolskie,2021-10-22,,forecast,1.11999087636618,1.10662118984482,0.306517773252204,0.638849011512459,0.96916886696793,1.0760452193208,1.15370268371121,1.20565722572592,1.54146653011618
Małopolskie,2021-10-23,,forecast,1.11999087636618,1.10662118984482,0.306517773252204,0.638849011512459,0.96916886696793,1.0760452193208,1.15370268371121,1.20565722572592,1.54146653011618
Małopolskie,2021-10-24,,forecast,1.11999087636618,1.10662118984482,0.306517773252204,0.638849011512459,0.96916886696793,1.0760452193208,1.15370268371121,1.20565722572592,1.54146653011618
Małopolskie,2021-10-25,,forecast,1.11999087636618,1.10662118984482,0.306517773252204,0.638849011512459,0.96916886696793,1.0760452193208,1.15370268371121,1.20565722572592,1.54146653011618
Małopolskie,2021-10-26,,forecast,1.11999087636618,1.10662118984482,0.306517773252204,0.638849011512459,0.96916886696793,1.0760452193208,1.15370268371121,1.20565722572592,1.54146653011618
Małopolskie,2021-10-27,,forecast,1.11999087636618,1.10662118984482,0.306517773252204,0.638849011512459,0.96916886696793,1.0760452193208,1.15370268371121,1.20565722572592,1.54146653011618
Małopolskie,2021-10-28,,forecast,1.11999087636618,1.10662118984482,0.306517773252204,0.638849011512459,0.96916886696793,1.0760452193208,1.15370268371121,1.20565722572592,1.54146653011618
Małopolskie,2021-10-29,,forecast,1.11999087636618,1.10662118984482,0.306517773252204,0.638849011512459,0.96916886696793,1.0760452193208,1.15370268371121,1.20565722572592,1.54146653011618
Małopolskie,2021-10-30,,forecast,1.11999087636618,1.10662118984482,0.306517773252204,0.638849011512459,0.96916886696793,1.0760452193208,1.15370268371121,1.20565722572592,1.54146653011618
Małopolskie,2021-10-31,,forecast,1.11999087636618,1.10662118984482,0.306517773252204,0.638849011512459,0.96916886696793,1.0760452193208,1.15370268371121,1.20565722572592,1.54146653011618
Małopolskie,2021-11-01,,forecast,1.11999087636618,1.10662118984482,0.306517773252204,0.638849011512459,0.96916886696793,1.0760452193208,1.15370268371121,1.20565722572592,1.54146653011618
Małopolskie,2021-11-02,,forecast,1.11999087636618,1.10662118984482,0.306517773252204,0.638849011512459,0.96916886696793,1.0760452193208,1.15370268371121,1.20565722572592,1.54146653011618
Małopolskie,2021-11-03,,forecast,1.11999087636618,1.10662118984482,0.306517773252204,0.638849011512459,0.96916886696793,1.0760452193208,1.15370268371121,1.20565722572592,1.54146653011618
Małopolskie,2021-11-04,,forecast,1.11999087636618,1.10662118984482,0.306517773252204,0.638849011512459,0.96916886696793,1.0760452193208,1.15370268371121,1.20565722572592,1.54146653011618
Małopolskie,2021-11-05,,forecast,1.11999087636618,1.10662118984482,0.306517773252204,0.638849011512459,0.96916886696793,1.0760452193208,1.15370268371121,1.20565722572592,1.54146653011618
Małopolskie,2021-11-06,,forecast,1.11999087636618,1.10662118984482,0.306517773252204,0.638849011512459,0.96916886696793,1.0760452193208,1.15370268371121,1.20565722572592,1.54146653011618
Małopolskie,2021-11-07,,forecast,1.11999087636618,1.10662118984482,0.306517773252204,0.638849011512459,0.96916886696793,1.0760452193208,1.15370268371121,1.20565722572592,1.54146653011618
Małopolskie,2021-11-08,,forecast,1.11999087636618,1.10662118984482,0.306517773252204,0.638849011512459,0.96916886696793,1.0760452193208,1.15370268371121,1.20565722572592,1.54146653011618
Małopolskie,2021-11-09,,forecast,1.11999087636618,1.10662118984482,0.306517773252204,0.638849011512459,0.96916886696793,1.0760452193208,1.15370268371121,1.20565722572592,1.54146653011618
Małopolskie,2021-11-10,,forecast,1.11999087636618,1.10662118984482,0.306517773252204,0.638849011512459,0.96916886696793,1.0760452193208,1.15370268371121,1.20565722572592,1.54146653011618
Małopolskie,2021-11-11,,forecast,1.11999087636618,1.10662118984482,0.306517773252204,0.638849011512459,0.96916886696793,1.0760452193208,1.15370268371121,1.20565722572592,1.54146653011618
Małopolskie,2021-11-12,,forecast,1.11999087636618,1.10662118984482,0.306517773252204,0.638849011512459,0.96916886696793,1.0760452193208,1.15370268371121,1.20565722572592,1.54146653011618
Małopolskie,2021-11-13,,forecast,1.11999087636618,1.10662118984482,0.306517773252204,0.638849011512459,0.96916886696793,1.0760452193208,1.15370268371121,1.20565722572592,1.54146653011618
Małopolskie,2021-11-14,,forecast,1.11999087636618,1.10662118984482,0.306517773252204,0.638849011512459,0.96916886696793,1.0760452193208,1.15370268371121,1.20565722572592,1.54146653011618
Małopolskie,2021-11-15,,forecast,1.11999087636618,1.10662118984482,0.306517773252204,0.638849011512459,0.96916886696793,1.0760452193208,1.15370268371121,1.20565722572592,1.54146653011618
Małopolskie,2021-11-16,,forecast,1.11999087636618,1.10662118984482,0.306517773252204,0.638849011512459,0.96916886696793,1.0760452193208,1.15370268371121,1.20565722572592,1.54146653011618
Małopolskie,2021-11-17,,forecast,1.11999087636618,1.10662118984482,0.306517773252204,0.638849011512459,0.96916886696793,1.0760452193208,1.15370268371121,1.20565722572592,1.54146653011618
Mecklenburg-Vorpommern,2021-07-28,,estimate,1.03278527432538,1.03918233347421,0.116895458282033,0.853861747616476,0.976281507096589,1.01275545327461,1.05664499147067,1.09594063973246,1.24018463371307
Mecklenburg-Vorpommern,2021-07-29,,estimate,1.03225828048203,1.03761553741699,0.111941915167071,0.861492086279526,0.976052258030616,1.01177983493108,1.05523982484264,1.09384911136212,1.23284641741347
Mecklenburg-Vorpommern,2021-07-30,,estimate,1.03270925388381,1.0361381229896,0.107871153616921,0.866640666706838,0.975594853516696,1.01141174101314,1.05428119482221,1.09195186838228,1.21717777993584
Mecklenburg-Vorpommern,2021-07-31,,estimate,1.03224299164464,1.03473761103474,0.104615460870753,0.869904476314694,0.975008552497649,1.01043965644848,1.05300974275935,1.09065210920011,1.21139546203905
Mecklenburg-Vorpommern,2021-08-01,,estimate,1.03225109475167,1.03340154565955,0.102085672049498,0.86974002595572,0.975283457884245,1.01025863320114,1.05169781232404,1.08675291661707,1.20683243778906
Mecklenburg-Vorpommern,2021-08-02,,estimate,1.03132533358481,1.03211789012731,0.100176109588524,0.869809832984424,0.974214872567115,1.01190748034606,1.05135037159031,1.0857254296085,1.19898785736141
Mecklenburg-Vorpommern,2021-08-03,,estimate,1.03040909092354,1.03087527839392,0.0987707367331128,0.868439277694835,0.974516515118898,1.0114120180134,1.05095887157234,1.08461672542126,1.19241654670403
Mecklenburg-Vorpommern,2021-08-04,,estimate,1.02973735431309,1.02966326020396,0.0977512496477055,0.868577729114217,0.973916285472526,1.00998033828165,1.04972639395076,1.08336531044675,1.18394846916461
Mecklenburg-Vorpommern,2021-08-05,,estimate,1.02928687472883,1.02847261744079,0.0970061437539354,0.871899263078413,0.971550611004914,1.01032998001439,1.04885782621054,1.081558507513,1.17594098056722
Mecklenburg-Vorpommern,2021-08-06,,estimate,1.02868332414561,1.02729575744285,0.0964385016657166,0.872317428482618,0.971799570114566,1.00955517770534,1.04771052772031,1.07970894598816,1.16989560989679
Mecklenburg-Vorpommern,2021-08-07,,estimate,1.02801000952766,1.02612715425546,0.0959703782052934,0.87252373852273,0.972349665788163,1.00836309026384,1.04859419294918,1.07806306615861,1.16607789941817
Mecklenburg-Vorpommern,2021-08-08,,estimate,1.02789232514765,1.02496382758402,0.0955428071138331,0.872131371912648,0.971516165647663,1.00791809848565,1.04765697742675,1.07673964709441,1.16518634227382
Mecklenburg-Vorpommern,2021-08-09,,estimate,1.0279141567389,1.0238058931894,0.0951117598271042,0.873314532091748,0.969897625321096,1.00869000886739,1.0464623863898,1.07655517768201,1.16274676175512
Mecklenburg-Vorpommern,2021-08-10,,estimate,1.02748770323208,1.02265723382045,0.0946418461957949,0.870336407749154,0.968679304550597,1.00809508794473,1.04523099606713,1.07604958939553,1.15975557994633
Mecklenburg-Vorpommern,2021-08-11,,estimate,1.02726642593448,1.02152628120805,0.094101291897238,0.866303548844425,0.967570808244785,1.00712471443261,1.04451371048029,1.07488531490112,1.15738690075644
Mecklenburg-Vorpommern,2021-08-12,,estimate,1.02696544431116,1.02042676413165,0.0934622015065053,0.866439232886505,0.968648299884814,1.00691985031922,1.04389334450119,1.07400592768473,1.15590637437115
Mecklenburg-Vorpommern,2021-08-13,,estimate,1.02604453033682,1.01937812794954,0.0927070815035906,0.865025214631031,0.967483579214529,1.00566978581258,1.04277367043871,1.07377201571009,1.14996442085896
Mecklenburg-Vorpommern,2021-08-14,,estimate,1.02349105169104,1.01840528207422,0.0918371242705556,0.860150281591116,0.968573982585388,1.0053053665837,1.04322799882633,1.07217182283909,1.14763230544432
Mecklenburg-Vorpommern,2021-08-15,,estimate,1.02437437104782,1.01753747379907,0.0908750081114953,0.858525358523038,0.969751271853878,1.00456708852583,1.04282551561172,1.07204004024251,1.14210352428517
Mecklenburg-Vorpommern,2021-08-16,,estimate,1.02453512107539,1.01680638868252,0.0898585594356191,0.858818949752962,0.970132225395924,1.00480892494752,1.04235200985887,1.07005650007561,1.13990908651835
Mecklenburg-Vorpommern,2021-08-17,,estimate,1.02405479831576,1.01624387717069,0.0888285824009139,0.859480533658372,0.970239306650427,1.00455319734399,1.04189221818169,1.06913408532538,1.14094131615034
Mecklenburg-Vorpommern,2021-08-18,,estimate,1.02387471431014,1.01587982664098,0.0878180260289099,0.860483285659687,0.971946022788503,1.00427831994228,1.04148808336346,1.06716140410225,1.13863640996509
Mecklenburg-Vorpommern,2021-08-19,,estimate,1.02297455126108,1.01574058208349,0.0868476008954183,0.862421331853215,0.973468167408311,1.00537931054952,1.04169308548036,1.06719679748802,1.13945136367256
Mecklenburg-Vorpommern,2021-08-20,,estimate,1.02364525245097,1.01584806188628,0.0859278035865715,0.863560222427213,0.974659690177343,1.00528973045943,1.04149450613646,1.06797705311465,1.13865883935793
Mecklenburg-Vorpommern,2021-08-21,,estimate,1.02516763132555,1.01621947517663,0.0850634920788608,0.864228361038526,0.975375575174598,1.00690443974913,1.04115585371812,1.06716841668292,1.13707758086322
Mecklenburg-Vorpommern,2021-08-22,,estimate,1.02630993137642,1.01686743707847,0.0842568789798471,0.867683391658332,0.976502197238085,1.00749167179436,1.04210699639386,1.06800006404383,1.13644741936372
Mecklenburg-Vorpommern,2021-08-23,,estimate,1.02697274462864,1.01780031028052,0.0835075456254619,0.869206339399909,0.978430478192461,1.00838313146267,1.04217375310576,1.06929155774842,1.13366835154416
Mecklenburg-Vorpommern,2021-08-24,,estimate,1.02749146769651,1.01902269187966,0.082811452830402,0.870880909160607,0.979371496885035,1.00975768943726,1.04319601948798,1.06932747709337,1.13614203763959
Mecklenburg-Vorpommern,2021-08-25,,estimate,1.02753877487156,1.02053599907493,0.0821620130712168,0.872202518205214,0.981385499644548,1.01207055510699,1.04412119563589,1.06940692572075,1.13872805929165
Mecklenburg-Vorpommern,2021-08-26,,estimate,1.02940262129109,1.02233904014023,0.0815540762342523,0.874913496259658,0.983541582400409,1.01350645247019,1.04420875864495,1.07023837057716,1.1385319813401
Mecklenburg-Vorpommern,2021-08-27,,estimate,1.03064889949952,1.02442836300952,0.0809884450184768,0.876053349409469,0.985492949426177,1.01471447789462,1.04551607675516,1.07135903685133,1.14115275826959
Mecklenburg-Vorpommern,2021-08-28,,estimate,1.03121115252329,1.02679818230441,0.0804735202165604,0.882152639920771,0.98853317093417,1.01783002911718,1.04772967776199,1.073325865926,1.14221288647914
Mecklenburg-Vorpommern,2021-08-29,,estimate,1.03342980229793,1.02943984923821,0.0800226906366624,0.888952607524976,0.991912515368037,1.02032952508704,1.04900745384347,1.07621800557346,1.14722190368101
Mecklenburg-Vorpommern,2021-08-30,,estimate,1.03714189410866,1.03234106040329,0.0796493236870517,0.893194375500743,0.994098119790811,1.02262523623897,1.05140152305473,1.07774423291167,1.14934068130594
Mecklenburg-Vorpommern,2021-08-31,,estimate,1.04066175943868,1.03548514201295,0.0793634605919681,0.899024582377775,0.99660352647613,1.02505953476259,1.05325905448994,1.07975550057929,1.15226459290936
Mecklenburg-Vorpommern,2021-09-01,,estimate,1.04286606371969,1.03885069279076,0.0791741175143062,0.901647117628365,0.999302838045825,1.02668915736161,1.05710699783161,1.08240932124971,1.15562296937821
Mecklenburg-Vorpommern,2021-09-02,,estimate,1.04441528641561,1.04241165383122,0.0790977722517344,0.911668606060669,1.0023606125547,1.02869114319878,1.05866444851798,1.08512484588299,1.15847601785798
Mecklenburg-Vorpommern,2021-09-03,,estimate,1.04727967636288,1.04613764508256,0.0791682163278053,0.920475721443825,1.00485230832339,1.03120446947489,1.06181797750181,1.08668307026987,1.16507543035092
Mecklenburg-Vorpommern,2021-09-04,,estimate,1.04933538442264,1.04999432567513,0.0794393102313239,0.925667261011675,1.00823378592972,1.03489307529039,1.06385215020813,1.08958231740112,1.17070185379662
Mecklenburg-Vorpommern,2021-09-05,,estimate,1.05111153195566,1.05394364986927,0.079974769854429,0.929196176846813,1.01087805994882,1.03727402497288,1.06663774524291,1.09364916775459,1.1798753145631
Mecklenburg-Vorpommern,2021-09-06,,estimate,1.0539652116541,1.05794409646231,0.0808277533953419,0.936165769121553,1.01351526877847,1.03926301074841,1.06946074746583,1.09686116398236,1.18516692696363
Mecklenburg-Vorpommern,2021-09-07,,estimate,1.05700456011265,1.06195107343876,0.082020755377506,0.941473944630061,1.01738233912808,1.04222043050501,1.07278750338274,1.1017593324661,1.19911713363487
Mecklenburg-Vorpommern,2021-09-08,,estimate,1.05960442347267,1.06591765826298,0.0835356573871957,0.944012188353932,1.02080842606414,1.04339627943205,1.07605003504986,1.10450903229815,1.20547412613892
Mecklenburg-Vorpommern,2021-09-09,,estimate,1.06188127649888,1.06979570060877,0.085315699615932,0.946881350944725,1.02395427728734,1.04528802940083,1.07882526869522,1.10751547745521,1.21154855234628
Mecklenburg-Vorpommern,2021-09-10,,estimate,1.06431739102721,1.07353721528429,0.0872742910195287,0.951139090140239,1.02727037615145,1.04842016988555,1.08130695167785,1.11252341123819,1.22209330736835
Mecklenburg-Vorpommern,2021-09-11,,estimate,1.06779327502713,1.07709596834042,0.0893055217989461,0.95313689273266,1.02838815658782,1.05200234886671,1.08403287438342,1.11601458777359,1.22708238937007
Mecklenburg-Vorpommern,2021-09-12,,estimate,1.0702736514805,1.08042915581507,0.0912950227862924,0.954836991512385,1.0292503663591,1.05523908097271,1.08725197000345,1.12083917950014,1.23749837319215
Mecklenburg-Vorpommern,2021-09-13,,estimate,1.0720631898215,1.08349905260234,0.0931322202216606,0.955974948183404,1.03065859663942,1.05740766909489,1.08935520531695,1.12411512481489,1.24411687697791
Mecklenburg-Vorpommern,2021-09-14,,estimate,1.0750555351417,1.08627449375652,0.0947248151810824,0.958028545228832,1.03235584939571,1.05848717385018,1.09117866811595,1.12797789825082,1.2486721741151
Mecklenburg-Vorpommern,2021-09-15,,estimate,1.07671662655694,1.08873207495978,0.0960150527074941,0.962091281796043,1.03327383417161,1.0590805780199,1.09465211468874,1.13082694964757,1.25298597003439
Mecklenburg-Vorpommern,2021-09-16,,estimate,1.07888863411133,1.09085700536515,0.0969961468441697,0.965525253210326,1.03466236567034,1.05989649779722,1.09678984154138,1.13400111042611,1.25521526834733
Mecklenburg-Vorpommern,2021-09-17,,estimate,1.07987770805059,1.0926435713017,0.0977259419940874,0.965316977896816,1.03502300450088,1.06021522236473,1.09919134708705,1.13841152674788,1.25770247860315
Mecklenburg-Vorpommern,2021-09-18,,estimate,1.08035817060198,1.09409516529696,0.098333127643008,0.964544392615082,1.03515934206801,1.06090150741169,1.10278415385361,1.1422043761965,1.26257445658688
Mecklenburg-Vorpommern,2021-09-19,,estimate,1.08300774894536,1.09522384196297,0.0990098104880034,0.962912355525071,1.03473598525246,1.06154667837628,1.10486172633736,1.14371588958288,1.2623970564614
Mecklenburg-Vorpommern,2021-09-20,,estimate,1.08259858367908,1.09604942402319,0.0999854080259268,0.960360496175707,1.03481350717777,1.06193337790133,1.10693072362226,1.14719046575466,1.27212968642598
Mecklenburg-Vorpommern,2021-09-21,,estimate,1.0843751998888,1.09659829527761,0.101483332776788,0.959064005384676,1.03422361601913,1.06395765158956,1.10786374788209,1.14869845141066,1.27736281537447
Mecklenburg-Vorpommern,2021-09-22,,estimate,1.08424135339207,1.09690212423796,0.103673018225856,0.955030834739066,1.03306572421377,1.06424656847089,1.10923146062517,1.15234602815302,1.27686886232043
Mecklenburg-Vorpommern,2021-09-23,,estimate,1.08545642204664,1.09699677762886,0.106638094068344,0.949166120783866,1.0338092092798,1.06408690844433,1.1088134281969,1.15366511638155,1.28148618458524
Mecklenburg-Vorpommern,2021-09-24,,estimate,1.08425231403835,1.09692154751628,0.110376696031968,0.944280107958382,1.03173606382314,1.06339184604859,1.10952977439141,1.15463471339878,1.28817749167634
Mecklenburg-Vorpommern,2021-09-25,,estimate,1.08438030895382,1.09671856119781,0.114831251821227,0.935336323428838,1.02867846926106,1.06200233348297,1.11048129670575,1.15607415022575,1.29841016792391
Mecklenburg-Vorpommern,2021-09-26,,estimate,1.08432599620628,1.0964320222486,0.119927300046338,0.926762562517771,1.02721974032455,1.06117884388852,1.11062658227378,1.15940022556557,1.30606166823755
Mecklenburg-Vorpommern,2021-09-27,,estimate,1.08374610162383,1.09610693253096,0.125599718149467,0.919098115511729,1.0254923093729,1.06088558805295,1.11017868420263,1.16208471153932,1.31312075583222
Mecklenburg-Vorpommern,2021-09-28,,estimate,1.08297242436647,1.09578721648132,0.131799028884985,0.905936780429674,1.02419069330528,1.06058204008406,1.10998542717307,1.16435684153232,1.32319671245119
Mecklenburg-Vorpommern,2021-09-29,,estimate,1.08146524915899,1.09551353767195,0.138485279226351,0.89001917323171,1.02106529406266,1.05982752833445,1.10985853605526,1.16785772901668,1.33420120039133
Mecklenburg-Vorpommern,2021-09-30,,estimate based on partial data,1.08070269186582,1.09532130632286,0.145621039046624,0.870993662321036,1.01849721488076,1.05794595282291,1.10864670429814,1.16817233026348,1.35020596048954
Mecklenburg-Vorpommern,2021-10-01,,estimate based on partial data,1.08072800634193,1.09523930425975,0.153169615760385,0.856063394555823,1.01725406748626,1.05674125143681,1.10975316385453,1.16904401196934,1.36487432318767
Mecklenburg-Vorpommern,2021-10-02,,estimate based on partial data,1.08039027695887,1.09528909143304,0.161097654434844,0.840342196059843,1.01384520492821,1.05502401316676,1.10995931758475,1.17170148499545,1.38169351973695
Mecklenburg-Vorpommern,2021-10-03,,estimate based on partial data,1.07982165685322,1.09548509278101,0.169378336760856,0.833672618712755,1.01177209857362,1.05388109677106,1.11043013753461,1.17484370078341,1.392620035277
Mecklenburg-Vorpommern,2021-10-04,,estimate based on partial data,1.08032954710931,1.09583512506949,0.177992347091788,0.823257808646659,1.0098532086561,1.05367124253009,1.11080495214744,1.17732235854383,1.40442395069184
Mecklenburg-Vorpommern,2021-10-05,,estimate based on partial data,1.08007310210265,1.09634112487368,0.186925977173488,0.811769321402831,1.00729484714113,1.05285957398628,1.11048909440603,1.17876403371484,1.41965501837163
Mecklenburg-Vorpommern,2021-10-06,,estimate based on partial data,1.07920538348198,1.09699992668019,0.196167222558879,0.800861592001187,1.00505189126065,1.05130804053702,1.11129240386695,1.17984349622498,1.439919016552
Mecklenburg-Vorpommern,2021-10-07,,estimate based on partial data,1.07924046525615,1.09780405798423,0.205701183888712,0.787487038310644,1.00229447219268,1.04937895160876,1.11228891348995,1.18101378466077,1.45421259332327
Mecklenburg-Vorpommern,2021-10-08,,estimate based on partial data,1.07825805722766,1.09874263015897,0.215506154234446,0.773960302349592,0.999688935011726,1.0485013851236,1.1120887662693,1.18393062854251,1.46763700720903
Mecklenburg-Vorpommern,2021-10-09,,estimate based on partial data,1.07779943961978,1.09980247147724,0.225551890812757,0.763995866250696,0.997436473191321,1.04796178419366,1.11199912020684,1.18723159065616,1.4812645855875
Mecklenburg-Vorpommern,2021-10-10,,estimate based on partial data,1.0778815112817,1.10096961889996,0.235801443974492,0.760488256995692,0.994346094317027,1.04673654163724,1.11328473135259,1.18846226717829,1.49603875652712
Mecklenburg-Vorpommern,2021-10-11,,estimate based on partial data,1.07677021089407,1.10223112836301,0.24621692786507,0.74913824654376,0.992884194459849,1.04507655735402,1.1145860849623,1.19061158512438,1.51459400499798
Mecklenburg-Vorpommern,2021-10-12,,estimate based on partial data,1.07608651111131,1.10357693216048,0.256767794785522,0.740759959287919,0.989505642335653,1.04460324437897,1.11556953024284,1.1931859892208,1.53699134835712
Mecklenburg-Vorpommern,2021-10-13,,estimate based on partial data,1.07562466024319,1.10500130490739,0.267438678550507,0.730688996406044,0.989127948521682,1.04436433234244,1.11361609289839,1.19430316531495,1.56228935332998
Mecklenburg-Vorpommern,2021-10-14,,estimate based on partial data,1.07548267333917,1.10650353056812,0.278234102631006,0.720425231133064,0.986096510946643,1.04205438286385,1.11280901390794,1.19920747890079,1.57408740195869
Mecklenburg-Vorpommern,2021-10-15,,estimate based on partial data,1.07446091230257,1.10808760650594,0.289179345400796,0.715526393967164,0.984265511010354,1.04053097525476,1.11216932837568,1.20352249595524,1.58362844709031
Mecklenburg-Vorpommern,2021-10-16,,estimate based on partial data,1.07412434982615,1.10976114587992,0.300318829889863,0.714099219058039,0.982017318174011,1.03938216403682,1.11154233847847,1.20635675648376,1.60177718909375
Mecklenburg-Vorpommern,2021-10-17,,estimate based on partial data,1.07298689254618,1.11153387398343,0.311713820170176,0.704556760765534,0.977789642624735,1.03830175333765,1.11121422970512,1.20651189707579,1.63635270782262
Mecklenburg-Vorpommern,2021-10-18,,forecast,1.07298689254618,1.11153387398343,0.311713820170176,0.704556760765534,0.977789642624735,1.03830175333765,1.11121422970512,1.20651189707579,1.63635270782262
Mecklenburg-Vorpommern,2021-10-19,,forecast,1.07298689254618,1.11153387398343,0.311713820170176,0.704556760765534,0.977789642624735,1.03830175333765,1.11121422970512,1.20651189707579,1.63635270782262
Mecklenburg-Vorpommern,2021-10-20,,forecast,1.07298689254618,1.11153387398343,0.311713820170176,0.704556760765534,0.977789642624735,1.03830175333765,1.11121422970512,1.20651189707579,1.63635270782262
Mecklenburg-Vorpommern,2021-10-21,,forecast,1.07298689254618,1.11153387398343,0.311713820170176,0.704556760765534,0.977789642624735,1.03830175333765,1.11121422970512,1.20651189707579,1.63635270782262
Mecklenburg-Vorpommern,2021-10-22,,forecast,1.07298689254618,1.11153387398343,0.311713820170176,0.704556760765534,0.977789642624735,1.03830175333765,1.11121422970512,1.20651189707579,1.63635270782262
Mecklenburg-Vorpommern,2021-10-23,,forecast,1.07298689254618,1.11153387398343,0.311713820170176,0.704556760765534,0.977789642624735,1.03830175333765,1.11121422970512,1.20651189707579,1.63635270782262
Mecklenburg-Vorpommern,2021-10-24,,forecast,1.07298689254618,1.11153387398343,0.311713820170176,0.704556760765534,0.977789642624735,1.03830175333765,1.11121422970512,1.20651189707579,1.63635270782262
Mecklenburg-Vorpommern,2021-10-25,,forecast,1.07298689254618,1.11153387398343,0.311713820170176,0.704556760765534,0.977789642624735,1.03830175333765,1.11121422970512,1.20651189707579,1.63635270782262
Mecklenburg-Vorpommern,2021-10-26,,forecast,1.07298689254618,1.11153387398343,0.311713820170176,0.704556760765534,0.977789642624735,1.03830175333765,1.11121422970512,1.20651189707579,1.63635270782262
Mecklenburg-Vorpommern,2021-10-27,,forecast,1.07298689254618,1.11153387398343,0.311713820170176,0.704556760765534,0.977789642624735,1.03830175333765,1.11121422970512,1.20651189707579,1.63635270782262
Mecklenburg-Vorpommern,2021-10-28,,forecast,1.07298689254618,1.11153387398343,0.311713820170176,0.704556760765534,0.977789642624735,1.03830175333765,1.11121422970512,1.20651189707579,1.63635270782262
Mecklenburg-Vorpommern,2021-10-29,,forecast,1.07298689254618,1.11153387398343,0.311713820170176,0.704556760765534,0.977789642624735,1.03830175333765,1.11121422970512,1.20651189707579,1.63635270782262
Mecklenburg-Vorpommern,2021-10-30,,forecast,1.07298689254618,1.11153387398343,0.311713820170176,0.704556760765534,0.977789642624735,1.03830175333765,1.11121422970512,1.20651189707579,1.63635270782262
Mecklenburg-Vorpommern,2021-10-31,,forecast,1.07298689254618,1.11153387398343,0.311713820170176,0.704556760765534,0.977789642624735,1.03830175333765,1.11121422970512,1.20651189707579,1.63635270782262
Mecklenburg-Vorpommern,2021-11-01,,forecast,1.07298689254618,1.11153387398343,0.311713820170176,0.704556760765534,0.977789642624735,1.03830175333765,1.11121422970512,1.20651189707579,1.63635270782262
Mecklenburg-Vorpommern,2021-11-02,,forecast,1.07298689254618,1.11153387398343,0.311713820170176,0.704556760765534,0.977789642624735,1.03830175333765,1.11121422970512,1.20651189707579,1.63635270782262
Mecklenburg-Vorpommern,2021-11-03,,forecast,1.07298689254618,1.11153387398343,0.311713820170176,0.704556760765534,0.977789642624735,1.03830175333765,1.11121422970512,1.20651189707579,1.63635270782262
Mecklenburg-Vorpommern,2021-11-04,,forecast,1.07298689254618,1.11153387398343,0.311713820170176,0.704556760765534,0.977789642624735,1.03830175333765,1.11121422970512,1.20651189707579,1.63635270782262
Mecklenburg-Vorpommern,2021-11-05,,forecast,1.07298689254618,1.11153387398343,0.311713820170176,0.704556760765534,0.977789642624735,1.03830175333765,1.11121422970512,1.20651189707579,1.63635270782262
Mecklenburg-Vorpommern,2021-11-06,,forecast,1.07298689254618,1.11153387398343,0.311713820170176,0.704556760765534,0.977789642624735,1.03830175333765,1.11121422970512,1.20651189707579,1.63635270782262
Mecklenburg-Vorpommern,2021-11-07,,forecast,1.07298689254618,1.11153387398343,0.311713820170176,0.704556760765534,0.977789642624735,1.03830175333765,1.11121422970512,1.20651189707579,1.63635270782262
Mecklenburg-Vorpommern,2021-11-08,,forecast,1.07298689254618,1.11153387398343,0.311713820170176,0.704556760765534,0.977789642624735,1.03830175333765,1.11121422970512,1.20651189707579,1.63635270782262
Mecklenburg-Vorpommern,2021-11-09,,forecast,1.07298689254618,1.11153387398343,0.311713820170176,0.704556760765534,0.977789642624735,1.03830175333765,1.11121422970512,1.20651189707579,1.63635270782262
Mecklenburg-Vorpommern,2021-11-10,,forecast,1.07298689254618,1.11153387398343,0.311713820170176,0.704556760765534,0.977789642624735,1.03830175333765,1.11121422970512,1.20651189707579,1.63635270782262
Mecklenburg-Vorpommern,2021-11-11,,forecast,1.07298689254618,1.11153387398343,0.311713820170176,0.704556760765534,0.977789642624735,1.03830175333765,1.11121422970512,1.20651189707579,1.63635270782262
Mecklenburg-Vorpommern,2021-11-12,,forecast,1.07298689254618,1.11153387398343,0.311713820170176,0.704556760765534,0.977789642624735,1.03830175333765,1.11121422970512,1.20651189707579,1.63635270782262
Mecklenburg-Vorpommern,2021-11-13,,forecast,1.07298689254618,1.11153387398343,0.311713820170176,0.704556760765534,0.977789642624735,1.03830175333765,1.11121422970512,1.20651189707579,1.63635270782262
Mecklenburg-Vorpommern,2021-11-14,,forecast,1.07298689254618,1.11153387398343,0.311713820170176,0.704556760765534,0.977789642624735,1.03830175333765,1.11121422970512,1.20651189707579,1.63635270782262
Mecklenburg-Vorpommern,2021-11-15,,forecast,1.07298689254618,1.11153387398343,0.311713820170176,0.704556760765534,0.977789642624735,1.03830175333765,1.11121422970512,1.20651189707579,1.63635270782262
Mecklenburg-Vorpommern,2021-11-16,,forecast,1.07298689254618,1.11153387398343,0.311713820170176,0.704556760765534,0.977789642624735,1.03830175333765,1.11121422970512,1.20651189707579,1.63635270782262
Mecklenburg-Vorpommern,2021-11-17,,forecast,1.07298689254618,1.11153387398343,0.311713820170176,0.704556760765534,0.977789642624735,1.03830175333765,1.11121422970512,1.20651189707579,1.63635270782262
North Rhine-Westphalia,2021-07-27,,estimate,1.22409818740327,1.22547043059115,0.121619625602934,1.02473533137153,1.14520894718958,1.19196932512642,1.25498581272327,1.30126904985409,1.43118685891554
North Rhine-Westphalia,2021-07-28,,estimate,1.225149018839,1.22813704249462,0.113837263348617,1.04697700832063,1.15154488815247,1.19597795586503,1.25473641808721,1.2988394147151,1.42077950204888
North Rhine-Westphalia,2021-07-29,,estimate,1.22603676874381,1.23089668633606,0.10673281960735,1.06163387161495,1.15668397904588,1.20119100972362,1.25597570319908,1.29924157907697,1.41315943509004
North Rhine-Westphalia,2021-07-30,,estimate,1.22912163960095,1.23367541350914,0.100328868582415,1.07513264964688,1.16505876661119,1.20569331639747,1.25797845064001,1.29900375199653,1.40357795163283
North Rhine-Westphalia,2021-07-31,,estimate,1.23264781026535,1.23638540481386,0.0946231035926081,1.08744756897723,1.17105540760892,1.20848242983058,1.26073527093886,1.29801036058227,1.3977754589284
North Rhine-Westphalia,2021-08-01,,estimate,1.23588112029267,1.23892793496869,0.0895781350790729,1.09691896064184,1.17737157715327,1.21194775613025,1.26151883983067,1.29678791322306,1.39254361923325
North Rhine-Westphalia,2021-08-02,,estimate,1.2393922401474,1.24119797612422,0.0851165976026064,1.10596870864465,1.1831994539945,1.21497100430479,1.2607227410218,1.29523960989499,1.38740397005368
North Rhine-Westphalia,2021-08-03,,estimate,1.24112889057133,1.24309027060649,0.0811287393024893,1.11228431685023,1.18755055176579,1.21858354756567,1.26076930718667,1.29392525105208,1.37962961133309
North Rhine-Westphalia,2021-08-04,,estimate,1.24209955794293,1.2445062971981,0.077494692302337,1.12186659631356,1.19239873976344,1.22121025408243,1.26052816937442,1.29595777716098,1.37289105160048
North Rhine-Westphalia,2021-08-05,,estimate,1.24386711925066,1.24536115298258,0.0741146766623305,1.12829873559244,1.19590044798581,1.22310304274616,1.26062809564896,1.29420907865002,1.37057196402185
North Rhine-Westphalia,2021-08-06,,estimate,1.24379052895964,1.24558919147408,0.0709334259463825,1.13517403527158,1.19873047803179,1.22442898091915,1.26167768091664,1.29070144650791,1.36518793346293
North Rhine-Westphalia,2021-08-07,,estimate,1.24293274642485,1.245147449557,0.0679460495784329,1.14060165416089,1.1992705291891,1.22584963969124,1.26025221651519,1.2869771715789,1.35834459737077
North Rhine-Westphalia,2021-08-08,,estimate,1.24088723831659,1.24401642393621,0.0651819609669587,1.14261378130265,1.19997215807693,1.226510043187,1.25799464327248,1.28369419620549,1.35317541038392
North Rhine-Westphalia,2021-08-09,,estimate,1.23936468907546,1.24219839235183,0.0626759059037024,1.1439979422439,1.2002438359978,1.22643317396831,1.25488485302085,1.28039654436414,1.34813999158394
North Rhine-Westphalia,2021-08-10,,estimate,1.23686468246688,1.23971393197913,0.0604424860152918,1.14550181976311,1.19978196253272,1.22446307990382,1.25101581517398,1.27569911828672,1.34061679372434
North Rhine-Westphalia,2021-08-11,,estimate,1.23294699330446,1.23659741441827,0.0584675048552012,1.14411993580587,1.19946440103638,1.2206020891268,1.24900733014615,1.27047117391657,1.33555475629424
North Rhine-Westphalia,2021-08-12,,estimate,1.23047061408924,1.23289211578762,0.0567177519956816,1.14359789743765,1.19647851614396,1.21643242156942,1.2452350283536,1.26612701721977,1.32996044162278
North Rhine-Westphalia,2021-08-13,,estimate,1.22580502164297,1.22864537088018,0.0551591571651136,1.1413584755232,1.19314660057311,1.21326595743793,1.24018280740226,1.2610646153627,1.32339439064062
North Rhine-Westphalia,2021-08-14,,estimate,1.22115794132128,1.22390409374513,0.0537700272882463,1.14029374201891,1.18986015797367,1.20951904974394,1.23467722705929,1.25566710139006,1.31611493832246
North Rhine-Westphalia,2021-08-15,,estimate,1.21775634723837,1.21871101290481,0.0525422087271415,1.13740461817814,1.18551574726303,1.20541459662485,1.22878010613088,1.24840139773966,1.30801546603101
North Rhine-Westphalia,2021-08-16,,estimate,1.21231472481307,1.21310202576831,0.0514723556874035,1.13424918662547,1.18050037111031,1.20065891138322,1.22271245020384,1.24303213584137,1.29983562829537
North Rhine-Westphalia,2021-08-17,,estimate,1.20583458469231,1.20710503325463,0.0505511615909288,1.12756701095332,1.17569071667024,1.19443932165288,1.21599745816243,1.23667268407574,1.29081030776359
North Rhine-Westphalia,2021-08-18,,estimate,1.19862450391952,1.20074041621079,0.049757809523661,1.1239847258204,1.16961511717042,1.18744920068395,1.20897237780128,1.22886071954801,1.28607037585127
North Rhine-Westphalia,2021-08-19,,estimate,1.19124568710321,1.19402300895573,0.0490624221338146,1.1190529616736,1.16351282968653,1.18111301178988,1.20172277568062,1.22210079504201,1.28022522456751
North Rhine-Westphalia,2021-08-20,,estimate,1.18383021979846,1.18696511945426,0.0484351790839188,1.11307196548733,1.1562513416392,1.1732858708079,1.19495142217524,1.2154241002751,1.27085027466797
North Rhine-Westphalia,2021-08-21,,estimate,1.17616704725258,1.179579936284,0.047858442601319,1.10671295415548,1.14917011734016,1.16661441939808,1.18746619888598,1.20748701798918,1.26250471035567
North Rhine-Westphalia,2021-08-22,,estimate,1.16993137738029,1.17188460397919,0.0473357576813586,1.09826406594098,1.14184344595637,1.15878384269421,1.18004481581344,1.19933579276918,1.25361999097553
North Rhine-Westphalia,2021-08-23,,estimate,1.16190765565656,1.16390236449205,0.0468893563150615,1.08970105977761,1.13438272359288,1.15037527446474,1.17216887289779,1.19127352706193,1.24709016484
North Rhine-Westphalia,2021-08-24,,estimate,1.15334274799644,1.15566344380639,0.0465416560645504,1.08208635259287,1.12660747167073,1.14321644462901,1.16447041911381,1.18171824963184,1.2378045723617
North Rhine-Westphalia,2021-08-25,,estimate,1.14509120592649,1.14720472421699,0.0462890437486313,1.07436118418774,1.11887960539207,1.13550514889451,1.15579918656808,1.17376979937186,1.22957516280546
North Rhine-Westphalia,2021-08-26,,estimate,1.13726145671552,1.13856852099721,0.0460874350292557,1.06617908229332,1.11017482625406,1.12680657353785,1.14708225058378,1.16421162018151,1.21791081941775
North Rhine-Westphalia,2021-08-27,,estimate,1.1291677455839,1.12980084320753,0.0458635344972497,1.05684092791682,1.1009092989336,1.11856193752535,1.13866495130217,1.15596127761415,1.2079179451613
North Rhine-Westphalia,2021-08-28,,estimate,1.11976962916532,1.12094939009135,0.045545671226462,1.04885857935668,1.09262372128974,1.109557077144,1.13017229341777,1.1478759437848,1.19790997023283
North Rhine-Westphalia,2021-08-29,,estimate,1.11113769640945,1.11206139275965,0.045093655986219,1.0398073151212,1.08485021838843,1.10108416692965,1.12145560426855,1.13922284694619,1.18652924450647
North Rhine-Westphalia,2021-08-30,,estimate,1.10240980354484,1.10318140956751,0.0445108131657531,1.03198978660933,1.07682944974658,1.09331623191235,1.11269274322924,1.12996100217387,1.17620125357417
North Rhine-Westphalia,2021-08-31,,estimate,1.09434203021878,1.09434931204765,0.0438358940972274,1.02455016516818,1.06878449691151,1.08515333847756,1.10409542570449,1.11969761346325,1.16761499699817
North Rhine-Westphalia,2021-09-01,,estimate,1.08610252926554,1.08559881107808,0.0431243581612231,1.01664427115869,1.06053197505072,1.07679299016511,1.0948429499256,1.11082614659474,1.15794921949667
North Rhine-Westphalia,2021-09-02,,estimate,1.07698816926684,1.07695683795433,0.0424310813725739,1.00941120197616,1.05311663658443,1.06816990747697,1.08614576679027,1.1010309474102,1.14576029851206
North Rhine-Westphalia,2021-09-03,,estimate,1.06839640176261,1.0684439032146,0.0418014529798855,1.00139820613292,1.04418044751401,1.05879553992493,1.07736669691799,1.09198571663467,1.13461127955188
North Rhine-Westphalia,2021-09-04,,estimate,1.06011156479788,1.06007531087539,0.0412702022510024,0.993312380362255,1.03561463783899,1.0509097254706,1.06838211827876,1.08431267931181,1.1255219865819
North Rhine-Westphalia,2021-09-05,,estimate,1.05208461817588,1.05186293053069,0.0408624165433444,0.98377732812892,1.02819991438654,1.04263523379868,1.06064014560495,1.07653214157108,1.11674629684508
North Rhine-Westphalia,2021-09-06,,estimate,1.04417773606949,1.04381718129909,0.0405918662456764,0.976118380119932,1.01914829924072,1.03421509659209,1.05304340102319,1.06931694867065,1.10726472257893
North Rhine-Westphalia,2021-09-07,,estimate,1.03648512396622,1.03594892756214,0.040456753389135,0.970026985043917,1.01114302315774,1.02631856805711,1.04550473160466,1.06126316772024,1.0992466855155
North Rhine-Westphalia,2021-09-08,,estimate,1.02911547674588,1.02827104973277,0.0404378014354846,0.960430179427394,1.00300578462571,1.01972994209146,1.03759739786967,1.05359172712286,1.09096242599663
North Rhine-Westphalia,2021-09-09,,estimate,1.02145147336533,1.0207994830828,0.0405035756651783,0.952521088362903,0.996604900095216,1.01236847599142,1.0302756317869,1.0463365671328,1.08313215331251
North Rhine-Westphalia,2021-09-10,,estimate,1.01423579586644,1.01355353146447,0.0406226276023906,0.944801439140511,0.989300859255287,1.00493603713447,1.02345563853936,1.03924819723144,1.07598602711676
North Rhine-Westphalia,2021-09-11,,estimate,1.00770901100967,1.00655532451576,0.0407762013846176,0.939402407393678,0.98100417913934,0.998168453714097,1.01602158720444,1.03260266514999,1.0687854040825
North Rhine-Westphalia,2021-09-12,,estimate,1.00051907384066,0.999828438823377,0.0409640832452734,0.932719360306574,0.973979240239139,0.991802528932076,1.01012191717958,1.02634579020243,1.06219244137265
North Rhine-Westphalia,2021-09-13,,estimate,0.994335322702944,0.993395914871663,0.0412003450124589,0.924374041837092,0.968256835222542,0.98497204442315,1.00399308176032,1.02030375200489,1.05673894185619
North Rhine-Westphalia,2021-09-14,,estimate,0.989221703424427,0.987278084017815,0.0415015570314456,0.915563509246901,0.962419929031683,0.979236236247167,0.997843581834246,1.01407216944565,1.04835582191339
North Rhine-Westphalia,2021-09-15,,estimate,0.983569607007265,0.981490690680125,0.0418738336798066,0.908669481199098,0.956873681001346,0.973799948297355,0.992102932915367,1.00822736942512,1.04277997077752
North Rhine-Westphalia,2021-09-16,,estimate,0.977301569406493,0.97604372789919,0.0423056979657997,0.902201414757883,0.95147886736428,0.968471445169494,0.986939476219439,1.0027721085508,1.03926745689787
North Rhine-Westphalia,2021-09-17,,estimate,0.972491771930556,0.970941228679185,0.0427717881664706,0.897734012819043,0.946185452118783,0.963483611605056,0.98128395241295,0.997783514902423,1.03701612796959
North Rhine-Westphalia,2021-09-18,,estimate,0.967784377856852,0.966182024151967,0.0432483979886712,0.894878044799337,0.940494439648064,0.957666659214163,0.976543211950048,0.992772693502676,1.03434009631873
North Rhine-Westphalia,2021-09-19,,estimate,0.962727038361836,0.961761246649754,0.0437360780317771,0.891767217356361,0.934684661476107,0.952947184785388,0.971612195127534,0.988908605868082,1.03173885995276
North Rhine-Westphalia,2021-09-20,,estimate,0.958118151847525,0.957672177815245,0.0442787106602125,0.887679637656256,0.929517503740345,0.94763755739271,0.967521841397621,0.9854238146077,1.02781613229718
North Rhine-Westphalia,2021-09-21,,estimate,0.953555490468022,0.953907981915675,0.0449667146307502,0.884569410835572,0.925926546250975,0.942533170242609,0.96352719476711,0.981335037826111,1.02488919446048
North Rhine-Westphalia,2021-09-22,,estimate,0.950060958017086,0.950462964274508,0.0459188127194497,0.879903942753829,0.921891635965222,0.939025078433243,0.960379527663101,0.979283378568909,1.02255231648688
North Rhine-Westphalia,2021-09-23,,estimate,0.946212870219123,0.947333220547496,0.0472508475532475,0.872056844500938,0.917143428405148,0.936647745810311,0.957467549053146,0.978718972688998,1.02227967335165
North Rhine-Westphalia,2021-09-24,,estimate,0.943358396684968,0.944516769561923,0.0490504105844935,0.866447210445045,0.913826937312403,0.933361011976447,0.954932306636613,0.976766226293918,1.02184064123304
North Rhine-Westphalia,2021-09-25,,estimate,0.941798654808568,0.942013353315253,0.0513707280975811,0.857841595094095,0.909259220898677,0.930671555744647,0.954077728453512,0.974678905150552,1.02266316891677
North Rhine-Westphalia,2021-09-26,,estimate,0.939810221814192,0.93982401329601,0.0542405455131621,0.851335215472458,0.904736703647007,0.927739238174797,0.952699321528658,0.974064554610164,1.02382744185035
North Rhine-Westphalia,2021-09-27,,estimate,0.938563025468634,0.937950419878497,0.0576765185512982,0.84477636100718,0.902338692090386,0.925002436694497,0.950913309533338,0.974653761563033,1.02872777514376
North Rhine-Westphalia,2021-09-28,,estimate,0.937244486257883,0.936393878296467,0.0616889004826063,0.836977278956479,0.897567387526381,0.923185669495739,0.950291865972958,0.976141039452221,1.03276840345318
North Rhine-Westphalia,2021-09-29,,estimate,0.935786164701216,0.93515400561069,0.0662805888030802,0.829790591894066,0.892653243705772,0.920833995347805,0.950690955904759,0.97665435145509,1.03861451934251
North Rhine-Westphalia,2021-09-30,,estimate based on partial data,0.935617426807989,0.934227210724761,0.071443646799938,0.821281179105009,0.889904093713793,0.917829244880745,0.951842231830346,0.978240561089878,1.04554462314042
North Rhine-Westphalia,2021-10-01,,estimate based on partial data,0.934101851556654,0.93360523271766,0.0771563763444309,0.811692551908376,0.886678438499987,0.916251333012913,0.952172537105697,0.980783959765605,1.05292348029895
North Rhine-Westphalia,2021-10-02,,estimate based on partial data,0.932584535391663,0.933274055500476,0.0833823167541257,0.801900566866759,0.882524678498072,0.915330248255494,0.952507391105727,0.983772118941885,1.06380625560515
North Rhine-Westphalia,2021-10-03,,estimate based on partial data,0.931990713000725,0.933213505181301,0.0900717913286507,0.791773141354524,0.879063283185839,0.913440500537861,0.953418913918425,0.988336310197554,1.07538742609894
North Rhine-Westphalia,2021-10-04,,estimate based on partial data,0.932004369554235,0.933397747067433,0.0971661306089532,0.78116886056845,0.875229278826996,0.910954222267041,0.953134621828597,0.991194540173901,1.08686476623458
North Rhine-Westphalia,2021-10-05,,estimate based on partial data,0.933347587246697,0.933796737183515,0.104604076877655,0.770889594749906,0.872213757182218,0.908230955035592,0.95475604718178,0.994821572930364,1.10160610520622
North Rhine-Westphalia,2021-10-06,,estimate based on partial data,0.932240942506237,0.934378474722756,0.112329275487264,0.761180172972014,0.868145156971413,0.906788274790706,0.955290613881083,0.998727241363068,1.11808877191292
North Rhine-Westphalia,2021-10-07,,estimate based on partial data,0.932627059700524,0.935111699537001,0.120297288979076,0.751242259949378,0.864695656625124,0.903887246848315,0.955183782673211,1.00166140940702,1.13885790629547
North Rhine-Westphalia,2021-10-08,,estimate based on partial data,0.933156889494704,0.935968550297716,0.128480384560154,0.741468831832652,0.861126006471894,0.903046849109502,0.957499837588479,1.00552347119272,1.15310549946499
North Rhine-Westphalia,2021-10-09,,estimate based on partial data,0.931744911915806,0.936926699389285,0.136868807496298,0.731986005789277,0.856928017613433,0.902304865897147,0.959173091856449,1.01063541910547,1.16854843076026
North Rhine-Westphalia,2021-10-10,,estimate based on partial data,0.931119185155453,0.937970618770059,0.145468498304069,0.718777938745879,0.854420783342923,0.90050823209287,0.961404640092032,1.01382712252565,1.18372212495586
North Rhine-Westphalia,2021-10-11,,estimate based on partial data,0.931057209584431,0.939091853619253,0.154296696051131,0.702596703331878,0.84878143583072,0.898230088905268,0.963614326817284,1.01882858099157,1.20078480805066
North Rhine-Westphalia,2021-10-12,,estimate based on partial data,0.931352901481359,0.940288394477163,0.163377628245688,0.694587683186246,0.842632950073639,0.895540266908353,0.964071083750306,1.02349890243845,1.21722515707632
North Rhine-Westphalia,2021-10-13,,estimate based on partial data,0.930644561106509,0.941563364744082,0.172739925068453,0.6829230487181,0.841637474639645,0.89337803276966,0.965508553649397,1.02829660275653,1.23789279819181
North Rhine-Westphalia,2021-10-14,,estimate based on partial data,0.931417027000813,0.942923261936208,0.182415829719141,0.675695323964405,0.837115835189883,0.8914562197179,0.967925193195642,1.03283822793226,1.25003469941466
North Rhine-Westphalia,2021-10-15,,estimate based on partial data,0.930697173762775,0.944375957291483,0.192440754099964,0.666239243577544,0.835243600760568,0.889642096599736,0.969062119733671,1.03819829689849,1.25872269626193
North Rhine-Westphalia,2021-10-16,,estimate based on partial data,0.931028047860234,0.945928639555147,0.20285129154063,0.658113974636434,0.831102461963203,0.887223369510967,0.967315030818607,1.04408539325176,1.28743496563119
North Rhine-Westphalia,2021-10-17,,estimate based on partial data,0.92909752658738,0.947585917007337,0.213680733643741,0.652845463842391,0.829022181279879,0.886951788551554,0.968471670449871,1.04758435237985,1.29722153836411
North Rhine-Westphalia,2021-10-18,,forecast,0.92909752658738,0.947585917007337,0.213680733643741,0.652845463842391,0.829022181279879,0.886951788551554,0.968471670449871,1.04758435237985,1.29722153836411
North Rhine-Westphalia,2021-10-19,,forecast,0.92909752658738,0.947585917007337,0.213680733643741,0.652845463842391,0.829022181279879,0.886951788551554,0.968471670449871,1.04758435237985,1.29722153836411
North Rhine-Westphalia,2021-10-20,,forecast,0.92909752658738,0.947585917007337,0.213680733643741,0.652845463842391,0.829022181279879,0.886951788551554,0.968471670449871,1.04758435237985,1.29722153836411
North Rhine-Westphalia,2021-10-21,,forecast,0.92909752658738,0.947585917007337,0.213680733643741,0.652845463842391,0.829022181279879,0.886951788551554,0.968471670449871,1.04758435237985,1.29722153836411
North Rhine-Westphalia,2021-10-22,,forecast,0.92909752658738,0.947585917007337,0.213680733643741,0.652845463842391,0.829022181279879,0.886951788551554,0.968471670449871,1.04758435237985,1.29722153836411
North Rhine-Westphalia,2021-10-23,,forecast,0.92909752658738,0.947585917007337,0.213680733643741,0.652845463842391,0.829022181279879,0.886951788551554,0.968471670449871,1.04758435237985,1.29722153836411
North Rhine-Westphalia,2021-10-24,,forecast,0.92909752658738,0.947585917007337,0.213680733643741,0.652845463842391,0.829022181279879,0.886951788551554,0.968471670449871,1.04758435237985,1.29722153836411
North Rhine-Westphalia,2021-10-25,,forecast,0.92909752658738,0.947585917007337,0.213680733643741,0.652845463842391,0.829022181279879,0.886951788551554,0.968471670449871,1.04758435237985,1.29722153836411
North Rhine-Westphalia,2021-10-26,,forecast,0.92909752658738,0.947585917007337,0.213680733643741,0.652845463842391,0.829022181279879,0.886951788551554,0.968471670449871,1.04758435237985,1.29722153836411
North Rhine-Westphalia,2021-10-27,,forecast,0.92909752658738,0.947585917007337,0.213680733643741,0.652845463842391,0.829022181279879,0.886951788551554,0.968471670449871,1.04758435237985,1.29722153836411
North Rhine-Westphalia,2021-10-28,,forecast,0.92909752658738,0.947585917007337,0.213680733643741,0.652845463842391,0.829022181279879,0.886951788551554,0.968471670449871,1.04758435237985,1.29722153836411
North Rhine-Westphalia,2021-10-29,,forecast,0.92909752658738,0.947585917007337,0.213680733643741,0.652845463842391,0.829022181279879,0.886951788551554,0.968471670449871,1.04758435237985,1.29722153836411
North Rhine-Westphalia,2021-10-30,,forecast,0.92909752658738,0.947585917007337,0.213680733643741,0.652845463842391,0.829022181279879,0.886951788551554,0.968471670449871,1.04758435237985,1.29722153836411
North Rhine-Westphalia,2021-10-31,,forecast,0.92909752658738,0.947585917007337,0.213680733643741,0.652845463842391,0.829022181279879,0.886951788551554,0.968471670449871,1.04758435237985,1.29722153836411
North Rhine-Westphalia,2021-11-01,,forecast,0.92909752658738,0.947585917007337,0.213680733643741,0.652845463842391,0.829022181279879,0.886951788551554,0.968471670449871,1.04758435237985,1.29722153836411
North Rhine-Westphalia,2021-11-02,,forecast,0.92909752658738,0.947585917007337,0.213680733643741,0.652845463842391,0.829022181279879,0.886951788551554,0.968471670449871,1.04758435237985,1.29722153836411
North Rhine-Westphalia,2021-11-03,,forecast,0.92909752658738,0.947585917007337,0.213680733643741,0.652845463842391,0.829022181279879,0.886951788551554,0.968471670449871,1.04758435237985,1.29722153836411
North Rhine-Westphalia,2021-11-04,,forecast,0.92909752658738,0.947585917007337,0.213680733643741,0.652845463842391,0.829022181279879,0.886951788551554,0.968471670449871,1.04758435237985,1.29722153836411
North Rhine-Westphalia,2021-11-05,,forecast,0.92909752658738,0.947585917007337,0.213680733643741,0.652845463842391,0.829022181279879,0.886951788551554,0.968471670449871,1.04758435237985,1.29722153836411
North Rhine-Westphalia,2021-11-06,,forecast,0.92909752658738,0.947585917007337,0.213680733643741,0.652845463842391,0.829022181279879,0.886951788551554,0.968471670449871,1.04758435237985,1.29722153836411
North Rhine-Westphalia,2021-11-07,,forecast,0.92909752658738,0.947585917007337,0.213680733643741,0.652845463842391,0.829022181279879,0.886951788551554,0.968471670449871,1.04758435237985,1.29722153836411
North Rhine-Westphalia,2021-11-08,,forecast,0.92909752658738,0.947585917007337,0.213680733643741,0.652845463842391,0.829022181279879,0.886951788551554,0.968471670449871,1.04758435237985,1.29722153836411
North Rhine-Westphalia,2021-11-09,,forecast,0.92909752658738,0.947585917007337,0.213680733643741,0.652845463842391,0.829022181279879,0.886951788551554,0.968471670449871,1.04758435237985,1.29722153836411
North Rhine-Westphalia,2021-11-10,,forecast,0.92909752658738,0.947585917007337,0.213680733643741,0.652845463842391,0.829022181279879,0.886951788551554,0.968471670449871,1.04758435237985,1.29722153836411
North Rhine-Westphalia,2021-11-11,,forecast,0.92909752658738,0.947585917007337,0.213680733643741,0.652845463842391,0.829022181279879,0.886951788551554,0.968471670449871,1.04758435237985,1.29722153836411
North Rhine-Westphalia,2021-11-12,,forecast,0.92909752658738,0.947585917007337,0.213680733643741,0.652845463842391,0.829022181279879,0.886951788551554,0.968471670449871,1.04758435237985,1.29722153836411
North Rhine-Westphalia,2021-11-13,,forecast,0.92909752658738,0.947585917007337,0.213680733643741,0.652845463842391,0.829022181279879,0.886951788551554,0.968471670449871,1.04758435237985,1.29722153836411
North Rhine-Westphalia,2021-11-14,,forecast,0.92909752658738,0.947585917007337,0.213680733643741,0.652845463842391,0.829022181279879,0.886951788551554,0.968471670449871,1.04758435237985,1.29722153836411
North Rhine-Westphalia,2021-11-15,,forecast,0.92909752658738,0.947585917007337,0.213680733643741,0.652845463842391,0.829022181279879,0.886951788551554,0.968471670449871,1.04758435237985,1.29722153836411
North Rhine-Westphalia,2021-11-16,,forecast,0.92909752658738,0.947585917007337,0.213680733643741,0.652845463842391,0.829022181279879,0.886951788551554,0.968471670449871,1.04758435237985,1.29722153836411
North Rhine-Westphalia,2021-11-17,,forecast,0.92909752658738,0.947585917007337,0.213680733643741,0.652845463842391,0.829022181279879,0.886951788551554,0.968471670449871,1.04758435237985,1.29722153836411
Opolskie,2021-07-28,,estimate,1.11765067541587,1.11696000951741,0.159903830710094,0.860723713168026,1.01111670142211,1.07392513456737,1.15982746949071,1.22366907293745,1.38033823704126
Opolskie,2021-07-29,,estimate,1.11849005886169,1.11451820464551,0.156718734755225,0.862444485746006,1.0083274395406,1.07416312214459,1.15787728867305,1.22109891275634,1.36437472786784
Opolskie,2021-07-30,,estimate,1.11860810605036,1.1124343414493,0.155528271953511,0.861087662544009,1.00578409015669,1.07582271825456,1.15799014868354,1.21852991958558,1.35293404067648
Opolskie,2021-07-31,,estimate,1.11872957259014,1.11070005018629,0.155875633474993,0.852847270317133,1.00211838734375,1.07539043598418,1.15733052675335,1.21767880033303,1.34564536801116
Opolskie,2021-08-01,,estimate,1.1178343219186,1.10931787154425,0.157295578146292,0.844292244597023,1.00449805470167,1.07745852239624,1.15768574294196,1.21823300147318,1.34043275415672
Opolskie,2021-08-02,,estimate,1.11973373245475,1.10829935746159,0.159353879482857,0.837827554532381,1.00605575507607,1.07840223009619,1.15715810803254,1.21723746495804,1.33976606461074
Opolskie,2021-08-03,,estimate,1.12384031801991,1.10766275913325,0.161687372829586,0.829719712021545,1.00650297188848,1.07924148000552,1.15815343061403,1.21594787380271,1.34260207886267
Opolskie,2021-08-04,,estimate,1.12418102411734,1.10743076001906,0.164030512081936,0.821513427369609,1.00632198922817,1.08194941196025,1.16169796943448,1.21592798132215,1.34478182386948
Opolskie,2021-08-05,,estimate,1.12500387455044,1.1076281025481,0.166219152553376,0.813161906439947,1.00641671133922,1.08296530585276,1.16317685710352,1.21660227478991,1.34685269132297
Opolskie,2021-08-06,,estimate,1.12833270033342,1.1082787266493,0.168172249414222,0.812346020165623,1.00720695787898,1.08408746233597,1.16378754049729,1.21848397488128,1.35411121317195
Opolskie,2021-08-07,,estimate,1.12817964280344,1.10940232188529,0.169861391478776,0.807076538072603,1.00908882465235,1.08730664015194,1.16585045696851,1.21872464022866,1.35860765083299
Opolskie,2021-08-08,,estimate,1.13219793094715,1.11101070807682,0.171281199614456,0.801338310866831,1.01213557439373,1.08973292935317,1.16784351795017,1.21873675477402,1.36246374134424
Opolskie,2021-08-09,,estimate,1.13320648083332,1.1131048290846,0.172429401069397,0.799458976173233,1.01601094340922,1.09234795633288,1.17123064663414,1.21933701345446,1.36654653542937
Opolskie,2021-08-10,,estimate,1.13691414651928,1.11567321942206,0.173298059129413,0.80175064912076,1.01777422270269,1.09414109694528,1.17457452527685,1.22407735361313,1.37093239943629
Opolskie,2021-08-11,,estimate,1.14043605241819,1.11869264752504,0.173872429299904,0.8012836747163,1.01980659554038,1.09847489928101,1.17751242031435,1.22756316299054,1.37465881989413
Opolskie,2021-08-12,,estimate,1.14426568350797,1.12213133180709,0.174133401377797,0.80716738088178,1.02413684308358,1.10058785754083,1.17960278082714,1.23103220247776,1.38270399328094
Opolskie,2021-08-13,,estimate,1.14530192584746,1.12595464851701,0.174061855351221,0.80309898034062,1.03104150870558,1.10347614124627,1.18165045200912,1.23405651106202,1.38503952145631
Opolskie,2021-08-14,,estimate,1.14833426441147,1.1301325730117,0.173644754009966,0.808039606983602,1.03883896425518,1.10921028777726,1.18563255159305,1.2358099677913,1.39367293919158
Opolskie,2021-08-15,,estimate,1.15463506252381,1.13464735530302,0.172880860526584,0.81495700553107,1.04498093448449,1.11255686722655,1.19040420143403,1.23743853690419,1.39718881428254
Opolskie,2021-08-16,,estimate,1.15871130302227,1.13949950378493,0.171781460486273,0.826025718700564,1.04843639648878,1.11845618064528,1.19333133167797,1.2398142535,1.39887838825461
Opolskie,2021-08-17,,estimate,1.16246093824794,1.14471043134437,0.17036444126483,0.836901467712892,1.05480388737474,1.12317453636272,1.19583553169558,1.2445528564999,1.40390630090501
Opolskie,2021-08-18,,estimate,1.16664736137625,1.15032110575473,0.168648065381369,0.839738472503015,1.06295522620723,1.1286728505862,1.19870435836647,1.24684313573266,1.405801228841
Opolskie,2021-08-19,,estimate,1.1716971325239,1.15638721670097,0.166654349266985,0.855963806296635,1.07050925333542,1.13542367435506,1.20315156741268,1.24997755564958,1.40376552297063
Opolskie,2021-08-20,,estimate,1.17540097382855,1.16297208844455,0.164424803706718,0.873111439633222,1.08298195449137,1.14114552049202,1.20777808901939,1.25320255728919,1.40772789253322
Opolskie,2021-08-21,,estimate,1.18186438607006,1.1701386321701,0.162039603273829,0.889888530822606,1.09058862208313,1.14866180064406,1.21018110674243,1.25691039199955,1.41442269221675
Opolskie,2021-08-22,,estimate,1.18686048861507,1.17794135237905,0.159626627119136,0.911975819581653,1.1000741852349,1.15742485793731,1.21414986339107,1.26229465559941,1.41824334156352
Opolskie,2021-08-23,,estimate,1.19351062275803,1.18641916817287,0.157353435257386,0.926117489360395,1.11097168987526,1.16533396411721,1.21994928717332,1.26876999393601,1.42814045218039
Opolskie,2021-08-24,,estimate,1.20087180340291,1.19558963788809,0.155406774889087,0.944893475069159,1.1214234778606,1.1734964420802,1.22657221447137,1.27589553877684,1.4355388806092
Opolskie,2021-08-25,,estimate,1.20769960393248,1.20544491015353,0.153970721154588,0.970797034170225,1.12860681896896,1.18010013359825,1.23468506332446,1.28203121497992,1.44354984017722
Opolskie,2021-08-26,,estimate,1.21616743066883,1.21594932110775,0.153211582706959,0.989717088378712,1.13759964386466,1.18753631318254,1.24188399858188,1.28830142437571,1.45804964200837
Opolskie,2021-08-27,,estimate,1.22115833569685,1.22703825358596,0.153270487786897,1.00657715310452,1.14833317053642,1.19240535358175,1.2491420052418,1.29685333776338,1.47078133868166
Opolskie,2021-08-28,,estimate,1.22654492362268,1.23861794331541,0.154262413165871,1.0234350584886,1.15770383015268,1.20038741026415,1.25708354106721,1.30840857160305,1.48871604262533
Opolskie,2021-08-29,,estimate,1.23391854879556,1.25056630452075,0.15628400374796,1.03769144826831,1.16576477302118,1.20936863491615,1.26532877294796,1.32075854809638,1.50918866699396
Opolskie,2021-08-30,,estimate,1.24366726108194,1.26273512698266,0.159430225700989,1.05101855252568,1.17094044705256,1.2164476895643,1.27441663386562,1.33383414885667,1.53367405039624
Opolskie,2021-08-31,,estimate,1.24989102074106,1.27495377858998,0.163804490093616,1.06984244671348,1.17805362430043,1.22283689544504,1.28396537520771,1.34505520006772,1.56001527599045
Opolskie,2021-09-01,,estimate,1.25674971711494,1.28703394995766,0.169494131415652,1.08514962742598,1.18345651713424,1.22889486813583,1.28917061336149,1.3565335460116,1.60162074427974
Opolskie,2021-09-02,,estimate,1.26221214320351,1.29877460625722,0.176499456097185,1.09408448508826,1.19034249088701,1.23255671828959,1.29719781970633,1.36725094627492,1.62295049016063
Opolskie,2021-09-03,,estimate,1.26766708894552,1.30996664325627,0.184648265476241,1.10758933360868,1.19410473012815,1.23655234017623,1.30538432874923,1.3822828942942,1.6454570054707
Opolskie,2021-09-04,,estimate,1.2720759860428,1.32039753705759,0.193556064107986,1.11595909495342,1.19891576110471,1.23958937671409,1.31120664378052,1.39827932293071,1.67657725681327
Opolskie,2021-09-05,,estimate,1.27604568460496,1.32985673484801,0.20266828694921,1.12028711974091,1.20171462210394,1.24496403761414,1.31464336708731,1.40780211838017,1.71202360324841
Opolskie,2021-09-06,,estimate,1.28045067340519,1.33814214033052,0.21136467490416,1.12485623050559,1.20472524545241,1.24622966586012,1.32261497544516,1.4179868556909,1.73069243971549
Opolskie,2021-09-07,,estimate,1.2813172140395,1.34506712657438,0.219070263716206,1.12171404674289,1.20846953625195,1.25036524505946,1.32804974804996,1.4236761230882,1.75871188651315
Opolskie,2021-09-08,,estimate,1.28727121654729,1.35046687653643,0.225326741971856,1.12035877807873,1.20963854468754,1.25208338936376,1.32979671349089,1.42660496929332,1.78093417155261
Opolskie,2021-09-09,,estimate,1.29014759716598,1.35420298320423,0.229814544843446,1.12264710388233,1.21109148687506,1.2558684197368,1.33346385314715,1.42372376484436,1.80755869999363
Opolskie,2021-09-10,,estimate,1.29183052619435,1.35616588113954,0.23234845162015,1.12431641737071,1.20941368343346,1.25732764292266,1.33448265455499,1.4271807466577,1.8131028495226
Opolskie,2021-09-11,,estimate,1.29209463479187,1.35627523076232,0.232876575556123,1.12231061138823,1.2101754418896,1.25628788170902,1.33107801553245,1.42601184996147,1.80901559887291
Opolskie,2021-09-12,,estimate,1.29136498065937,1.35447855418604,0.23149352688809,1.12446510165581,1.20956258359803,1.25714097083854,1.32816086865556,1.42150064554702,1.80371269422627
Opolskie,2021-09-13,,estimate,1.28656656802094,1.35074850907293,0.228447580724689,1.12513803622135,1.20947514792231,1.25543332734673,1.32466685665994,1.42017102831194,1.80732095471112
Opolskie,2021-09-14,,estimate,1.28465693742709,1.34507971929019,0.22409834405158,1.12283755443191,1.20626761110509,1.25065598395069,1.32223704365967,1.41011685271158,1.78615950389707
Opolskie,2021-09-15,,estimate,1.27981567324321,1.3374872485717,0.218792229428267,1.11613436751729,1.20137636736849,1.2462187396836,1.32004031162176,1.40228336135702,1.76564262670067
Opolskie,2021-09-16,,estimate,1.27622596155609,1.32800985657067,0.212696073186917,1.10603851667573,1.19873695440926,1.24215125857398,1.31252418315226,1.39480693039131,1.72269037576342
Opolskie,2021-09-17,,estimate,1.2688200527627,1.31672036297047,0.205733540698671,1.10057222896255,1.19481060263668,1.23671478293618,1.3072860197221,1.38127838623824,1.69084019056661
Opolskie,2021-09-18,,estimate,1.26382598715399,1.30374141476184,0.197763260124973,1.08688276060787,1.19021057350092,1.23011978013146,1.2979285854488,1.36843823256983,1.65390472612906
Opolskie,2021-09-19,,estimate,1.25523039463289,1.28925935979367,0.188925473954193,1.0736699825932,1.1840453922574,1.22463880286029,1.28960191265365,1.35429324260957,1.60686995157571
Opolskie,2021-09-20,,estimate,1.24525205726935,1.27352686577819,0.179863883657732,1.05952740665193,1.17600590321082,1.21631937880874,1.27945512890112,1.34062418000035,1.55711703441707
Opolskie,2021-09-21,,estimate,1.23502816649223,1.25685004619486,0.171614270633713,1.03451402264605,1.16453103053561,1.21003596183577,1.26982154694783,1.3268793957949,1.51424654205979
Opolskie,2021-09-22,,estimate,1.2244998887949,1.23956473160344,0.165270671604537,1.01034690533702,1.15360956147378,1.19966418571582,1.2589330413519,1.30926211121949,1.48832022543292
Opolskie,2021-09-23,,estimate,1.21527960361527,1.2220112384755,0.161688056528227,0.97636520088713,1.14329612400329,1.1909807795801,1.24538955820831,1.29838066615277,1.46978994238894
Opolskie,2021-09-24,,estimate,1.20482273687851,1.20451434196241,0.161329240821907,0.940536689853884,1.12626206265685,1.17895521752868,1.2345120871052,1.28463585275004,1.44697839490228
Opolskie,2021-09-25,,estimate,1.19505956371074,1.18736969265309,0.164215212218907,0.904997487043932,1.10662926474271,1.16519854483896,1.22383070902369,1.27482403983824,1.43330762261095
Opolskie,2021-09-26,,estimate,1.18492048497705,1.1708351106448,0.169965922000713,0.874861696630667,1.08670485297317,1.1520373316819,1.21572023223248,1.26988109987678,1.42545063579806
Opolskie,2021-09-27,,estimate,1.17693279559918,1.15512558987025,0.177944695873161,0.831120424130402,1.0664476997728,1.14078410493489,1.20879163567818,1.2649943756016,1.41336275184301
Opolskie,2021-09-28,,estimate,1.16885137502793,1.14041178810904,0.187450627568299,0.789140779747687,1.04779320342569,1.12857182290578,1.20243150297503,1.25841806447136,1.40496487967217
Opolskie,2021-09-29,,estimate,1.16269745935998,1.12682163990368,0.19786824373729,0.755956022684921,1.02750006194207,1.1187273234483,1.19807357361027,1.25222259073239,1.40025752461627
Opolskie,2021-09-30,,estimate,1.15477717254761,1.11444398690374,0.208733428435574,0.721577393570488,1.00863806318405,1.10867126073389,1.19408604959241,1.24796614476304,1.40026292456323
Opolskie,2021-10-01,,estimate based on partial data,1.1494824037781,1.1033328103212,0.219732458786236,0.690858193639083,0.991677693924082,1.09780701425543,1.1903404789276,1.24449718512865,1.39652119698535
Opolskie,2021-10-02,,estimate based on partial data,1.14622049392316,1.09351111045118,0.230669812885814,0.659227478209238,0.973307789357355,1.08922037312846,1.18737726408259,1.2438141755282,1.39657037572937
Opolskie,2021-10-03,,estimate based on partial data,1.14302517601782,1.08497431459191,0.241432595953197,0.607482558333421,0.959783392068807,1.08107545060443,1.18374235835947,1.24300439780653,1.40162269835966
Opolskie,2021-10-04,,estimate based on partial data,1.13847075276491,1.07769372423332,0.251966122392103,0.577863383176852,0.94312589124665,1.0761644044859,1.18255727839598,1.24202542547713,1.40689046513051
Opolskie,2021-10-05,,estimate based on partial data,1.13178193613292,1.0716206063484,0.262264750513498,0.551482352068347,0.93147167501896,1.07371000190543,1.17878347094423,1.24154691369325,1.42007603054572
Opolskie,2021-10-06,,estimate based on partial data,1.12893285236058,1.06669116945921,0.272374821477575,0.522215402449884,0.9242076212555,1.06696456781812,1.17904604909234,1.2423095275956,1.43023181920832
Opolskie,2021-10-07,,estimate based on partial data,1.12651922652471,1.06283221181035,0.282401576759419,0.495215825700233,0.913551088610673,1.0582161687542,1.17897907732862,1.24597921932191,1.44474086442517
Opolskie,2021-10-08,,estimate based on partial data,1.12298494923843,1.05996700662761,0.2925101471,0.474910552850937,0.906651068273285,1.0565037556812,1.1798140861834,1.24916223512095,1.45170897689247
Opolskie,2021-10-09,,estimate based on partial data,1.12125661982923,1.05802091492923,0.302913887543987,0.452765636023196,0.902855079770221,1.05073743555279,1.17892734650034,1.24765325187382,1.46896369234401
Opolskie,2021-10-10,,estimate based on partial data,1.11900814922548,1.05692594780248,0.313850115485729,0.439632367576798,0.892105933820213,1.04680995707343,1.17893390029536,1.25024882624441,1.48328918310074
Opolskie,2021-10-11,,estimate based on partial data,1.11871596466369,1.05662318992395,0.325549836407905,0.427346463113572,0.887316935818215,1.04543375616586,1.17772047412019,1.25303426671583,1.49677535480169
Opolskie,2021-10-12,,estimate based on partial data,1.1193638679523,1.05706247012709,0.338213638764218,0.411399970193216,0.880186395720505,1.04121904236107,1.17677077661276,1.25492089070215,1.5176082998764
Opolskie,2021-10-13,,estimate based on partial data,1.11962678668445,1.05820010808293,0.352008408731827,0.38909528893033,0.875083914167139,1.04308980456535,1.17843719654739,1.25755594974399,1.53430908389955
Opolskie,2021-10-14,,estimate based on partial data,1.11929711331021,1.05999661760143,0.367088676112617,0.371660350661507,0.868024464900717,1.04336834307769,1.17933445196435,1.25701927328649,1.55589386589291
Opolskie,2021-10-15,,estimate based on partial data,1.12153506088774,1.06241562116996,0.383623123951548,0.368122362153342,0.864934914927573,1.03989464079736,1.18089781334759,1.26052092317852,1.5805505039009
Opolskie,2021-10-16,,estimate based on partial data,1.12309788027207,1.06542364760385,0.401796935017742,0.354192746875205,0.860381475146123,1.04103189912426,1.18074927573245,1.26694801994004,1.60417803253664
Opolskie,2021-10-17,,estimate based on partial data,1.12588905250676,1.06898972936272,0.421783819326028,0.350443039021494,0.857240498673847,1.04155790277198,1.18134049326609,1.27092672780793,1.61900101924239
Opolskie,2021-10-18,,estimate based on partial data,1.12735211593258,1.07308435505567,0.443717025578615,0.34221316056342,0.849858130422262,1.0398722727937,1.18437350470968,1.27345405207489,1.63691983687654
Opolskie,2021-10-19,,forecast,1.12735211593258,1.07308435505567,0.443717025578615,0.34221316056342,0.849858130422262,1.0398722727937,1.18437350470968,1.27345405207489,1.63691983687654
Opolskie,2021-10-20,,forecast,1.12735211593258,1.07308435505567,0.443717025578615,0.34221316056342,0.849858130422262,1.0398722727937,1.18437350470968,1.27345405207489,1.63691983687654
Opolskie,2021-10-21,,forecast,1.12735211593258,1.07308435505567,0.443717025578615,0.34221316056342,0.849858130422262,1.0398722727937,1.18437350470968,1.27345405207489,1.63691983687654
Opolskie,2021-10-22,,forecast,1.12735211593258,1.07308435505567,0.443717025578615,0.34221316056342,0.849858130422262,1.0398722727937,1.18437350470968,1.27345405207489,1.63691983687654
Opolskie,2021-10-23,,forecast,1.12735211593258,1.07308435505567,0.443717025578615,0.34221316056342,0.849858130422262,1.0398722727937,1.18437350470968,1.27345405207489,1.63691983687654
Opolskie,2021-10-24,,forecast,1.12735211593258,1.07308435505567,0.443717025578615,0.34221316056342,0.849858130422262,1.0398722727937,1.18437350470968,1.27345405207489,1.63691983687654
Opolskie,2021-10-25,,forecast,1.12735211593258,1.07308435505567,0.443717025578615,0.34221316056342,0.849858130422262,1.0398722727937,1.18437350470968,1.27345405207489,1.63691983687654
Opolskie,2021-10-26,,forecast,1.12735211593258,1.07308435505567,0.443717025578615,0.34221316056342,0.849858130422262,1.0398722727937,1.18437350470968,1.27345405207489,1.63691983687654
Opolskie,2021-10-27,,forecast,1.12735211593258,1.07308435505567,0.443717025578615,0.34221316056342,0.849858130422262,1.0398722727937,1.18437350470968,1.27345405207489,1.63691983687654
Opolskie,2021-10-28,,forecast,1.12735211593258,1.07308435505567,0.443717025578615,0.34221316056342,0.849858130422262,1.0398722727937,1.18437350470968,1.27345405207489,1.63691983687654
Opolskie,2021-10-29,,forecast,1.12735211593258,1.07308435505567,0.443717025578615,0.34221316056342,0.849858130422262,1.0398722727937,1.18437350470968,1.27345405207489,1.63691983687654
Opolskie,2021-10-30,,forecast,1.12735211593258,1.07308435505567,0.443717025578615,0.34221316056342,0.849858130422262,1.0398722727937,1.18437350470968,1.27345405207489,1.63691983687654
Opolskie,2021-10-31,,forecast,1.12735211593258,1.07308435505567,0.443717025578615,0.34221316056342,0.849858130422262,1.0398722727937,1.18437350470968,1.27345405207489,1.63691983687654
Opolskie,2021-11-01,,forecast,1.12735211593258,1.07308435505567,0.443717025578615,0.34221316056342,0.849858130422262,1.0398722727937,1.18437350470968,1.27345405207489,1.63691983687654
Opolskie,2021-11-02,,forecast,1.12735211593258,1.07308435505567,0.443717025578615,0.34221316056342,0.849858130422262,1.0398722727937,1.18437350470968,1.27345405207489,1.63691983687654
Opolskie,2021-11-03,,forecast,1.12735211593258,1.07308435505567,0.443717025578615,0.34221316056342,0.849858130422262,1.0398722727937,1.18437350470968,1.27345405207489,1.63691983687654
Opolskie,2021-11-04,,forecast,1.12735211593258,1.07308435505567,0.443717025578615,0.34221316056342,0.849858130422262,1.0398722727937,1.18437350470968,1.27345405207489,1.63691983687654
Opolskie,2021-11-05,,forecast,1.12735211593258,1.07308435505567,0.443717025578615,0.34221316056342,0.849858130422262,1.0398722727937,1.18437350470968,1.27345405207489,1.63691983687654
Opolskie,2021-11-06,,forecast,1.12735211593258,1.07308435505567,0.443717025578615,0.34221316056342,0.849858130422262,1.0398722727937,1.18437350470968,1.27345405207489,1.63691983687654
Opolskie,2021-11-07,,forecast,1.12735211593258,1.07308435505567,0.443717025578615,0.34221316056342,0.849858130422262,1.0398722727937,1.18437350470968,1.27345405207489,1.63691983687654
Opolskie,2021-11-08,,forecast,1.12735211593258,1.07308435505567,0.443717025578615,0.34221316056342,0.849858130422262,1.0398722727937,1.18437350470968,1.27345405207489,1.63691983687654
Opolskie,2021-11-09,,forecast,1.12735211593258,1.07308435505567,0.443717025578615,0.34221316056342,0.849858130422262,1.0398722727937,1.18437350470968,1.27345405207489,1.63691983687654
Opolskie,2021-11-10,,forecast,1.12735211593258,1.07308435505567,0.443717025578615,0.34221316056342,0.849858130422262,1.0398722727937,1.18437350470968,1.27345405207489,1.63691983687654
Opolskie,2021-11-11,,forecast,1.12735211593258,1.07308435505567,0.443717025578615,0.34221316056342,0.849858130422262,1.0398722727937,1.18437350470968,1.27345405207489,1.63691983687654
Opolskie,2021-11-12,,forecast,1.12735211593258,1.07308435505567,0.443717025578615,0.34221316056342,0.849858130422262,1.0398722727937,1.18437350470968,1.27345405207489,1.63691983687654
Opolskie,2021-11-13,,forecast,1.12735211593258,1.07308435505567,0.443717025578615,0.34221316056342,0.849858130422262,1.0398722727937,1.18437350470968,1.27345405207489,1.63691983687654
Opolskie,2021-11-14,,forecast,1.12735211593258,1.07308435505567,0.443717025578615,0.34221316056342,0.849858130422262,1.0398722727937,1.18437350470968,1.27345405207489,1.63691983687654
Opolskie,2021-11-15,,forecast,1.12735211593258,1.07308435505567,0.443717025578615,0.34221316056342,0.849858130422262,1.0398722727937,1.18437350470968,1.27345405207489,1.63691983687654
Opolskie,2021-11-16,,forecast,1.12735211593258,1.07308435505567,0.443717025578615,0.34221316056342,0.849858130422262,1.0398722727937,1.18437350470968,1.27345405207489,1.63691983687654
Opolskie,2021-11-17,,forecast,1.12735211593258,1.07308435505567,0.443717025578615,0.34221316056342,0.849858130422262,1.0398722727937,1.18437350470968,1.27345405207489,1.63691983687654
Podkarpackie,2021-08-04,,estimate,1.16732217423711,1.15427602244497,0.134701053812138,0.915062291278348,1.07039159050379,1.13514873780366,1.1965942912609,1.23822432466507,1.36121867152904
Podkarpackie,2021-08-05,,estimate,1.16881582622524,1.15566097945416,0.131339240802901,0.918591368422138,1.07369731454685,1.13725734215872,1.19599668744922,1.23544790133489,1.35478080357493
Podkarpackie,2021-08-06,,estimate,1.16952503310234,1.15730502818069,0.128573494886874,0.929359474338999,1.07707243910875,1.13863077844372,1.197044855763,1.23657506813152,1.34976660598169
Podkarpackie,2021-08-07,,estimate,1.16979556152118,1.15919928082049,0.12630485923715,0.936357748032264,1.08438420513796,1.14076689030332,1.19852872710935,1.23646350597123,1.35144340494676
Podkarpackie,2021-08-08,,estimate,1.17099724561072,1.1613322733823,0.124402501624198,0.944929560122813,1.0899774028147,1.14295344689677,1.19877362096372,1.2364288484193,1.34921157986569
Podkarpackie,2021-08-09,,estimate,1.17437106655724,1.16369079543448,0.122720564312038,0.94712704770709,1.09299441373788,1.1461525488881,1.20032039167759,1.23809806157876,1.34667213848771
Podkarpackie,2021-08-10,,estimate,1.17475633730025,1.16626084347289,0.121124732609241,0.95232674873494,1.09690600423001,1.1489659767229,1.20101629453839,1.23907033169792,1.35006305270957
Podkarpackie,2021-08-11,,estimate,1.17729916594347,1.16902803806217,0.119518759612602,0.959741623580618,1.1005448698736,1.15073233745849,1.20227508166682,1.24122406599223,1.35211457291372
Podkarpackie,2021-08-12,,estimate,1.17894432886021,1.17197705330001,0.117860567063339,0.968270649788995,1.10674481569683,1.15256777431418,1.20352218257883,1.24260742202933,1.35104998412424
Podkarpackie,2021-08-13,,estimate,1.18100144042767,1.17509002871893,0.116162273335739,0.973501393011301,1.10869640800293,1.15485096413144,1.20588672649362,1.24311470037222,1.35164106956857
Podkarpackie,2021-08-14,,estimate,1.18297922804783,1.17834440915628,0.114474429949048,0.982978089444292,1.11202209739705,1.15799634338157,1.20838214424149,1.24389225886022,1.35652962588188
Podkarpackie,2021-08-15,,estimate,1.1861332713167,1.18171103820207,0.112859359577251,0.991471426300276,1.11689232720963,1.1605989367814,1.21030650947497,1.24600947471069,1.3583247386632
Podkarpackie,2021-08-16,,estimate,1.18768557110428,1.18515347270845,0.111361898311823,0.99996445999582,1.12240587289995,1.16230059547846,1.21282537661146,1.24757739041814,1.36144418829076
Podkarpackie,2021-08-17,,estimate,1.19003279445909,1.1886292649325,0.109988031927299,1.00882925595239,1.1256605985588,1.16540180631778,1.21539088080248,1.24925231018507,1.36511658730832
Podkarpackie,2021-08-18,,estimate,1.19234735002182,1.19209334775884,0.108700870105114,1.01467164736246,1.13054975043977,1.16859477247587,1.21684200602431,1.25034373484405,1.36825177806228
Podkarpackie,2021-08-19,,estimate,1.19439276201022,1.19550282213861,0.107436923191558,1.02401596645636,1.13428252235179,1.17328921915606,1.21759254108529,1.25135562568265,1.3709184967932
Podkarpackie,2021-08-20,,estimate,1.19552613476133,1.19882174569113,0.106135208057106,1.03388266305518,1.13869641759946,1.17593818379405,1.21911515829234,1.25354155115391,1.37450208777324
Podkarpackie,2021-08-21,,estimate,1.19903699736002,1.20202435825317,0.104763461794925,1.04150823853117,1.14129087724804,1.17925695753708,1.22127627396734,1.25550133410147,1.3762420646653
Podkarpackie,2021-08-22,,estimate,1.20106692093897,1.20509573468639,0.103326146243464,1.04913071159917,1.14384081781655,1.18152060866395,1.22303280771253,1.25703775018362,1.37597660540775
Podkarpackie,2021-08-23,,estimate,1.20360910839393,1.20802991123376,0.101849202617956,1.05665104238424,1.14649527107137,1.1840580180689,1.22450894185521,1.25761590685425,1.37792528147543
Podkarpackie,2021-08-24,,estimate,1.20715384965437,1.21082655486016,0.100351181209381,1.06192446434874,1.15005417437307,1.18608317095159,1.22591981168425,1.25900483559809,1.3768258578872
Podkarpackie,2021-08-25,,estimate,1.20898628410753,1.2134876966194,0.0988202705565279,1.06776315106812,1.15295688447385,1.18718793259811,1.2288276833828,1.26208118211476,1.38137334311532
Podkarpackie,2021-08-26,,estimate,1.21022992441501,1.21601571672161,0.0972145799512295,1.07508003247605,1.15570890576794,1.18841113996465,1.23107701051609,1.26453482814964,1.38221890666026
Podkarpackie,2021-08-27,,estimate,1.21127785218992,1.21841288131683,0.0954890252302689,1.08286315390353,1.15872620829448,1.19075482871252,1.23248478671352,1.26693371756522,1.38480967403032
Podkarpackie,2021-08-28,,estimate,1.21427226643143,1.22068181334798,0.0936351698419331,1.08674543258382,1.16263418004448,1.19335539417763,1.23252863629619,1.26818725820906,1.3878295357304
Podkarpackie,2021-08-29,,estimate,1.21575497334568,1.22282584363885,0.0917113463274572,1.08927209475498,1.16577969693456,1.1966798006109,1.23547500412268,1.26914341067021,1.38585008857837
Podkarpackie,2021-08-30,,estimate,1.21661455533357,1.22484844660905,0.0898443345578958,1.09609886236811,1.16884603062025,1.19942752638174,1.23718946799162,1.27136799435755,1.38172415524926
Podkarpackie,2021-08-31,,estimate,1.21907833470472,1.22675171610969,0.0881980580765479,1.0983339298314,1.17090463264896,1.20102516537312,1.23926059945479,1.27299047813409,1.38209373708245
Podkarpackie,2021-09-01,,estimate,1.22179575910783,1.22853459027885,0.0869218959650171,1.10500027962578,1.17407633571728,1.20354160998505,1.2407197122279,1.27589350491336,1.38110796860498
Podkarpackie,2021-09-02,,estimate,1.22277336924062,1.23019182109753,0.0861023577483416,1.11023100830667,1.17637744691082,1.20505700742316,1.24078558230318,1.27719685571904,1.37565484491342
Podkarpackie,2021-09-03,,estimate,1.22474391355159,1.23171435717095,0.0857399500767513,1.1078953265017,1.17879448226256,1.20545727141719,1.24319401167435,1.27824168224434,1.36901730405869
Podkarpackie,2021-09-04,,estimate,1.22582642384197,1.23309110909248,0.0857589135127003,1.10617914265323,1.17996331837508,1.20738339339269,1.24399023683361,1.27802011240644,1.37227400339963
Podkarpackie,2021-09-05,,estimate,1.2267767953003,1.23431141510669,0.0860411020514007,1.11188298043607,1.18083086693204,1.20847629013834,1.24397122990269,1.27886861521775,1.37649761416539
Podkarpackie,2021-09-06,,estimate,1.22711020715539,1.23536722674575,0.0864665054842683,1.11428500317631,1.18257532435146,1.20832561714014,1.24432687155273,1.28138197081035,1.37830396271054
Podkarpackie,2021-09-07,,estimate,1.22739622530673,1.23625415706142,0.0869436321734355,1.11464032171897,1.18437318947166,1.20957177183233,1.24484872366917,1.2795851780045,1.38132067816253
Podkarpackie,2021-09-08,,estimate,1.2278587547329,1.23697097279631,0.0874202753627351,1.11558126852872,1.18413881852165,1.21021686725196,1.24537079703804,1.27924923509291,1.38557985071962
Podkarpackie,2021-09-09,,estimate,1.22909707695506,1.23751768236964,0.0878759386323237,1.11868466292066,1.18503587781226,1.21124095610541,1.24551709972415,1.28160412563164,1.38700374738699
Podkarpackie,2021-09-10,,estimate,1.23009865840269,1.23789285124905,0.0883064940877319,1.11952414812606,1.1848359088661,1.21334223276947,1.24551150112196,1.2799943533889,1.38913636982744
Podkarpackie,2021-09-11,,estimate,1.22960277994145,1.23809096724983,0.0887132000026693,1.11811514294095,1.18513694827015,1.21289371815324,1.24646417528724,1.28092076343747,1.38593786757983
Podkarpackie,2021-09-12,,estimate,1.23044406713676,1.23810052983253,0.0891000683107457,1.1173799523037,1.18495961318733,1.2130709917027,1.24841004858233,1.28199922075803,1.38084531507458
Podkarpackie,2021-09-13,,estimate,1.23115093369451,1.23790321803749,0.0894717823890552,1.11727839437753,1.18387698699665,1.21227555040655,1.24998262218886,1.28083418332831,1.38215635661189
Podkarpackie,2021-09-14,,estimate,1.23122409834242,1.23747429510065,0.0898199838611093,1.11659796512684,1.18222439211945,1.21233504233231,1.24935739133481,1.28080010693962,1.38115629512777
Podkarpackie,2021-09-15,,estimate,1.2291861205013,1.23678450840143,0.0900974808717011,1.11455662167429,1.18252258783658,1.21311239910015,1.24729431598667,1.28053025501745,1.37887863103829
Podkarpackie,2021-09-16,,estimate,1.22655124262091,1.23580395411822,0.0902037633178892,1.11408156964406,1.18138710759529,1.2121155373812,1.24738954581661,1.27990757441051,1.37605305282329
Podkarpackie,2021-09-17,,estimate,1.22633880492548,1.23450816454065,0.0900175754177521,1.11132690389988,1.17919848144025,1.21024347012929,1.24670070222204,1.27945619604603,1.37708595576665
Podkarpackie,2021-09-18,,estimate,1.22714920714618,1.23288563806135,0.089485987259636,1.10636054420536,1.17793243375539,1.20901363125825,1.24622467012057,1.27799051939011,1.37774463039491
Podkarpackie,2021-09-19,,estimate,1.2262603750649,1.23094457120185,0.0887219985319565,1.10386899439453,1.17653087469258,1.20784525901752,1.24391423969556,1.27743133615344,1.37644723721047
Podkarpackie,2021-09-20,,estimate,1.22454804633256,1.22871593117177,0.0880279990716053,1.09989313143106,1.17521830757645,1.20670112691324,1.24212234581904,1.27555975298462,1.37271627046453
Podkarpackie,2021-09-21,,estimate,1.22231647347758,1.22625123314961,0.0878003914177126,1.09487070019555,1.17204851025488,1.20546364788815,1.24106189443594,1.2760025352761,1.37270922314245
Podkarpackie,2021-09-22,,estimate,1.22109312989435,1.22361590584482,0.0883646660551324,1.08754773245938,1.16909592607076,1.20337467778067,1.24058198655905,1.27498221237467,1.37109099366159
Podkarpackie,2021-09-23,,estimate,1.21881431026228,1.22088108703147,0.0898546109678515,1.07980702490953,1.16684048316747,1.20168854138664,1.23904400064077,1.27376661397148,1.36749261978317
Podkarpackie,2021-09-24,,estimate,1.21753544688045,1.2181167383802,0.0922113168636148,1.06934110912211,1.16344606895705,1.19858631776792,1.2380881124076,1.27187623732025,1.36566064243569
Podkarpackie,2021-09-25,,estimate,1.21581564563237,1.21538748283859,0.0952749419748884,1.05799014251959,1.16057536687187,1.19704984385233,1.23555330386482,1.26919398234953,1.36637444119943
Podkarpackie,2021-09-26,,estimate,1.21374046158269,1.21275095911576,0.0988862590109437,1.04844920178091,1.15664171682642,1.1952843999766,1.23383566209611,1.26754185163219,1.36776986710352
Podkarpackie,2021-09-27,,estimate,1.21194096170111,1.21025773108462,0.102943242564247,1.03631170142118,1.15427552340154,1.1922812549301,1.23311494953313,1.26777514635241,1.37469092471028
Podkarpackie,2021-09-28,,estimate,1.21091651498055,1.20795183751161,0.107410576563926,1.02954752997623,1.15142686095803,1.18890165415943,1.23348298326589,1.26807672880714,1.37711751991797
Podkarpackie,2021-09-29,,estimate,1.20948989286618,1.2058713516744,0.112304366202738,1.02025071431388,1.1476550602573,1.18726578077195,1.23170308932238,1.26906958162654,1.38047744579459
Podkarpackie,2021-09-30,,estimate,1.20854166646942,1.20404847439122,0.117670362437226,1.00831928365436,1.14420503682087,1.18549599943017,1.23117884242171,1.27084052462344,1.39026134684905
Podkarpackie,2021-10-01,,estimate based on partial data,1.20696160537838,1.20250879292228,0.123562681043377,0.997111793453965,1.14148054513141,1.18418269155619,1.23087234482811,1.27079002094343,1.39374320674306
Podkarpackie,2021-10-02,,estimate based on partial data,1.20708782252105,1.20126967561686,0.130024133383688,0.985552504551246,1.1380590603674,1.18187132909828,1.2313116346315,1.27151817543865,1.40244042228633
Podkarpackie,2021-10-03,,estimate based on partial data,1.20648903431567,1.20033839164703,0.137069256796742,0.970943554835391,1.13444026361024,1.18309758971904,1.23097322184713,1.27205090606932,1.41050077251718
Podkarpackie,2021-10-04,,estimate based on partial data,1.20571113036929,1.19971111916412,0.144673040587569,0.955726205378429,1.13043417763097,1.18264341354035,1.23258902313897,1.27446778816886,1.41810528753005
Podkarpackie,2021-10-05,,estimate based on partial data,1.2056706815436,1.19937403961585,0.152769876675209,0.938524161957139,1.12754308573149,1.18121007188863,1.23191574749025,1.27822841482861,1.42902720959458
Podkarpackie,2021-10-06,,estimate based on partial data,1.20516522552869,1.19930696260291,0.161266489788393,0.923756880446449,1.12622102010463,1.18013400578958,1.23246769595594,1.28011282711857,1.43682863201824
Podkarpackie,2021-10-07,,estimate based on partial data,1.20450439488896,1.19948867327335,0.170067335765664,0.904294353729403,1.12244695632582,1.17963818574096,1.23272446090487,1.28331805678147,1.45112602302171
Podkarpackie,2021-10-08,,estimate based on partial data,1.20598036117574,1.19990217442418,0.179103110052254,0.88951948651836,1.11989023493928,1.17947648655535,1.23365433943528,1.28577491807241,1.47373073911676
Podkarpackie,2021-10-09,,estimate based on partial data,1.2054331596599,1.20053788810389,0.188349366659717,0.876712614732241,1.1159315706058,1.17834552901464,1.23372971464122,1.28614566434345,1.48427626229588
Podkarpackie,2021-10-10,,estimate based on partial data,1.20545708004131,1.20139377994828,0.197827098579625,0.872829354733061,1.1135754994046,1.17840504268851,1.2343459233425,1.28969229632841,1.50853826374922
Podkarpackie,2021-10-11,,estimate based on partial data,1.20607906196328,1.20247270227077,0.207586874830063,0.856588863598477,1.11202739541019,1.17700864217596,1.23483535833929,1.29269464338706,1.52650753227362
Podkarpackie,2021-10-12,,estimate based on partial data,1.2060122020789,1.20377824992927,0.217685463537142,0.847421345767368,1.11135304870393,1.17628423936899,1.23627125114124,1.29477467566249,1.5391019184761
Podkarpackie,2021-10-13,,estimate based on partial data,1.20639623647737,1.20531067238424,0.228164999775191,0.843058902632243,1.10987547922042,1.17488999424055,1.23760015143835,1.3002293945327,1.56788938876312
Podkarpackie,2021-10-14,,estimate based on partial data,1.2056220283373,1.20706399011907,0.239041111567269,0.835784267023709,1.10756433536618,1.17426040284037,1.23754692848422,1.30348006385244,1.57735248992509
Podkarpackie,2021-10-15,,estimate based on partial data,1.20750159171154,1.20902480771994,0.250301343786826,0.824613511218849,1.10285868644305,1.1732412626686,1.23814915928937,1.30713850132366,1.60110877684966
Podkarpackie,2021-10-16,,estimate based on partial data,1.20679994522072,1.21117274919973,0.261910989801138,0.812727742309025,1.09824039802325,1.17245351011206,1.238667815673,1.30734921117312,1.62636418908384
Podkarpackie,2021-10-17,,estimate based on partial data,1.20755502968454,1.21348212947426,0.273821095496507,0.80371007733485,1.09803050870374,1.17253412419762,1.23966238837644,1.30791466472444,1.64062161431965
Podkarpackie,2021-10-18,,estimate based on partial data,1.20729119076796,1.21592441306337,0.285973701780136,0.791684199589826,1.09529268506768,1.17198215851335,1.24111804138363,1.31210645029961,1.66625823445574
Podkarpackie,2021-10-19,,forecast,1.20729119076796,1.21592441306337,0.285973701780136,0.791684199589826,1.09529268506768,1.17198215851335,1.24111804138363,1.31210645029961,1.66625823445574
Podkarpackie,2021-10-20,,forecast,1.20729119076796,1.21592441306337,0.285973701780136,0.791684199589826,1.09529268506768,1.17198215851335,1.24111804138363,1.31210645029961,1.66625823445574
Podkarpackie,2021-10-21,,forecast,1.20729119076796,1.21592441306337,0.285973701780136,0.791684199589826,1.09529268506768,1.17198215851335,1.24111804138363,1.31210645029961,1.66625823445574
Podkarpackie,2021-10-22,,forecast,1.20729119076796,1.21592441306337,0.285973701780136,0.791684199589826,1.09529268506768,1.17198215851335,1.24111804138363,1.31210645029961,1.66625823445574
Podkarpackie,2021-10-23,,forecast,1.20729119076796,1.21592441306337,0.285973701780136,0.791684199589826,1.09529268506768,1.17198215851335,1.24111804138363,1.31210645029961,1.66625823445574
Podkarpackie,2021-10-24,,forecast,1.20729119076796,1.21592441306337,0.285973701780136,0.791684199589826,1.09529268506768,1.17198215851335,1.24111804138363,1.31210645029961,1.66625823445574
Podkarpackie,2021-10-25,,forecast,1.20729119076796,1.21592441306337,0.285973701780136,0.791684199589826,1.09529268506768,1.17198215851335,1.24111804138363,1.31210645029961,1.66625823445574
Podkarpackie,2021-10-26,,forecast,1.20729119076796,1.21592441306337,0.285973701780136,0.791684199589826,1.09529268506768,1.17198215851335,1.24111804138363,1.31210645029961,1.66625823445574
Podkarpackie,2021-10-27,,forecast,1.20729119076796,1.21592441306337,0.285973701780136,0.791684199589826,1.09529268506768,1.17198215851335,1.24111804138363,1.31210645029961,1.66625823445574
Podkarpackie,2021-10-28,,forecast,1.20729119076796,1.21592441306337,0.285973701780136,0.791684199589826,1.09529268506768,1.17198215851335,1.24111804138363,1.31210645029961,1.66625823445574
Podkarpackie,2021-10-29,,forecast,1.20729119076796,1.21592441306337,0.285973701780136,0.791684199589826,1.09529268506768,1.17198215851335,1.24111804138363,1.31210645029961,1.66625823445574
Podkarpackie,2021-10-30,,forecast,1.20729119076796,1.21592441306337,0.285973701780136,0.791684199589826,1.09529268506768,1.17198215851335,1.24111804138363,1.31210645029961,1.66625823445574
Podkarpackie,2021-10-31,,forecast,1.20729119076796,1.21592441306337,0.285973701780136,0.791684199589826,1.09529268506768,1.17198215851335,1.24111804138363,1.31210645029961,1.66625823445574
Podkarpackie,2021-11-01,,forecast,1.20729119076796,1.21592441306337,0.285973701780136,0.791684199589826,1.09529268506768,1.17198215851335,1.24111804138363,1.31210645029961,1.66625823445574
Podkarpackie,2021-11-02,,forecast,1.20729119076796,1.21592441306337,0.285973701780136,0.791684199589826,1.09529268506768,1.17198215851335,1.24111804138363,1.31210645029961,1.66625823445574
Podkarpackie,2021-11-03,,forecast,1.20729119076796,1.21592441306337,0.285973701780136,0.791684199589826,1.09529268506768,1.17198215851335,1.24111804138363,1.31210645029961,1.66625823445574
Podkarpackie,2021-11-04,,forecast,1.20729119076796,1.21592441306337,0.285973701780136,0.791684199589826,1.09529268506768,1.17198215851335,1.24111804138363,1.31210645029961,1.66625823445574
Podkarpackie,2021-11-05,,forecast,1.20729119076796,1.21592441306337,0.285973701780136,0.791684199589826,1.09529268506768,1.17198215851335,1.24111804138363,1.31210645029961,1.66625823445574
Podkarpackie,2021-11-06,,forecast,1.20729119076796,1.21592441306337,0.285973701780136,0.791684199589826,1.09529268506768,1.17198215851335,1.24111804138363,1.31210645029961,1.66625823445574
Podkarpackie,2021-11-07,,forecast,1.20729119076796,1.21592441306337,0.285973701780136,0.791684199589826,1.09529268506768,1.17198215851335,1.24111804138363,1.31210645029961,1.66625823445574
Podkarpackie,2021-11-08,,forecast,1.20729119076796,1.21592441306337,0.285973701780136,0.791684199589826,1.09529268506768,1.17198215851335,1.24111804138363,1.31210645029961,1.66625823445574
Podkarpackie,2021-11-09,,forecast,1.20729119076796,1.21592441306337,0.285973701780136,0.791684199589826,1.09529268506768,1.17198215851335,1.24111804138363,1.31210645029961,1.66625823445574
Podkarpackie,2021-11-10,,forecast,1.20729119076796,1.21592441306337,0.285973701780136,0.791684199589826,1.09529268506768,1.17198215851335,1.24111804138363,1.31210645029961,1.66625823445574
Podkarpackie,2021-11-11,,forecast,1.20729119076796,1.21592441306337,0.285973701780136,0.791684199589826,1.09529268506768,1.17198215851335,1.24111804138363,1.31210645029961,1.66625823445574
Podkarpackie,2021-11-12,,forecast,1.20729119076796,1.21592441306337,0.285973701780136,0.791684199589826,1.09529268506768,1.17198215851335,1.24111804138363,1.31210645029961,1.66625823445574
Podkarpackie,2021-11-13,,forecast,1.20729119076796,1.21592441306337,0.285973701780136,0.791684199589826,1.09529268506768,1.17198215851335,1.24111804138363,1.31210645029961,1.66625823445574
Podkarpackie,2021-11-14,,forecast,1.20729119076796,1.21592441306337,0.285973701780136,0.791684199589826,1.09529268506768,1.17198215851335,1.24111804138363,1.31210645029961,1.66625823445574
Podkarpackie,2021-11-15,,forecast,1.20729119076796,1.21592441306337,0.285973701780136,0.791684199589826,1.09529268506768,1.17198215851335,1.24111804138363,1.31210645029961,1.66625823445574
Podkarpackie,2021-11-16,,forecast,1.20729119076796,1.21592441306337,0.285973701780136,0.791684199589826,1.09529268506768,1.17198215851335,1.24111804138363,1.31210645029961,1.66625823445574
Podkarpackie,2021-11-17,,forecast,1.20729119076796,1.21592441306337,0.285973701780136,0.791684199589826,1.09529268506768,1.17198215851335,1.24111804138363,1.31210645029961,1.66625823445574
Podlaskie,2021-07-28,,estimate,1.10842760777778,1.10621208958382,0.139489668596183,0.865913477752963,1.01654627479092,1.07291357956289,1.14522429782093,1.19630095939002,1.33206124429926
Podlaskie,2021-07-29,,estimate,1.10622291389796,1.10497196133629,0.135602689332939,0.873742646766652,1.01475784610992,1.07312603761121,1.14192090434654,1.19703759210863,1.32143354018016
Podlaskie,2021-07-30,,estimate,1.10703826233543,1.10386126237854,0.132808485826146,0.880960803862189,1.01589510767456,1.07341073308894,1.1408867048877,1.19458358047589,1.31451137463792
Podlaskie,2021-07-31,,estimate,1.1071339607915,1.10287932580127,0.130951450494164,0.881751575737237,1.01728377500129,1.07462852921317,1.14062836511716,1.19287978910682,1.30750928093243
Podlaskie,2021-08-01,,estimate,1.10671979696388,1.10203154386215,0.129849548861617,0.880451403885923,1.01750235943106,1.0746484317859,1.14084290019112,1.19163096236457,1.30062033639617
Podlaskie,2021-08-02,,estimate,1.10739595076318,1.10132978049052,0.12930385648128,0.875575766039568,1.01822237222633,1.07332403519478,1.13847938883684,1.19198910588995,1.30070428278397
Podlaskie,2021-08-03,,estimate,1.10866262981954,1.10079183897043,0.129108981219902,0.874095339575882,1.01753450428598,1.07524321482655,1.13978382708342,1.18862970591883,1.29585933152399
Podlaskie,2021-08-04,,estimate,1.11048621238999,1.10044063534659,0.129067963024163,0.877376383711785,1.01805143021112,1.07528961624587,1.14070343328424,1.18883653530626,1.2938237268824
Podlaskie,2021-08-05,,estimate,1.10912218748319,1.10030351413886,0.129010428036716,0.875269164540753,1.01955677332605,1.07610424097737,1.14064252436475,1.18783222603424,1.29006108709539
Podlaskie,2021-08-06,,estimate,1.10929843722825,1.10041166482086,0.128807562267073,0.876322655318885,1.01800753011983,1.07713589962182,1.14128210700258,1.18604816158308,1.28868953097314
Podlaskie,2021-08-07,,estimate,1.11026035084129,1.10079922270666,0.128377463834847,0.880331845516934,1.02104718671708,1.0780635695266,1.14145559408135,1.18766412981671,1.2864336233752
Podlaskie,2021-08-08,,estimate,1.11200523350971,1.10150165761661,0.127679220558524,0.885674183504255,1.02359799633309,1.07962234159771,1.1419019787933,1.18746080708829,1.28271595695974
Podlaskie,2021-08-09,,estimate,1.11340895823694,1.10255345641959,0.126699107262514,0.888109797469165,1.02391812782713,1.08225747202554,1.143635150397,1.18967202878036,1.28331066306716
Podlaskie,2021-08-10,,estimate,1.1157327309371,1.10398560264095,0.125435109242041,0.89197259723392,1.02804363013741,1.08330939763064,1.14491332021779,1.19056415996458,1.28267093000405
Podlaskie,2021-08-11,,estimate,1.11793183803441,1.10582358004639,0.123886907535408,0.898431502544254,1.02941456273142,1.08541462167508,1.14668081433783,1.19090898056072,1.28371592135821
Podlaskie,2021-08-12,,estimate,1.12037810555855,1.10808635294925,0.122056882017172,0.900866926122622,1.03393786699347,1.0893208727591,1.14878542723535,1.19237494321103,1.28447971645142
Podlaskie,2021-08-13,,estimate,1.12175592855071,1.11078611603554,0.119961590231796,0.905833918783967,1.03710667355295,1.09127681467165,1.15160033988435,1.19374042794821,1.2833697494301
Podlaskie,2021-08-14,,estimate,1.12467273547572,1.11392805114706,0.117644947117466,0.912874388537295,1.04108063587568,1.09405851522157,1.15271400755351,1.19464386860979,1.28444551818738
Podlaskie,2021-08-15,,estimate,1.12830515244085,1.11750941958413,0.115182146352893,0.919423350315016,1.0462939639133,1.09886157821019,1.15591308290989,1.19486400514232,1.28297262016606
Podlaskie,2021-08-16,,estimate,1.13089027198165,1.12151809325249,0.112670612190602,0.927202175482657,1.05188667567365,1.10458163413079,1.15978383995954,1.19674586937645,1.28617269384285
Podlaskie,2021-08-17,,estimate,1.13621534558875,1.12593146880978,0.110213054492515,0.934145296353628,1.05584733490593,1.10886402825588,1.16240730395806,1.19846124872764,1.28772873374
Podlaskie,2021-08-18,,estimate,1.14146069996136,1.13071689758978,0.107900210653351,0.94470784220002,1.06359603847803,1.11411120425586,1.16588404446481,1.20028806675296,1.29093867236253
Podlaskie,2021-08-19,,estimate,1.14549199750982,1.13583412958684,0.105799088765766,0.951541241312313,1.0691124578616,1.11850199287543,1.16966446264124,1.20337332526809,1.29496978310766
Podlaskie,2021-08-20,,estimate,1.15124069177459,1.14123925411337,0.103950495896176,0.961265543558061,1.07757137171351,1.12559275848154,1.17406682731525,1.20658986978832,1.29800297913802
Podlaskie,2021-08-21,,estimate,1.15614999086441,1.14688886653348,0.102376201315255,0.970365070726695,1.08634541929145,1.13235920721922,1.17726504494122,1.21083322556685,1.30389860725761
Podlaskie,2021-08-22,,estimate,1.16180618049132,1.15274311880735,0.101090811431823,0.979763991757946,1.09300057621588,1.1380411236649,1.18070360885229,1.21572133162052,1.30673426111806
Podlaskie,2021-08-23,,estimate,1.16628143005054,1.15876689751638,0.100110876714439,0.988658192046899,1.10134410677097,1.14330308107731,1.18668057176478,1.22097039556468,1.31182076710723
Podlaskie,2021-08-24,,estimate,1.17156628303677,1.16492920545826,0.0994570933030657,0.999764191287173,1.10828057881438,1.15004162606818,1.19151458258289,1.2239369897199,1.31855024334527
Podlaskie,2021-08-25,,estimate,1.17597795590514,1.17120141883325,0.099150951057244,1.01025578741259,1.11464093516275,1.15488101745816,1.19575395563638,1.22935643365428,1.32940883066648
Podlaskie,2021-08-26,,estimate,1.18067295957285,1.17755523586509,0.0992088502041365,1.02144044163673,1.11925723716398,1.15946787516596,1.20082571984128,1.23393007767687,1.33245596607161
Podlaskie,2021-08-27,,estimate,1.18493645665485,1.18396094088258,0.0996345566085163,1.0279460559355,1.1266495841934,1.1641603489654,1.20439673930402,1.23891563792695,1.34613465587392
Podlaskie,2021-08-28,,estimate,1.18941762244909,1.19038630789529,0.100410428485449,1.03673523730827,1.13508071754768,1.16972506836904,1.20984270740712,1.24417727096819,1.35330408650642
Podlaskie,2021-08-29,,estimate,1.19369561211402,1.19679617975695,0.101490770440028,1.04375132320669,1.14209757940365,1.17420704108384,1.21394642188276,1.24685447428162,1.36051053543754
Podlaskie,2021-08-30,,estimate,1.19965688976142,1.20315251768718,0.102800460155529,1.04849897131177,1.14747877784089,1.1800655903283,1.21924993210318,1.25181288058717,1.36529825003056
Podlaskie,2021-08-31,,estimate,1.20425922206232,1.20941462826694,0.104234733668035,1.05658351428746,1.15218814101033,1.18564023359745,1.22492596786944,1.25777087957276,1.37440799270639
Podlaskie,2021-09-01,,estimate,1.20871860679345,1.2155395065738,0.105651138137557,1.06384217308549,1.1580086863971,1.1892955584925,1.22934545484177,1.26382684733627,1.37879536977469
Podlaskie,2021-09-02,,estimate,1.21297610178579,1.22148274965158,0.10685470157882,1.07457156882597,1.16376116497341,1.19578491240264,1.23374680141207,1.26886915512016,1.38927819078826
Podlaskie,2021-09-03,,estimate,1.21765096466641,1.22720087747886,0.107597459478225,1.08350218070122,1.17068443338775,1.19939082541386,1.23902816519444,1.27188523676608,1.40140084325681
Podlaskie,2021-09-04,,estimate,1.22249680368224,1.23265557840719,0.107620818103675,1.0908289108427,1.17506466291174,1.20445759512051,1.24284414570131,1.27669637652454,1.40697893699074
Podlaskie,2021-09-05,,estimate,1.227506867516,1.23781920363523,0.106746523178362,1.09547149092489,1.17876721301295,1.20885722100606,1.24662395739726,1.28090767391763,1.40927932018504
Podlaskie,2021-09-06,,estimate,1.23173321809254,1.24267942323894,0.104979200118079,1.10286857885047,1.18371650306449,1.21371287734112,1.25008369066746,1.2839128998695,1.41344952604434
Podlaskie,2021-09-07,,estimate,1.23490386886025,1.24724053839804,0.102555059659754,1.11158988546248,1.18799090568385,1.21825078784422,1.25395957115803,1.28839078051977,1.42138033475501
Podlaskie,2021-09-08,,estimate,1.23893058226546,1.25152025869859,0.099889137876253,1.1179104255087,1.1920568730152,1.22269206048451,1.25803401082785,1.29188642323864,1.42491124852183
Podlaskie,2021-09-09,,estimate,1.24285983291489,1.25554312059152,0.0974349222901815,1.12734444015171,1.19801748118233,1.22612971965516,1.26189297345565,1.29736332420469,1.4306920371924
Podlaskie,2021-09-10,,estimate,1.2470756235338,1.25933342501354,0.0955316784485088,1.13175952458312,1.20166577694587,1.22944660820739,1.26597555653933,1.30226780771582,1.42896376318034
Podlaskie,2021-09-11,,estimate,1.25075983854796,1.2629104174872,0.0943229094831107,1.13642253378767,1.20694271890159,1.23426345760047,1.27106370788259,1.30797114301483,1.43415942123139
Podlaskie,2021-09-12,,estimate,1.25581951142092,1.26628680377581,0.0937738817856828,1.14076370766043,1.20834654650038,1.2370554468481,1.27515628450494,1.31099706157047,1.43373218161916
Podlaskie,2021-09-13,,estimate,1.25897204825345,1.26946996014193,0.0937487336348442,1.14615081365726,1.21227021883687,1.23995377438775,1.27889849462281,1.31325547799311,1.43913169217065
Podlaskie,2021-09-14,,estimate,1.26081748987724,1.27246438959663,0.0940870483177209,1.147941396413,1.21415253579573,1.24248445896885,1.28228612225282,1.31754064503222,1.43991956531544
Podlaskie,2021-09-15,,estimate,1.2633403347935,1.27527415487185,0.0946469843705181,1.14928309658768,1.21477970606674,1.24470074143323,1.28526108036955,1.32051298229807,1.44611565515726
Podlaskie,2021-09-16,,estimate,1.26619992528968,1.27790463679387,0.095316585666899,1.14917635763163,1.21784362217979,1.24793525026963,1.28617177447595,1.32489024392867,1.44565545917475
Podlaskie,2021-09-17,,estimate,1.26829107608121,1.28036349993587,0.0960102680171788,1.15108097678111,1.21916489579422,1.25131095128689,1.28874957291097,1.32716733471867,1.45394245004395
Podlaskie,2021-09-18,,estimate,1.27191237651471,1.28266100434528,0.0966653446097485,1.15444295780542,1.22027281464795,1.25312644892287,1.29266627690751,1.33065532706211,1.45863894022508
Podlaskie,2021-09-19,,estimate,1.27428707482151,1.28480985944038,0.097244804736489,1.15304206324302,1.22095560441128,1.25440844976178,1.29647303950689,1.33445820826452,1.46189549747953
Podlaskie,2021-09-20,,estimate,1.27640299705795,1.28682482014769,0.0977449147662609,1.15374070707461,1.22366384354768,1.25529836086272,1.29918211153469,1.33584946928735,1.4628412688498
Podlaskie,2021-09-21,,estimate,1.27824285546638,1.28872224677049,0.0982025980125232,1.15361549029033,1.22392191440805,1.25746642397485,1.3023113523039,1.34131848116416,1.46329131253052
Podlaskie,2021-09-22,,estimate,1.28098998196358,1.29051985321663,0.098698137425734,1.15464956572147,1.22501504417422,1.25861037522693,1.303488808852,1.34555549067625,1.45879134703359
Podlaskie,2021-09-23,,estimate,1.28300817601325,1.29223677500167,0.0993516498724656,1.15419279920114,1.22716942715038,1.26085313884146,1.30488545006887,1.34929443014347,1.45761202056191
Podlaskie,2021-09-24,,estimate,1.28473188312722,1.29389387803196,0.100314128612065,1.15325917203329,1.2277171732259,1.26288889093105,1.30656406613797,1.35194960650258,1.46081365868195
Podlaskie,2021-09-25,,estimate,1.28731712049339,1.29551399718645,0.101753707381748,1.15268547912903,1.22761193500238,1.26260254631381,1.31003168262043,1.35668956854836,1.46466982114639
Podlaskie,2021-09-26,,estimate,1.28756413104089,1.29712171620481,0.103836301962759,1.15010334857944,1.22772982058185,1.26380684314468,1.31282547345348,1.3591689976154,1.47296572102903
Podlaskie,2021-09-27,,estimate,1.28909578866681,1.29874250516834,0.106701077933289,1.14582163697752,1.22789592899612,1.26519530891062,1.31630904515619,1.36226327106261,1.48412639476146
Podlaskie,2021-09-28,,estimate,1.28984791928323,1.30040145577206,0.110437537746875,1.14078648315165,1.22598819971365,1.26611239126799,1.31970369778681,1.3668234715636,1.49498165167799
Podlaskie,2021-09-29,,estimate,1.2916482074879,1.30212221954161,0.11507700591118,1.13493939778951,1.22476681876819,1.26593091321349,1.3221563985951,1.37259587066327,1.50128744885005
Podlaskie,2021-09-30,,estimate,1.29277501392064,1.30392674339324,0.120607680454826,1.12722962549017,1.2234529922686,1.26680276542019,1.32298501729247,1.37785334814844,1.51870096323126
Podlaskie,2021-10-01,,estimate based on partial data,1.29560537351482,1.30583592634853,0.127008761988763,1.12260922995432,1.2200991221469,1.26697001188337,1.3242826987757,1.38280993277858,1.52809383331144
Podlaskie,2021-10-02,,estimate based on partial data,1.29640096165186,1.30787065454179,0.134286911916843,1.1105681443962,1.21836877962441,1.26647274308936,1.32364375459517,1.38674228379848,1.54525428835394
Podlaskie,2021-10-03,,estimate based on partial data,1.29727727346305,1.3100522428565,0.142497897189898,1.10146750420412,1.21633460488827,1.26644276133653,1.32751938130995,1.39170802341744,1.5644700300542
Podlaskie,2021-10-04,,estimate based on partial data,1.29880679281413,1.31240140163082,0.151746483396934,1.0860148355955,1.21572189013907,1.26496425887206,1.33028136318101,1.39822090194369,1.57541003344204
Podlaskie,2021-10-05,,estimate based on partial data,1.2984530241119,1.31493539604123,0.162168785874347,1.07305101087402,1.21318866859605,1.26465649921488,1.33262998316397,1.40565329259677,1.59439306514651
Podlaskie,2021-10-06,,estimate based on partial data,1.29757779133899,1.31766376139841,0.17390484521976,1.06227001794282,1.21018376581558,1.26291080382502,1.33351592149909,1.41248921174388,1.61456788460857
Podlaskie,2021-10-07,,estimate based on partial data,1.29682018927667,1.32058347993945,0.187064252330574,1.04602375276002,1.20887133822336,1.2621015750567,1.33650755492237,1.41826406102504,1.6424025308541
Podlaskie,2021-10-08,,estimate based on partial data,1.29690775369642,1.32367483637909,0.201681993338794,1.03703431378076,1.2049413733876,1.26124061643926,1.3391808513348,1.4250943911966,1.66216771932092
Podlaskie,2021-10-09,,estimate based on partial data,1.29785474560894,1.32689935809501,0.217666150452783,1.02677203586919,1.20219198185766,1.25833853799876,1.34105821521334,1.42971619567961,1.68880909830614
Podlaskie,2021-10-10,,estimate based on partial data,1.29781688700904,1.33020133116315,0.234756368893016,1.00851768422781,1.1970475787991,1.25699622228553,1.34401056182879,1.43295338897378,1.71339245572919
Podlaskie,2021-10-11,,estimate based on partial data,1.29838214864207,1.33351406176959,0.252528395644342,0.995613070417433,1.19366792611674,1.25616299012976,1.34431957846848,1.43727965254945,1.7409288940985
Podlaskie,2021-10-12,,estimate based on partial data,1.29653347159896,1.33677086764913,0.270472625104224,0.982442841512808,1.18986021598928,1.25542667729732,1.34314240368542,1.44292408907486,1.77433217685066
Podlaskie,2021-10-13,,estimate based on partial data,1.29462465635644,1.33991875272443,0.288134996425727,0.96906894334103,1.18967736635907,1.25201885712704,1.34393662335309,1.44738192909853,1.79889432166353
Podlaskie,2021-10-14,,estimate based on partial data,1.29419592613091,1.34293081539548,0.305260874284463,0.957539246662374,1.18709427946448,1.24851651769136,1.3439182136581,1.45540434280184,1.83468718417325
Podlaskie,2021-10-15,,estimate based on partial data,1.29452178075404,1.34581314090096,0.321868874857454,0.942843671852996,1.18547397954358,1.24735326065213,1.34171328510549,1.46040253805892,1.87304219397231
Podlaskie,2021-10-16,,estimate based on partial data,1.2943308528798,1.34860388002918,0.338220659799766,0.928970607582553,1.18143818043152,1.24522195527041,1.34215654380729,1.46274146742197,1.89508151531347
Podlaskie,2021-10-17,,estimate based on partial data,1.29266196492567,1.35136538749273,0.354715294121576,0.907940691851833,1.17770278701543,1.24608148964327,1.34316549961566,1.46388443984675,1.93041632046218
Podlaskie,2021-10-18,,estimate based on partial data,1.28956219555561,1.35417270645396,0.371772174427628,0.894291399884174,1.17508707204316,1.24612921312121,1.34418665683259,1.46730507753168,1.96268200310415
Podlaskie,2021-10-19,,forecast,1.28956219555561,1.35417270645396,0.371772174427628,0.894291399884174,1.17508707204316,1.24612921312121,1.34418665683259,1.46730507753168,1.96268200310415
Podlaskie,2021-10-20,,forecast,1.28956219555561,1.35417270645396,0.371772174427628,0.894291399884174,1.17508707204316,1.24612921312121,1.34418665683259,1.46730507753168,1.96268200310415
Podlaskie,2021-10-21,,forecast,1.28956219555561,1.35417270645396,0.371772174427628,0.894291399884174,1.17508707204316,1.24612921312121,1.34418665683259,1.46730507753168,1.96268200310415
Podlaskie,2021-10-22,,forecast,1.28956219555561,1.35417270645396,0.371772174427628,0.894291399884174,1.17508707204316,1.24612921312121,1.34418665683259,1.46730507753168,1.96268200310415
Podlaskie,2021-10-23,,forecast,1.28956219555561,1.35417270645396,0.371772174427628,0.894291399884174,1.17508707204316,1.24612921312121,1.34418665683259,1.46730507753168,1.96268200310415
Podlaskie,2021-10-24,,forecast,1.28956219555561,1.35417270645396,0.371772174427628,0.894291399884174,1.17508707204316,1.24612921312121,1.34418665683259,1.46730507753168,1.96268200310415
Podlaskie,2021-10-25,,forecast,1.28956219555561,1.35417270645396,0.371772174427628,0.894291399884174,1.17508707204316,1.24612921312121,1.34418665683259,1.46730507753168,1.96268200310415
Podlaskie,2021-10-26,,forecast,1.28956219555561,1.35417270645396,0.371772174427628,0.894291399884174,1.17508707204316,1.24612921312121,1.34418665683259,1.46730507753168,1.96268200310415
Podlaskie,2021-10-27,,forecast,1.28956219555561,1.35417270645396,0.371772174427628,0.894291399884174,1.17508707204316,1.24612921312121,1.34418665683259,1.46730507753168,1.96268200310415
Podlaskie,2021-10-28,,forecast,1.28956219555561,1.35417270645396,0.371772174427628,0.894291399884174,1.17508707204316,1.24612921312121,1.34418665683259,1.46730507753168,1.96268200310415
Podlaskie,2021-10-29,,forecast,1.28956219555561,1.35417270645396,0.371772174427628,0.894291399884174,1.17508707204316,1.24612921312121,1.34418665683259,1.46730507753168,1.96268200310415
Podlaskie,2021-10-30,,forecast,1.28956219555561,1.35417270645396,0.371772174427628,0.894291399884174,1.17508707204316,1.24612921312121,1.34418665683259,1.46730507753168,1.96268200310415
Podlaskie,2021-10-31,,forecast,1.28956219555561,1.35417270645396,0.371772174427628,0.894291399884174,1.17508707204316,1.24612921312121,1.34418665683259,1.46730507753168,1.96268200310415
Podlaskie,2021-11-01,,forecast,1.28956219555561,1.35417270645396,0.371772174427628,0.894291399884174,1.17508707204316,1.24612921312121,1.34418665683259,1.46730507753168,1.96268200310415
Podlaskie,2021-11-02,,forecast,1.28956219555561,1.35417270645396,0.371772174427628,0.894291399884174,1.17508707204316,1.24612921312121,1.34418665683259,1.46730507753168,1.96268200310415
Podlaskie,2021-11-03,,forecast,1.28956219555561,1.35417270645396,0.371772174427628,0.894291399884174,1.17508707204316,1.24612921312121,1.34418665683259,1.46730507753168,1.96268200310415
Podlaskie,2021-11-04,,forecast,1.28956219555561,1.35417270645396,0.371772174427628,0.894291399884174,1.17508707204316,1.24612921312121,1.34418665683259,1.46730507753168,1.96268200310415
Podlaskie,2021-11-05,,forecast,1.28956219555561,1.35417270645396,0.371772174427628,0.894291399884174,1.17508707204316,1.24612921312121,1.34418665683259,1.46730507753168,1.96268200310415
Podlaskie,2021-11-06,,forecast,1.28956219555561,1.35417270645396,0.371772174427628,0.894291399884174,1.17508707204316,1.24612921312121,1.34418665683259,1.46730507753168,1.96268200310415
Podlaskie,2021-11-07,,forecast,1.28956219555561,1.35417270645396,0.371772174427628,0.894291399884174,1.17508707204316,1.24612921312121,1.34418665683259,1.46730507753168,1.96268200310415
Podlaskie,2021-11-08,,forecast,1.28956219555561,1.35417270645396,0.371772174427628,0.894291399884174,1.17508707204316,1.24612921312121,1.34418665683259,1.46730507753168,1.96268200310415
Podlaskie,2021-11-09,,forecast,1.28956219555561,1.35417270645396,0.371772174427628,0.894291399884174,1.17508707204316,1.24612921312121,1.34418665683259,1.46730507753168,1.96268200310415
Podlaskie,2021-11-10,,forecast,1.28956219555561,1.35417270645396,0.371772174427628,0.894291399884174,1.17508707204316,1.24612921312121,1.34418665683259,1.46730507753168,1.96268200310415
Podlaskie,2021-11-11,,forecast,1.28956219555561,1.35417270645396,0.371772174427628,0.894291399884174,1.17508707204316,1.24612921312121,1.34418665683259,1.46730507753168,1.96268200310415
Podlaskie,2021-11-12,,forecast,1.28956219555561,1.35417270645396,0.371772174427628,0.894291399884174,1.17508707204316,1.24612921312121,1.34418665683259,1.46730507753168,1.96268200310415
Podlaskie,2021-11-13,,forecast,1.28956219555561,1.35417270645396,0.371772174427628,0.894291399884174,1.17508707204316,1.24612921312121,1.34418665683259,1.46730507753168,1.96268200310415
Podlaskie,2021-11-14,,forecast,1.28956219555561,1.35417270645396,0.371772174427628,0.894291399884174,1.17508707204316,1.24612921312121,1.34418665683259,1.46730507753168,1.96268200310415
Podlaskie,2021-11-15,,forecast,1.28956219555561,1.35417270645396,0.371772174427628,0.894291399884174,1.17508707204316,1.24612921312121,1.34418665683259,1.46730507753168,1.96268200310415
Podlaskie,2021-11-16,,forecast,1.28956219555561,1.35417270645396,0.371772174427628,0.894291399884174,1.17508707204316,1.24612921312121,1.34418665683259,1.46730507753168,1.96268200310415
Podlaskie,2021-11-17,,forecast,1.28956219555561,1.35417270645396,0.371772174427628,0.894291399884174,1.17508707204316,1.24612921312121,1.34418665683259,1.46730507753168,1.96268200310415
Poland,2021-07-26,,estimate,1.08674966014054,1.07729627810852,0.0841473808345476,0.92805670628912,1.02994715570589,1.06534665838124,1.10806129056336,1.13832354759081,1.19295959657352
Poland,2021-07-27,,estimate,1.08744268710714,1.07842612391993,0.0808010369415918,0.934553526910973,1.031767851179,1.06671402749431,1.10800189226607,1.1378175033346,1.1887675233451
Poland,2021-07-28,,estimate,1.08858288659995,1.07975627178919,0.0775826123858767,0.941208920131682,1.03443676841402,1.06881008289786,1.10797134214718,1.13684288308796,1.18666826659994
Poland,2021-07-29,,estimate,1.08948889041306,1.08129214699462,0.074487134317925,0.951018701915299,1.03673661129089,1.07066695211681,1.1084442203779,1.13595205155414,1.18360645316991
Poland,2021-07-30,,estimate,1.09161927920294,1.08303609576083,0.0715050607002756,0.957205877627718,1.03968409073444,1.07252620905758,1.1096710892902,1.13540331028943,1.1821941721308
Poland,2021-07-31,,estimate,1.0928739870545,1.08498717279634,0.0686224778680677,0.965284608849923,1.0440835727916,1.07511684324195,1.11054425951915,1.13504569111545,1.18138585912312
Poland,2021-08-01,,estimate,1.09512776876944,1.08714114267374,0.0658218059297906,0.971831811419713,1.04735918721422,1.07759385693925,1.11177143730341,1.13536595205277,1.18091776342407
Poland,2021-08-02,,estimate,1.09594690604453,1.08949070859135,0.0630835771409408,0.978598271532929,1.05093570161055,1.07922791947404,1.11256456191158,1.13556035995415,1.17880517007608
Poland,2021-08-03,,estimate,1.09791985781412,1.09202592819417,0.0603895667175454,0.987191220542448,1.05452887806766,1.08164745642686,1.11414364422852,1.136102629418,1.17711415745214
Poland,2021-08-04,,estimate,1.0998553636192,1.09473472179011,0.0577269372133769,0.994022581530493,1.05879534913862,1.08482894230021,1.11558485922853,1.13641824135027,1.17628588972406
Poland,2021-08-05,,estimate,1.10250874867755,1.09760335279268,0.0550923994029484,1.00070575608626,1.0625400561533,1.08744090086722,1.11670926224451,1.13799969792362,1.17676550012845
Poland,2021-08-06,,estimate,1.10478253370809,1.10061678141357,0.0524950604500729,1.00719638526431,1.06731537599577,1.09095479822586,1.11842158687813,1.13937365137725,1.17708423523696
Poland,2021-08-07,,estimate,1.10770443686527,1.10375885475874,0.0499568800785192,1.01502292214079,1.07131224559404,1.09490360314872,1.12054864224177,1.141194433766,1.17757914938705
Poland,2021-08-08,,estimate,1.11007101466487,1.10701237085116,0.0475104598078453,1.02235575903605,1.07544954333139,1.09797898092127,1.12259554500397,1.14224443485334,1.17702304515637
Poland,2021-08-09,,estimate,1.11313186266744,1.11035910342879,0.0451948896555125,1.02948878790485,1.08068598493979,1.10084213385623,1.12461233524155,1.14394434476697,1.1778800243212
Poland,2021-08-10,,estimate,1.11587801482506,1.11377987380551,0.0430510177106035,1.03817454638688,1.08567193085782,1.10473400588819,1.12693715017978,1.14547637249894,1.17882593290878
Poland,2021-08-11,,estimate,1.11936502568868,1.11725470869821,0.0411173341583188,1.04425333394786,1.09031314973409,1.10860968078394,1.12983142194881,1.14713301634665,1.18003300792973
Poland,2021-08-12,,estimate,1.12251582557978,1.12076305927383,0.0394266731857909,1.05094774957606,1.09477775941743,1.11227860161715,1.13289345725025,1.1491027861698,1.18037215836238
Poland,2021-08-13,,estimate,1.12568065324737,1.12428401723244,0.038002818147502,1.05706565810671,1.09890670829794,1.11654321426868,1.13562508604324,1.15136739117235,1.18128618796971
Poland,2021-08-14,,estimate,1.12908866816245,1.12779647390087,0.0368559412599606,1.06314822116941,1.10341314407446,1.12040271288584,1.13870665406938,1.15388511878463,1.18282795330447
Poland,2021-08-15,,estimate,1.1324016017931,1.13127922180864,0.0359771925378772,1.06890649689296,1.10753915529349,1.12355175586359,1.14172312456836,1.15605921721147,1.18517228871926
Poland,2021-08-16,,estimate,1.13607932248541,1.134711060845,0.035334812922925,1.07568887233671,1.1125442824167,1.12716561256097,1.14426616530321,1.15778211685601,1.18873787549251
Poland,2021-08-17,,estimate,1.1391081038136,1.13807100293446,0.034874947251364,1.079919301142,1.11622562358114,1.13052259932756,1.14671076557007,1.15986236038953,1.1908199382433
Poland,2021-08-18,,estimate,1.14192267680237,1.14133864991045,0.0345287154553243,1.08516830498305,1.12032888963761,1.13422615750989,1.14901783844583,1.16198102794587,1.19470271229442
Poland,2021-08-19,,estimate,1.14475531452521,1.14449475906672,0.0342240936440006,1.09109077458975,1.12427497002812,1.13731879922856,1.15216032327343,1.16372830075627,1.1985215457909
Poland,2021-08-20,,estimate,1.14702715458191,1.14752194121874,0.0338989736493533,1.09567159368693,1.12703652186706,1.14027249010634,1.1543004187932,1.16574673551683,1.20121388496446
Poland,2021-08-21,,estimate,1.14945723625825,1.15040538994859,0.0335115868872096,1.09860066563065,1.12996855279674,1.14285427274417,1.15702498310355,1.16745009235692,1.20472666156706
Poland,2021-08-22,,estimate,1.15247790180891,1.15313353551052,0.0330457931728266,1.10305149291502,1.13350316077765,1.14521380586091,1.15895589781813,1.17001842165187,1.20669729625036
Poland,2021-08-23,,estimate,1.1549726009453,1.15569854843886,0.0325105091961631,1.10713711327333,1.13654358504352,1.14778744246123,1.1610254286966,1.17158471982569,1.20790074074007
Poland,2021-08-24,,estimate,1.15697144959849,1.15809666499028,0.0319341596643017,1.11077789571482,1.13899770633654,1.1505659595994,1.16324139079553,1.17391805884916,1.21094232139801
Poland,2021-08-25,,estimate,1.15846067612744,1.16032834294714,0.0313561916312541,1.1145478982242,1.1410065531614,1.1522909374027,1.16483423510324,1.17584903582876,1.21278628473185
Poland,2021-08-26,,estimate,1.16003394178476,1.16239826491275,0.03081813727784,1.11751771134632,1.14317363033253,1.15404931271491,1.16614894967521,1.17772945736309,1.21483764916713
Poland,2021-08-27,,estimate,1.16162765108337,1.16431518810469,0.0303562766360294,1.11894746669649,1.14541743144937,1.15557546756949,1.1679488693188,1.18032456532272,1.21847359683045
Poland,2021-08-28,,estimate,1.163388805605,1.16609161229602,0.02999684701477,1.12216110979661,1.14747642318985,1.15761849349547,1.16944002597673,1.1819152879607,1.2189698121887
Poland,2021-08-29,,estimate,1.16479365485315,1.16774322336555,0.0297535915388836,1.12413543317573,1.14952804520022,1.15910230698446,1.1710158926434,1.18366598532262,1.22061136986265
Poland,2021-08-30,,estimate,1.16652256810778,1.16928808261038,0.0296269084754786,1.12484525663558,1.15135774206784,1.16070842202286,1.17250865481797,1.18528272261029,1.22249889410605
Poland,2021-08-31,,estimate,1.16805431158934,1.17074556971247,0.0296041469794837,1.12635460389129,1.15307764356099,1.16216052491179,1.17418889018085,1.18599255197071,1.22449223826342
Poland,2021-09-01,,estimate,1.16937671148677,1.17213513588612,0.0296611986108735,1.12770463733346,1.15494771466977,1.1638207726766,1.17524834270026,1.18703022398053,1.22603593931988
Poland,2021-09-02,,estimate,1.17086699547275,1.17347496644923,0.0297657239825297,1.12916488082817,1.15652769000976,1.16528396514904,1.17699063227278,1.18839381058787,1.22838270591979
Poland,2021-09-03,,estimate,1.17206491287051,1.17478067809591,0.0298818828378015,1.1311451573003,1.15807874950893,1.16645564144272,1.17833567887694,1.18917783882943,1.22722850974426
Poland,2021-09-04,,estimate,1.17338003255274,1.17606418311865,0.0299757463123925,1.13295048999184,1.16008922017227,1.16811175107763,1.17907236339068,1.19069381360998,1.22879417576225
Poland,2021-09-05,,estimate,1.17455237064986,1.17733284295463,0.030020263806195,1.13387902955321,1.16116025515593,1.16946650555097,1.18027657437041,1.19173616553702,1.23029863695052
Poland,2021-09-06,,estimate,1.17578620165998,1.17858900870112,0.0299989023427636,1.13597604812884,1.16227607922495,1.17048196509121,1.18176529944829,1.1934666662618,1.23157998094909
Poland,2021-09-07,,estimate,1.17698121372925,1.17983000726752,0.0299075784306076,1.13642039952522,1.16334940877183,1.17159240818084,1.18323318669567,1.19501638370807,1.23343254869368
Poland,2021-09-08,,estimate,1.17829826785897,1.18104858067849,0.0297548822897078,1.1368794974503,1.16424856935438,1.17277879069387,1.18475079944055,1.19663201042606,1.23422844634511
Poland,2021-09-09,,estimate,1.17950362870089,1.18223372939069,0.0295606842788633,1.13803334828216,1.16555879315222,1.17345878373232,1.18554352479287,1.19732316642512,1.2350268990185
Poland,2021-09-10,,estimate,1.18065139356141,1.18337185945702,0.02935309416109,1.14048360496216,1.16680891006963,1.17511386727005,1.18668733490886,1.19874161598462,1.2361087788811
Poland,2021-09-11,,estimate,1.18163719953449,1.18444809953161,0.0291636647753546,1.14274852004143,1.16760950093755,1.17649315356674,1.18768742823883,1.20025720652365,1.23659519573365
Poland,2021-09-12,,estimate,1.18313762837287,1.18544764372234,0.0290210025005247,1.14297839361088,1.16803291959426,1.17727156169628,1.18944602919868,1.20158309726122,1.236199609366
Poland,2021-09-13,,estimate,1.18418492051584,1.18635698868198,0.028943728733121,1.14372888610244,1.16876459657671,1.17815227895743,1.1908943015605,1.20246564960225,1.23649825525702
Poland,2021-09-14,,estimate,1.18517554473898,1.18716495949656,0.0289347533581118,1.14407051663606,1.16926050857739,1.17924260740302,1.19154378531188,1.20344347895714,1.23649581403507
Poland,2021-09-15,,estimate,1.18602335999481,1.18786344819959,0.028979319053773,1.14467257637047,1.16970058697649,1.18007007119327,1.1927755265244,1.2034291287575,1.23699804451523
Poland,2021-09-16,,estimate,1.1868127385968,1.18844781439667,0.0290485522551366,1.14672646723042,1.17057576444211,1.18051754750912,1.19314036860722,1.20388853460357,1.2365623606903
Poland,2021-09-17,,estimate,1.18769994520824,1.18891691999881,0.0291084118932595,1.14792723007993,1.17088957773187,1.18124917859346,1.19378036667547,1.20438905439159,1.23688587470779
Poland,2021-09-18,,estimate,1.18748009419704,1.1892727953771,0.0291319146638454,1.14831709582885,1.17108840248478,1.18168407777068,1.19388485537951,1.20519883160991,1.23634666867765
Poland,2021-09-19,,estimate,1.18803283037755,1.18951996839,0.0291112885646882,1.14825710062748,1.17150064999271,1.18157424969986,1.19427794667202,1.20563196480612,1.23556151168031
Poland,2021-09-20,,estimate,1.18823590647093,1.18966453157616,0.0290664709989871,1.14843057090058,1.17186101212593,1.18210801245228,1.19453265031884,1.20548216393748,1.23596060378556
Poland,2021-09-21,,estimate,1.18820781739323,1.18971307037329,0.0290468262561436,1.14823291612105,1.17189739042426,1.18211734214971,1.1944598138317,1.205135976546,1.23712375665584
Poland,2021-09-22,,estimate,1.18805773563377,1.18967161579732,0.0291241236362683,1.14781616833184,1.17151764071139,1.18194161631924,1.19454810563253,1.20547001938619,1.23634625268123
Poland,2021-09-23,,estimate,1.18815940412841,1.18954480656255,0.0293772968266824,1.14657340126383,1.17141416261337,1.18207459440202,1.19436058426009,1.20666797441428,1.23597270826724
Poland,2021-09-24,,estimate,1.18811767833847,1.18933543715302,0.029873495421998,1.14410214752609,1.17069903033159,1.18167351755007,1.1946399834948,1.20685487969378,1.23706194211972
Poland,2021-09-25,,estimate,1.18822019970199,1.18904452157875,0.0306535279279225,1.14305891794036,1.16925232309701,1.18111613099949,1.19444599197226,1.20704970936477,1.23922995664953
Poland,2021-09-26,,estimate,1.18780293918312,1.1886719151587,0.0317292176178265,1.14051287908305,1.16794488508827,1.18044152050154,1.19456905196724,1.20688168450063,1.24001942377206
Poland,2021-09-27,,estimate,1.18708881195511,1.1882174178457,0.0330939450839932,1.13606023699699,1.16743101197487,1.17998546463426,1.19455292380355,1.20742837163572,1.24320517868794
Poland,2021-09-28,,estimate,1.18656205680279,1.18768215716323,0.0347398555737917,1.13314366532198,1.16614228772653,1.17896874642806,1.19439285820329,1.20823633979962,1.24558443914131
Poland,2021-09-29,,estimate,1.18594553550963,1.18706995412266,0.0366719504831682,1.1301578890433,1.16472416144857,1.17767090042669,1.19427732226219,1.20860104626796,1.24795652322592
Poland,2021-09-30,,estimate,1.18577407202594,1.18638834849116,0.0389122574739912,1.12545023277144,1.16338051073477,1.17633591816628,1.19375078020452,1.2091245381615,1.25150218012559
Poland,2021-10-01,,estimate based on partial data,1.18489552062865,1.18564901921332,0.0414933464984785,1.11932259069537,1.16197759739144,1.17541762272002,1.19373831540286,1.20968847149215,1.25386918912446
Poland,2021-10-02,,estimate based on partial data,1.18426993709982,1.18486747014647,0.0444456575000379,1.11522684638715,1.16033003869956,1.17462115335711,1.19389323062892,1.20995927509522,1.25682720992982
Poland,2021-10-03,,estimate based on partial data,1.18349433320332,1.18406202115299,0.0477851446287487,1.1087887608533,1.15788179991693,1.17369325144165,1.1931052574761,1.21048165389931,1.26208550400096
Poland,2021-10-04,,estimate based on partial data,1.18341796727282,1.18325229867257,0.0515063510124069,1.10179387097553,1.15636306310431,1.17203039342767,1.19330427200268,1.21150872943949,1.26700383565683
Poland,2021-10-05,,estimate based on partial data,1.18222262254335,1.18245751542004,0.0555826212113426,1.09425605373382,1.15359026391045,1.17107372256813,1.193308535641,1.21331182891486,1.27187646941349
Poland,2021-10-06,,estimate based on partial data,1.18104342811862,1.18169484640842,0.0599718962245005,1.08591993529059,1.15071444128483,1.17051959186005,1.19352210830996,1.21340981423351,1.27508233778044
Poland,2021-10-07,,estimate based on partial data,1.18086716862121,1.18097815553849,0.064624928883491,1.07859420923967,1.14867755815998,1.16934635037125,1.19353097465923,1.21476943801846,1.27997606618696
Poland,2021-10-08,,estimate based on partial data,1.18010835278178,1.18031723051712,0.0694929421926368,1.06834640350423,1.14684846918669,1.16841550516076,1.19419339149052,1.21588504216431,1.28446791087131
Poland,2021-10-09,,estimate based on partial data,1.17841785678787,1.17971757685076,0.0745329273971572,1.06034170414283,1.14507619431249,1.16687582149154,1.19384419776693,1.2179019893663,1.29286226320632
Poland,2021-10-10,,estimate based on partial data,1.17815673507844,1.17918073000336,0.0797100491295001,1.05269634052013,1.14203860433232,1.16633406404871,1.19346933375033,1.21988364198109,1.30011881026507
Poland,2021-10-11,,estimate based on partial data,1.17725358921592,1.17870498046391,0.0849974933139277,1.04445102705352,1.13978002821232,1.16553956694642,1.19336195290719,1.22159136948611,1.30559859314335
Poland,2021-10-12,,estimate based on partial data,1.17689446606884,1.17828636889726,0.0903744889590285,1.03670432825823,1.13792265416166,1.16405539063772,1.19298506028969,1.22282478709904,1.31531002324916
Poland,2021-10-13,,estimate based on partial data,1.17616518398952,1.17791979189874,0.0958233359671654,1.02663256873182,1.13635842783043,1.16283122631497,1.19278513262196,1.22425546612698,1.32032003464294
Poland,2021-10-14,,estimate based on partial data,1.17573172639617,1.17760005943237,0.1013262884523,1.01754864137629,1.13233750441288,1.16238927759654,1.19354464212326,1.22586757757838,1.32618622805624
Poland,2021-10-15,,estimate based on partial data,1.17556805529149,1.17732276383659,0.106863154296057,1.00889908261492,1.12929706867281,1.16146720966215,1.1936296651774,1.22732160869222,1.33202382812248
Poland,2021-10-16,,estimate based on partial data,1.17582571697265,1.17708485928786,0.112410381582615,0.999866072103136,1.1273554203261,1.16076906935845,1.19353446364517,1.22805754740885,1.33562062522936
Poland,2021-10-17,,estimate based on partial data,1.1748755673077,1.17688490602163,0.117942058834024,0.995298882536456,1.12460503211179,1.16018965605325,1.19431747049258,1.23005312062453,1.34799373707702
Poland,2021-10-18,,estimate based on partial data,1.17494989806361,1.17672299289387,0.123432637053594,0.987383730502514,1.12255589275909,1.15990809495564,1.19449590087667,1.23268788365229,1.35811999973187
Poland,2021-10-19,,forecast,1.17494989806361,1.17672299289387,0.123432637053594,0.987383730502514,1.12255589275909,1.15990809495564,1.19449590087667,1.23268788365229,1.35811999973187
Poland,2021-10-20,,forecast,1.17494989806361,1.17672299289387,0.123432637053594,0.987383730502514,1.12255589275909,1.15990809495564,1.19449590087667,1.23268788365229,1.35811999973187
Poland,2021-10-21,,forecast,1.17494989806361,1.17672299289387,0.123432637053594,0.987383730502514,1.12255589275909,1.15990809495564,1.19449590087667,1.23268788365229,1.35811999973187
Poland,2021-10-22,,forecast,1.17494989806361,1.17672299289387,0.123432637053594,0.987383730502514,1.12255589275909,1.15990809495564,1.19449590087667,1.23268788365229,1.35811999973187
Poland,2021-10-23,,forecast,1.17494989806361,1.17672299289387,0.123432637053594,0.987383730502514,1.12255589275909,1.15990809495564,1.19449590087667,1.23268788365229,1.35811999973187
Poland,2021-10-24,,forecast,1.17494989806361,1.17672299289387,0.123432637053594,0.987383730502514,1.12255589275909,1.15990809495564,1.19449590087667,1.23268788365229,1.35811999973187
Poland,2021-10-25,,forecast,1.17494989806361,1.17672299289387,0.123432637053594,0.987383730502514,1.12255589275909,1.15990809495564,1.19449590087667,1.23268788365229,1.35811999973187
Poland,2021-10-26,,forecast,1.17494989806361,1.17672299289387,0.123432637053594,0.987383730502514,1.12255589275909,1.15990809495564,1.19449590087667,1.23268788365229,1.35811999973187
Poland,2021-10-27,,forecast,1.17494989806361,1.17672299289387,0.123432637053594,0.987383730502514,1.12255589275909,1.15990809495564,1.19449590087667,1.23268788365229,1.35811999973187
Poland,2021-10-28,,forecast,1.17494989806361,1.17672299289387,0.123432637053594,0.987383730502514,1.12255589275909,1.15990809495564,1.19449590087667,1.23268788365229,1.35811999973187
Poland,2021-10-29,,forecast,1.17494989806361,1.17672299289387,0.123432637053594,0.987383730502514,1.12255589275909,1.15990809495564,1.19449590087667,1.23268788365229,1.35811999973187
Poland,2021-10-30,,forecast,1.17494989806361,1.17672299289387,0.123432637053594,0.987383730502514,1.12255589275909,1.15990809495564,1.19449590087667,1.23268788365229,1.35811999973187
Poland,2021-10-31,,forecast,1.17494989806361,1.17672299289387,0.123432637053594,0.987383730502514,1.12255589275909,1.15990809495564,1.19449590087667,1.23268788365229,1.35811999973187
Poland,2021-11-01,,forecast,1.17494989806361,1.17672299289387,0.123432637053594,0.987383730502514,1.12255589275909,1.15990809495564,1.19449590087667,1.23268788365229,1.35811999973187
Poland,2021-11-02,,forecast,1.17494989806361,1.17672299289387,0.123432637053594,0.987383730502514,1.12255589275909,1.15990809495564,1.19449590087667,1.23268788365229,1.35811999973187
Poland,2021-11-03,,forecast,1.17494989806361,1.17672299289387,0.123432637053594,0.987383730502514,1.12255589275909,1.15990809495564,1.19449590087667,1.23268788365229,1.35811999973187
Poland,2021-11-04,,forecast,1.17494989806361,1.17672299289387,0.123432637053594,0.987383730502514,1.12255589275909,1.15990809495564,1.19449590087667,1.23268788365229,1.35811999973187
Poland,2021-11-05,,forecast,1.17494989806361,1.17672299289387,0.123432637053594,0.987383730502514,1.12255589275909,1.15990809495564,1.19449590087667,1.23268788365229,1.35811999973187
Poland,2021-11-06,,forecast,1.17494989806361,1.17672299289387,0.123432637053594,0.987383730502514,1.12255589275909,1.15990809495564,1.19449590087667,1.23268788365229,1.35811999973187
Poland,2021-11-07,,forecast,1.17494989806361,1.17672299289387,0.123432637053594,0.987383730502514,1.12255589275909,1.15990809495564,1.19449590087667,1.23268788365229,1.35811999973187
Poland,2021-11-08,,forecast,1.17494989806361,1.17672299289387,0.123432637053594,0.987383730502514,1.12255589275909,1.15990809495564,1.19449590087667,1.23268788365229,1.35811999973187
Poland,2021-11-09,,forecast,1.17494989806361,1.17672299289387,0.123432637053594,0.987383730502514,1.12255589275909,1.15990809495564,1.19449590087667,1.23268788365229,1.35811999973187
Poland,2021-11-10,,forecast,1.17494989806361,1.17672299289387,0.123432637053594,0.987383730502514,1.12255589275909,1.15990809495564,1.19449590087667,1.23268788365229,1.35811999973187
Poland,2021-11-11,,forecast,1.17494989806361,1.17672299289387,0.123432637053594,0.987383730502514,1.12255589275909,1.15990809495564,1.19449590087667,1.23268788365229,1.35811999973187
Poland,2021-11-12,,forecast,1.17494989806361,1.17672299289387,0.123432637053594,0.987383730502514,1.12255589275909,1.15990809495564,1.19449590087667,1.23268788365229,1.35811999973187
Poland,2021-11-13,,forecast,1.17494989806361,1.17672299289387,0.123432637053594,0.987383730502514,1.12255589275909,1.15990809495564,1.19449590087667,1.23268788365229,1.35811999973187
Poland,2021-11-14,,forecast,1.17494989806361,1.17672299289387,0.123432637053594,0.987383730502514,1.12255589275909,1.15990809495564,1.19449590087667,1.23268788365229,1.35811999973187
Poland,2021-11-15,,forecast,1.17494989806361,1.17672299289387,0.123432637053594,0.987383730502514,1.12255589275909,1.15990809495564,1.19449590087667,1.23268788365229,1.35811999973187
Poland,2021-11-16,,forecast,1.17494989806361,1.17672299289387,0.123432637053594,0.987383730502514,1.12255589275909,1.15990809495564,1.19449590087667,1.23268788365229,1.35811999973187
Poland,2021-11-17,,forecast,1.17494989806361,1.17672299289387,0.123432637053594,0.987383730502514,1.12255589275909,1.15990809495564,1.19449590087667,1.23268788365229,1.35811999973187
Pomorskie,2021-07-28,,estimate,1.10910921278651,1.11433570848521,0.126496422267811,0.913655353436092,1.03816885562219,1.08362145880398,1.13475189269735,1.18177229568668,1.33615523261609
Pomorskie,2021-07-29,,estimate,1.10923514500325,1.1152363495698,0.122419188323583,0.921886674008192,1.04228314207066,1.08524360285059,1.1351661431556,1.18056896607239,1.33134021445921
Pomorskie,2021-07-30,,estimate,1.1104409476245,1.1163661325688,0.119313222898584,0.928064420820554,1.04484737654589,1.08594896611233,1.13603232488756,1.17952491432879,1.32847675981148
Pomorskie,2021-07-31,,estimate,1.11162301440299,1.11768495030884,0.117000635512137,0.933729531553832,1.04907966226938,1.08851330860554,1.13533398877835,1.17995338176297,1.32557109825136
Pomorskie,2021-08-01,,estimate,1.11332465934834,1.11915125448187,0.11533030471949,0.937744092714759,1.05261878438073,1.08905293281039,1.13733743416905,1.17944560079198,1.32459774051292
Pomorskie,2021-08-02,,estimate,1.11476133554373,1.12072361192628,0.1141706626355,0.941930502028781,1.0535673424331,1.09035407430198,1.13902950477125,1.17981525794472,1.32275688970217
Pomorskie,2021-08-03,,estimate,1.11520588631459,1.12236167387173,0.113405165762965,0.942869467214545,1.05615874344938,1.09196171222942,1.1396097721641,1.18289716022929,1.32247827387011
Pomorskie,2021-08-04,,estimate,1.116997058677,1.12402681228228,0.11292953347612,0.942908644311735,1.05962031766265,1.09444824153848,1.14018330881968,1.18446253857604,1.31932338641072
Pomorskie,2021-08-05,,estimate,1.11715710628674,1.12568277522225,0.112650346291887,0.95183467877905,1.06221255317261,1.09546070953104,1.14108246676747,1.18398992900202,1.31952860468068
Pomorskie,2021-08-06,,estimate,1.11846298418976,1.12729661261906,0.112485359789993,0.953147964528696,1.06301969598193,1.09675592614837,1.14248949982487,1.18479434815978,1.31786473365734
Pomorskie,2021-08-07,,estimate,1.12040024674219,1.12883987551003,0.112365792895921,0.959612693413631,1.06537242493274,1.09784296571329,1.14303134484424,1.18710536004132,1.315400247487
Pomorskie,2021-08-08,,estimate,1.12155233395621,1.13028983088781,0.112239420000449,0.964981622412845,1.06749128676581,1.1003752250816,1.14349174742175,1.18654702359792,1.31494605065962
Pomorskie,2021-08-09,,estimate,1.12356624719953,1.13163030926676,0.112071860756155,0.96735311803707,1.06837736469592,1.10234730052482,1.14432501128407,1.18402991990464,1.31383064505559
Pomorskie,2021-08-10,,estimate,1.12510753206285,1.13285188158889,0.111843999344943,0.968601171523669,1.06926003690686,1.10336996141192,1.14603384399285,1.18269486211399,1.32187693707829
Pomorskie,2021-08-11,,estimate,1.12502072654826,1.13395128491374,0.111546167771471,0.969780776519285,1.07036510844429,1.10401620187291,1.1458664713882,1.18506038556252,1.32546583674176
Pomorskie,2021-08-12,,estimate,1.12542231543167,1.1349302383629,0.111172398589016,0.974572065527605,1.0719426266975,1.10457345448302,1.1459659852489,1.18409100988764,1.32498005388643
Pomorskie,2021-08-13,,estimate,1.12633193901369,1.13579389563047,0.110718150410183,0.976411835095207,1.07282156775888,1.10558693872121,1.14479933481639,1.18542259646102,1.32933404398757
Pomorskie,2021-08-14,,estimate,1.12686153844218,1.13654916048878,0.11018201689503,0.980152845841169,1.07404282359591,1.10516773238239,1.14503981585678,1.185558539729,1.32764389534473
Pomorskie,2021-08-15,,estimate,1.12655956587468,1.13720303431128,0.109568366009537,0.983096667286202,1.07494240934771,1.10622045094532,1.14569359373039,1.18501540670978,1.32542452879155
Pomorskie,2021-08-16,,estimate,1.12647854892577,1.13776115972603,0.108886899204805,0.98518771304194,1.07443111824952,1.10689863858595,1.14571207857283,1.18561046121045,1.33163716529914
Pomorskie,2021-08-17,,estimate,1.12617475644794,1.13822677591613,0.108148053856839,0.987205043323511,1.07485960593672,1.10594416180085,1.14650308372783,1.18548201226248,1.33319907679834
Pomorskie,2021-08-18,,estimate,1.12650690528886,1.13860031818666,0.107357648586614,0.989714618643006,1.07532024246946,1.1067652285179,1.14726916475839,1.18623055452593,1.32996638739124
Pomorskie,2021-08-19,,estimate,1.12735262875997,1.13887977649147,0.106515862226829,0.992934569514376,1.07518419509307,1.10713988625853,1.14786653463695,1.18648271293844,1.33293405299207
Pomorskie,2021-08-20,,estimate,1.12799961342103,1.13906167255911,0.105622309311574,0.995215310156043,1.07650298153514,1.10664459768494,1.14798371783753,1.18553668272268,1.32981651502424
Pomorskie,2021-08-21,,estimate,1.12702441523593,1.13914225662951,0.104683227841911,0.994712410792887,1.0766553104295,1.10582643664441,1.14802562754758,1.18635040642502,1.3329567100769
Pomorskie,2021-08-22,,estimate,1.12740515298627,1.13911844976567,0.103714079228516,0.993273864248428,1.0763411729067,1.10637349738218,1.14755540534842,1.18599507653257,1.33508265423635
Pomorskie,2021-08-23,,estimate,1.12802893227618,1.13898825509541,0.102734043901265,0.996224696864555,1.07645497011031,1.10665189045372,1.14694636952358,1.18581800397133,1.33559631704796
Pomorskie,2021-08-24,,estimate,1.1275578354229,1.13875072527938,0.101755304701457,0.997824357372598,1.07615239598768,1.10675515864359,1.14678542424482,1.18508116830575,1.33088499876205
Pomorskie,2021-08-25,,estimate,1.12724713894873,1.13840586178969,0.100774424784384,1.00158628230831,1.07674377027251,1.10766483435548,1.14595489644901,1.18369635028251,1.32685764567515
Pomorskie,2021-08-26,,estimate,1.12711830911662,1.1379548328481,0.0997726133707295,1.00407925875714,1.07730726651089,1.1076433156112,1.1448620890682,1.18291753708768,1.31826273495905
Pomorskie,2021-08-27,,estimate,1.12595940864483,1.13740061695775,0.0987268121059028,1.0050576720023,1.07743539248559,1.10700136708412,1.14413956307857,1.180935197142,1.3156627121073
Pomorskie,2021-08-28,,estimate,1.1258857509818,1.13674878453661,0.09762697430314,1.00669045346233,1.07817729606759,1.10710165519905,1.1435700345562,1.18045663341956,1.31695943912954
Pomorskie,2021-08-29,,estimate,1.12499195855281,1.13600786840087,0.0964903163773753,1.0097888855445,1.07781032894732,1.10723562048577,1.14287981975342,1.17868730927193,1.31275794762314
Pomorskie,2021-08-30,,estimate,1.12574560103319,1.13518881303351,0.0953639858901715,1.0080075269344,1.0779066247983,1.10704872538698,1.14275443230937,1.17622287147193,1.30619736406646
Pomorskie,2021-08-31,,estimate,1.12522717941427,1.13430332691844,0.0943138031892288,1.01040818995009,1.07818930919495,1.10656929648973,1.14240834205611,1.17530368892254,1.30185486775831
Pomorskie,2021-09-01,,estimate,1.12317031409566,1.13336141635778,0.0934046217596605,1.0121740610457,1.07831732506559,1.10657925173069,1.14069950611617,1.17538431270207,1.3039077399123
Pomorskie,2021-09-02,,estimate,1.12312130135787,1.13236871481659,0.092681994438418,1.00817274886062,1.07805213693557,1.10516261359236,1.140208227122,1.17448121799446,1.29898725049913
Pomorskie,2021-09-03,,estimate,1.12156351442041,1.1313242872164,0.0921626834379797,1.00640633665916,1.07896845508336,1.10451246695723,1.1403818833922,1.17353989363873,1.29355956289135
Pomorskie,2021-09-04,,estimate,1.1213067663133,1.13021940621876,0.0918354252276962,1.00492191042092,1.07813293052232,1.10369907014926,1.13909302877546,1.1718449629981,1.29430583142706
Pomorskie,2021-09-05,,estimate,1.12092822294235,1.1290375200368,0.0916681465333225,1.0009853610016,1.07612576509254,1.10384882898059,1.13786388878536,1.17084290021732,1.29563043723124
Pomorskie,2021-09-06,,estimate,1.12061896144976,1.12775540319725,0.091616893054228,1.00075098440248,1.0745033297305,1.10360165974098,1.13846180369705,1.17028022369655,1.29281634634324
Pomorskie,2021-09-07,,estimate,1.12006169447956,1.1263453290808,0.0916345437593531,0.997552448533603,1.07283245248673,1.10201093811328,1.13781883415733,1.1696819326053,1.28273755905747
Pomorskie,2021-09-08,,estimate,1.11874734978521,1.12477795171061,0.0916802730751144,0.993110236227942,1.07216072314831,1.10115898271031,1.13640609744449,1.16757433544368,1.27397887925082
Pomorskie,2021-09-09,,estimate,1.11815598460439,1.12302538775108,0.0917303419461388,0.987807571865457,1.0704863196993,1.10005313752448,1.1355652843597,1.16484010345249,1.27227798062789
Pomorskie,2021-09-10,,estimate,1.11674415826034,1.12106383417272,0.0917876421972808,0.984828295034436,1.06890237767643,1.09824589266683,1.13563518153974,1.1636291405448,1.2727751836067
Pomorskie,2021-09-11,,estimate,1.11453829440246,1.11887511481181,0.0918853013409666,0.983039571164881,1.06708918687409,1.09650434547908,1.1339676200119,1.16281277868211,1.26688114935806
Pomorskie,2021-09-12,,estimate,1.11269898578224,1.11644690735907,0.0920812262465614,0.978102669834082,1.06505252518767,1.09382300217434,1.13205255198042,1.16127100074908,1.26281844425444
Pomorskie,2021-09-13,,estimate,1.11156662152321,1.11377193979111,0.0924446806546458,0.97264548332292,1.06148849594187,1.09247355314483,1.12847990103312,1.1597037690841,1.25816070223942
Pomorskie,2021-09-14,,estimate,1.10896591670649,1.11084688527388,0.0930402388223057,0.964292228225695,1.05795468921501,1.09105023228399,1.12683410656369,1.15938594521835,1.25620900665018
Pomorskie,2021-09-15,,estimate,1.1078473764697,1.10767177367361,0.0939167215942088,0.956945170555531,1.05440813893572,1.08668751650785,1.12564660659072,1.15769510299146,1.24926567330032
Pomorskie,2021-09-16,,estimate,1.10540892104314,1.10425040291209,0.0951072297917953,0.948564621537642,1.05041667950629,1.08502590665869,1.12436355043222,1.15614640186985,1.24465644193183
Pomorskie,2021-09-17,,estimate,1.10366563411875,1.10059163136984,0.0966403584308769,0.937476098811587,1.04673759603238,1.08252667484625,1.12282615284657,1.15465133763966,1.2467865803275
Pomorskie,2021-09-18,,estimate,1.1003335420218,1.09671088352274,0.0985549779753769,0.927787605217766,1.04321120965663,1.08005819258079,1.12073504032118,1.15363749873669,1.24584819508862
Pomorskie,2021-09-19,,estimate,1.09731702186197,1.0926310219039,0.100907591065576,0.918242545374145,1.03700759515104,1.07781247590616,1.11804895117143,1.15160309408503,1.24432689334084
Pomorskie,2021-09-20,,estimate,1.09453823552238,1.08838204158473,0.103765875189883,0.911450386585665,1.03387256493311,1.07577550533198,1.1163015446506,1.15054401275741,1.24407920251259
Pomorskie,2021-09-21,,estimate,1.09368934596439,1.08399963985415,0.107191470504622,0.89960856548882,1.02714061362493,1.0708618820624,1.11491792163215,1.14873256504258,1.24365923406446
Pomorskie,2021-09-22,,estimate,1.09028196766111,1.0795232304857,0.111221722938982,0.888990728729305,1.02175683830269,1.06835073357935,1.11196814991012,1.14665137487162,1.23950202766832
Pomorskie,2021-09-23,,estimate,1.08814888732603,1.07499411144969,0.115859165505092,0.873329106778616,1.01421131384386,1.06264864720557,1.10980122920438,1.14594544553312,1.23750534332385
Pomorskie,2021-09-24,,estimate,1.08588125093087,1.07045422744552,0.121071367750345,0.857177187507615,1.00664709964527,1.05988928766086,1.10822554895057,1.14420961337518,1.23753813777312
Pomorskie,2021-09-25,,estimate,1.08297681160871,1.06594551597339,0.126798118862292,0.843302609771722,0.999690444293761,1.05631947738797,1.10579452018295,1.14255045709918,1.24095455446966
Pomorskie,2021-09-26,,estimate,1.0804733490431,1.06150948762472,0.13296080122294,0.821336938666142,0.993133431770077,1.05284783079131,1.10446367773613,1.14321608088972,1.24726813129182
Pomorskie,2021-09-27,,estimate,1.07836704951932,1.05718665871645,0.139469948856638,0.809109705027708,0.988141459351693,1.04988952022086,1.10309424157096,1.14311879590258,1.25046654020817
Pomorskie,2021-09-28,,estimate,1.07730704006217,1.05301570744185,0.146230060872968,0.789266871111429,0.980428964562972,1.04652870404555,1.10185828171341,1.14250911464532,1.2514117778139
Pomorskie,2021-09-29,,estimate,1.0759085062632,1.04903255426364,0.153143809349387,0.767893809471188,0.975062176668759,1.04386989688191,1.09975077379878,1.14108177768866,1.25245644001347
Pomorskie,2021-09-30,,estimate,1.0729259221688,1.04526971907554,0.160118332726436,0.743285168366434,0.970142327724702,1.04296285501918,1.09850029413007,1.14077784718413,1.25458885144707
Pomorskie,2021-10-01,,estimate based on partial data,1.07110329716001,1.04175617098668,0.16707370156969,0.723490374670937,0.962671107824771,1.04005275110861,1.09754203223767,1.14122424257347,1.25661253673319
Pomorskie,2021-10-02,,estimate based on partial data,1.06891427856855,1.03851757835535,0.173950523387223,0.706951941015375,0.958745696067224,1.03639160613229,1.09751225511154,1.14062701915232,1.26127268211039
Pomorskie,2021-10-03,,estimate based on partial data,1.06880178406329,1.03557662660931,0.180713188647285,0.690388877837281,0.953242813667028,1.03338187241408,1.0973124129592,1.1418822957384,1.26326428809295
Pomorskie,2021-10-04,,estimate based on partial data,1.0679466341478,1.03295306182839,0.187347722086051,0.679086072419437,0.948371744134626,1.03242230534295,1.09700185371319,1.14273771739788,1.2696970211207
Pomorskie,2021-10-05,,estimate based on partial data,1.06740247870414,1.03066331207308,0.193856199402645,0.667290532047847,0.94531655051949,1.02846734686361,1.09689233639935,1.14317665637081,1.28280049191055
Pomorskie,2021-10-06,,estimate based on partial data,1.06657253143348,1.02871977588806,0.200250948522615,0.655003051606815,0.942081639402483,1.0263395816377,1.09753240111092,1.14472816233735,1.29093433863287
Pomorskie,2021-10-07,,estimate based on partial data,1.06602281840016,1.02712999766354,0.206550846512462,0.637243034168454,0.937728263283397,1.02162409356275,1.09816128250911,1.14547854777589,1.30142235912325
Pomorskie,2021-10-08,,estimate based on partial data,1.06543623047618,1.02589593115108,0.212779966443536,0.628628320736775,0.933611386241158,1.02348142166948,1.09935869241291,1.14552541505429,1.31035694172794
Pomorskie,2021-10-09,,estimate based on partial data,1.06490455657358,1.02501339393963,0.218966944183969,0.615475239926838,0.928851703542672,1.02421010507559,1.09840076817211,1.14700396779305,1.31696442828143
Pomorskie,2021-10-10,,estimate based on partial data,1.06495450290888,1.02447174778954,0.225142666476387,0.600007068202152,0.924224836153829,1.02457194251393,1.09766526111581,1.14859802282979,1.32879802415342
Pomorskie,2021-10-11,,estimate based on partial data,1.06537630813911,1.02425387486086,0.231334706285873,0.58939373355238,0.919874752983242,1.02169849173402,1.09778803926131,1.15047616971981,1.33922465520265
Pomorskie,2021-10-12,,estimate based on partial data,1.06506174745201,1.02433663777197,0.237559346904474,0.57659589149488,0.914522082052452,1.02153046381245,1.09758807662775,1.15123040555714,1.34417440148765
Pomorskie,2021-10-13,,estimate based on partial data,1.06554569524282,1.02469209493127,0.243815161576638,0.567772889510727,0.912675125979036,1.02009856067626,1.10021835031002,1.1538792455827,1.35182249973997
Pomorskie,2021-10-14,,estimate based on partial data,1.06605352706856,1.02528964441711,0.250083781546122,0.553422813247661,0.912426030778937,1.01884681029618,1.10068381768431,1.15562551000445,1.36313010709899
Pomorskie,2021-10-15,,estimate based on partial data,1.06474042714709,1.02609893734266,0.256341183239901,0.542568649135893,0.90825931822059,1.01814935647812,1.10109760359759,1.15856728114352,1.37456917866728
Pomorskie,2021-10-16,,estimate based on partial data,1.06531024517759,1.02709297566708,0.262576523263546,0.534372340828634,0.90413996957866,1.01939942575333,1.10244268782225,1.16074092986057,1.38664813492294
Pomorskie,2021-10-17,,estimate based on partial data,1.06742906988287,1.02825057578666,0.268809576119061,0.528292341188485,0.900978480929548,1.01860361555401,1.10297645593055,1.16080772724782,1.39755218272154
Pomorskie,2021-10-18,,estimate based on partial data,1.06748678578633,1.0295575553472,0.275097896831041,0.523034687768701,0.897858173749129,1.01800257655061,1.10398445726611,1.16432333949958,1.4158761581154
Pomorskie,2021-10-19,,forecast,1.06748678578633,1.0295575553472,0.275097896831041,0.523034687768701,0.897858173749129,1.01800257655061,1.10398445726611,1.16432333949958,1.4158761581154
Pomorskie,2021-10-20,,forecast,1.06748678578633,1.0295575553472,0.275097896831041,0.523034687768701,0.897858173749129,1.01800257655061,1.10398445726611,1.16432333949958,1.4158761581154
Pomorskie,2021-10-21,,forecast,1.06748678578633,1.0295575553472,0.275097896831041,0.523034687768701,0.897858173749129,1.01800257655061,1.10398445726611,1.16432333949958,1.4158761581154
Pomorskie,2021-10-22,,forecast,1.06748678578633,1.0295575553472,0.275097896831041,0.523034687768701,0.897858173749129,1.01800257655061,1.10398445726611,1.16432333949958,1.4158761581154
Pomorskie,2021-10-23,,forecast,1.06748678578633,1.0295575553472,0.275097896831041,0.523034687768701,0.897858173749129,1.01800257655061,1.10398445726611,1.16432333949958,1.4158761581154
Pomorskie,2021-10-24,,forecast,1.06748678578633,1.0295575553472,0.275097896831041,0.523034687768701,0.897858173749129,1.01800257655061,1.10398445726611,1.16432333949958,1.4158761581154
Pomorskie,2021-10-25,,forecast,1.06748678578633,1.0295575553472,0.275097896831041,0.523034687768701,0.897858173749129,1.01800257655061,1.10398445726611,1.16432333949958,1.4158761581154
Pomorskie,2021-10-26,,forecast,1.06748678578633,1.0295575553472,0.275097896831041,0.523034687768701,0.897858173749129,1.01800257655061,1.10398445726611,1.16432333949958,1.4158761581154
Pomorskie,2021-10-27,,forecast,1.06748678578633,1.0295575553472,0.275097896831041,0.523034687768701,0.897858173749129,1.01800257655061,1.10398445726611,1.16432333949958,1.4158761581154
Pomorskie,2021-10-28,,forecast,1.06748678578633,1.0295575553472,0.275097896831041,0.523034687768701,0.897858173749129,1.01800257655061,1.10398445726611,1.16432333949958,1.4158761581154
Pomorskie,2021-10-29,,forecast,1.06748678578633,1.0295575553472,0.275097896831041,0.523034687768701,0.897858173749129,1.01800257655061,1.10398445726611,1.16432333949958,1.4158761581154
Pomorskie,2021-10-30,,forecast,1.06748678578633,1.0295575553472,0.275097896831041,0.523034687768701,0.897858173749129,1.01800257655061,1.10398445726611,1.16432333949958,1.4158761581154
Pomorskie,2021-10-31,,forecast,1.06748678578633,1.0295575553472,0.275097896831041,0.523034687768701,0.897858173749129,1.01800257655061,1.10398445726611,1.16432333949958,1.4158761581154
Pomorskie,2021-11-01,,forecast,1.06748678578633,1.0295575553472,0.275097896831041,0.523034687768701,0.897858173749129,1.01800257655061,1.10398445726611,1.16432333949958,1.4158761581154
Pomorskie,2021-11-02,,forecast,1.06748678578633,1.0295575553472,0.275097896831041,0.523034687768701,0.897858173749129,1.01800257655061,1.10398445726611,1.16432333949958,1.4158761581154
Pomorskie,2021-11-03,,forecast,1.06748678578633,1.0295575553472,0.275097896831041,0.523034687768701,0.897858173749129,1.01800257655061,1.10398445726611,1.16432333949958,1.4158761581154
Pomorskie,2021-11-04,,forecast,1.06748678578633,1.0295575553472,0.275097896831041,0.523034687768701,0.897858173749129,1.01800257655061,1.10398445726611,1.16432333949958,1.4158761581154
Pomorskie,2021-11-05,,forecast,1.06748678578633,1.0295575553472,0.275097896831041,0.523034687768701,0.897858173749129,1.01800257655061,1.10398445726611,1.16432333949958,1.4158761581154
Pomorskie,2021-11-06,,forecast,1.06748678578633,1.0295575553472,0.275097896831041,0.523034687768701,0.897858173749129,1.01800257655061,1.10398445726611,1.16432333949958,1.4158761581154
Pomorskie,2021-11-07,,forecast,1.06748678578633,1.0295575553472,0.275097896831041,0.523034687768701,0.897858173749129,1.01800257655061,1.10398445726611,1.16432333949958,1.4158761581154
Pomorskie,2021-11-08,,forecast,1.06748678578633,1.0295575553472,0.275097896831041,0.523034687768701,0.897858173749129,1.01800257655061,1.10398445726611,1.16432333949958,1.4158761581154
Pomorskie,2021-11-09,,forecast,1.06748678578633,1.0295575553472,0.275097896831041,0.523034687768701,0.897858173749129,1.01800257655061,1.10398445726611,1.16432333949958,1.4158761581154
Pomorskie,2021-11-10,,forecast,1.06748678578633,1.0295575553472,0.275097896831041,0.523034687768701,0.897858173749129,1.01800257655061,1.10398445726611,1.16432333949958,1.4158761581154
Pomorskie,2021-11-11,,forecast,1.06748678578633,1.0295575553472,0.275097896831041,0.523034687768701,0.897858173749129,1.01800257655061,1.10398445726611,1.16432333949958,1.4158761581154
Pomorskie,2021-11-12,,forecast,1.06748678578633,1.0295575553472,0.275097896831041,0.523034687768701,0.897858173749129,1.01800257655061,1.10398445726611,1.16432333949958,1.4158761581154
Pomorskie,2021-11-13,,forecast,1.06748678578633,1.0295575553472,0.275097896831041,0.523034687768701,0.897858173749129,1.01800257655061,1.10398445726611,1.16432333949958,1.4158761581154
Pomorskie,2021-11-14,,forecast,1.06748678578633,1.0295575553472,0.275097896831041,0.523034687768701,0.897858173749129,1.01800257655061,1.10398445726611,1.16432333949958,1.4158761581154
Pomorskie,2021-11-15,,forecast,1.06748678578633,1.0295575553472,0.275097896831041,0.523034687768701,0.897858173749129,1.01800257655061,1.10398445726611,1.16432333949958,1.4158761581154
Pomorskie,2021-11-16,,forecast,1.06748678578633,1.0295575553472,0.275097896831041,0.523034687768701,0.897858173749129,1.01800257655061,1.10398445726611,1.16432333949958,1.4158761581154
Pomorskie,2021-11-17,,forecast,1.06748678578633,1.0295575553472,0.275097896831041,0.523034687768701,0.897858173749129,1.01800257655061,1.10398445726611,1.16432333949958,1.4158761581154
Rhineland-Palatinate,2021-07-29,,estimate,1.10187034244301,1.10103862705141,0.0985873388416911,0.932916557881653,1.05120245012462,1.08536758765948,1.11975818815099,1.15147445912681,1.25030802536489
Rhineland-Palatinate,2021-07-30,,estimate,1.10201701089639,1.10186325450521,0.0945199295859975,0.940487323162311,1.05301545985283,1.08621760754049,1.11985537859986,1.15209161135716,1.24590646742515
Rhineland-Palatinate,2021-07-31,,estimate,1.10263470580975,1.10281237714049,0.0909071606965499,0.946196655418148,1.05687938741027,1.08757020100147,1.12050392984894,1.15121309996709,1.24321292519577
Rhineland-Palatinate,2021-08-01,,estimate,1.10317835763446,1.1038910742776,0.0876971827351914,0.955284757192744,1.05883145538745,1.08838468344038,1.12087172123938,1.15076195263028,1.24270669585491
Rhineland-Palatinate,2021-08-02,,estimate,1.10374870478461,1.10510344564127,0.0848289338253757,0.962213171213861,1.06063608383072,1.08973722560094,1.12141999219136,1.15176089887033,1.2423955163326
Rhineland-Palatinate,2021-08-03,,estimate,1.10518429027582,1.10645154966162,0.0822399189890142,0.967912341157977,1.06322959712861,1.09038821645329,1.12114611535923,1.15115634598162,1.23855399391783
Rhineland-Palatinate,2021-08-04,,estimate,1.1054214485547,1.10793446969333,0.0798727857774431,0.975723780142917,1.06613460817454,1.09130044219204,1.12183166928646,1.1511989604323,1.236571488534
Rhineland-Palatinate,2021-08-05,,estimate,1.10607993562654,1.10954764648712,0.0776804073775003,0.984762182106903,1.06875726498283,1.09268527118915,1.12260495731296,1.15171678426811,1.23728528813548
Rhineland-Palatinate,2021-08-06,,estimate,1.1076757051082,1.11128253665891,0.0756291862714335,0.994725215465637,1.07088680030943,1.09445036617014,1.12332510802643,1.15169448095487,1.23527260338087
Rhineland-Palatinate,2021-08-07,,estimate,1.10881357353215,1.1131265533619,0.0737002534310217,0.999320154736376,1.07323960509748,1.09571377539029,1.12399222867924,1.1529665123054,1.2334700734827
Rhineland-Palatinate,2021-08-08,,estimate,1.10930844862177,1.11506318193185,0.0718886538754763,1.00593383605574,1.07537344504518,1.09759167326809,1.12566754806366,1.15382901702229,1.2329854299488
Rhineland-Palatinate,2021-08-09,,estimate,1.11019878101096,1.11707216569333,0.0702012198591308,1.0106684726353,1.07764169944552,1.09946852112268,1.12711423732127,1.15421142559667,1.23424235657895
Rhineland-Palatinate,2021-08-10,,estimate,1.11267015551148,1.11912970300792,0.0686540536244759,1.01768816702057,1.08052628954077,1.10097178069613,1.12885267622791,1.15421976916716,1.23422024253571
Rhineland-Palatinate,2021-08-11,,estimate,1.11437063035701,1.12120864173172,0.0672700950558738,1.02499608979773,1.08279608940067,1.10232116193362,1.12945634014331,1.15424513926618,1.23742127268238
Rhineland-Palatinate,2021-08-12,,estimate,1.11569901035966,1.12327867183292,0.0660764490020167,1.03176540854524,1.08389011397203,1.10354036007446,1.13082972965766,1.1556820858862,1.23792923062609
Rhineland-Palatinate,2021-08-13,,estimate,1.11732438075102,1.12530650742743,0.0651007452106449,1.03639773446448,1.08584962903547,1.1046151510087,1.13188204210108,1.15722374272043,1.23709257377918
Rhineland-Palatinate,2021-08-14,,estimate,1.11838412639607,1.12725604959473,0.064366332743554,1.04029972069833,1.08757963933272,1.10575706489813,1.13292780641995,1.158548271744,1.23935667588732
Rhineland-Palatinate,2021-08-15,,estimate,1.11962518779679,1.12908855859039,0.063887059924049,1.04361238698635,1.08914461754022,1.10693123287237,1.13350199655606,1.15957375412373,1.24360592185735
Rhineland-Palatinate,2021-08-16,,estimate,1.12087394292177,1.13076293190584,0.0636624940855285,1.04706143928246,1.09028025874893,1.10781265723236,1.13539084180459,1.16151830530756,1.24609324601533
Rhineland-Palatinate,2021-08-17,,estimate,1.1217883021015,1.13223624614719,0.0636734161230427,1.04990928785327,1.09142531487304,1.10870824151,1.13614756363327,1.16344501262861,1.2496414140836
Rhineland-Palatinate,2021-08-18,,estimate,1.12240504530774,1.13346473611906,0.0638768945364751,1.05328058028245,1.09229733754085,1.10932800463043,1.13632728509423,1.16595697221603,1.2531537680093
Rhineland-Palatinate,2021-08-19,,estimate,1.12304872882905,1.13440533256266,0.0642018240784676,1.05615072328434,1.09247772290422,1.11065388291193,1.13686464696466,1.1646614663797,1.25201241507354
Rhineland-Palatinate,2021-08-20,,estimate,1.12346485596727,1.13501776238369,0.0645486096535906,1.05697684896461,1.0932097274956,1.11087072044822,1.13628467664677,1.16455054002962,1.25703101091369
Rhineland-Palatinate,2021-08-21,,estimate,1.1230027342821,1.1352670555374,0.064797602990649,1.05773655289582,1.093951258412,1.11152561539465,1.13659822874045,1.1635296947363,1.2571911681068
Rhineland-Palatinate,2021-08-22,,estimate,1.12326666553448,1.13512614567483,0.0648278344050284,1.05874519636251,1.09392904330014,1.1113751943623,1.13551432642803,1.16316342781924,1.25824299703785
Rhineland-Palatinate,2021-08-23,,estimate,1.12252738451554,1.13457815298835,0.0645418894757304,1.05772365659666,1.09375805235647,1.11066401384996,1.13551235381825,1.16203070770798,1.25366296562072
Rhineland-Palatinate,2021-08-24,,estimate,1.12183729535011,1.13361794208347,0.0638884023244882,1.05746163315751,1.09333708540156,1.11024845696179,1.13499243819384,1.1603023588988,1.25041729466975
Rhineland-Palatinate,2021-08-25,,estimate,1.12094861832156,1.13225266602127,0.0628736505691657,1.05671441912263,1.09338854601612,1.10982529934732,1.13339121206249,1.15835827631833,1.24674447464951
Rhineland-Palatinate,2021-08-26,,estimate,1.11916698713303,1.13050120861985,0.0615580245866785,1.05531335311025,1.09256905430702,1.10892901026558,1.1317333564135,1.15515830944253,1.24398761528002
Rhineland-Palatinate,2021-08-27,,estimate,1.11697225685816,1.12839265727512,0.0600391690221057,1.0548617634776,1.0919307733028,1.10770710103071,1.12917263781941,1.15376649984261,1.23848665756205
Rhineland-Palatinate,2021-08-28,,estimate,1.11495588473623,1.12596410604693,0.0584285309947317,1.05386798572496,1.09065244698074,1.10609334997373,1.12719211056713,1.15159853482425,1.23151728548428
Rhineland-Palatinate,2021-08-29,,estimate,1.11308381947406,1.12325815352737,0.0568298612863509,1.05031186373407,1.08880421717828,1.10385480481952,1.12560510734081,1.14714595772183,1.22569544325838
Rhineland-Palatinate,2021-08-30,,estimate,1.11118574341906,1.12032042050115,0.055325993236642,1.04901914582315,1.0876568748128,1.10208204116759,1.12199852936625,1.14328649907768,1.21969507355692
Rhineland-Palatinate,2021-08-31,,estimate,1.10974274582888,1.11719731760423,0.0539751026844303,1.04728369006659,1.08594064250242,1.10029301213916,1.119765421565,1.1413474811343,1.21406241088015
Rhineland-Palatinate,2021-09-01,,estimate,1.10773940855486,1.11393420660181,0.0528130217938538,1.04302946258798,1.08385075218674,1.09751703180543,1.11737495845486,1.13902356016993,1.2107421822178
Rhineland-Palatinate,2021-09-02,,estimate,1.10538463120224,1.11057404856574,0.0518571710442912,1.04093014392964,1.08161945772257,1.09588560471665,1.11514712149465,1.1355836464596,1.20324537795073
Rhineland-Palatinate,2021-09-03,,estimate,1.10318172837593,1.10715659569583,0.0511100519155022,1.03615836585098,1.07817452672573,1.09384666010069,1.11273316648009,1.13166355840142,1.19600669708983
Rhineland-Palatinate,2021-09-04,,estimate,1.10116695225515,1.10371812371573,0.0505628750789776,1.02853231103895,1.07578641921884,1.09210621535479,1.11093343830548,1.12874852306117,1.18980785734314
Rhineland-Palatinate,2021-09-05,,estimate,1.0993070003215,1.10029161278177,0.0502003086931451,1.01948865036736,1.07253990593706,1.08982632510965,1.10869127121474,1.12586189737883,1.18488257753885
Rhineland-Palatinate,2021-09-06,,estimate,1.09692454878782,1.09690719973659,0.0500058963496222,1.01536655198797,1.0708364303027,1.08785987927229,1.10628007312017,1.12318861073562,1.17573057930806
Rhineland-Palatinate,2021-09-07,,estimate,1.0942490037357,1.09359268324555,0.0499664446739114,1.00919443969727,1.06866422136445,1.08520847845493,1.10379102061456,1.11963410088742,1.1716601597023
Rhineland-Palatinate,2021-09-08,,estimate,1.09210890690074,1.09037387898724,0.050073851675211,1.00414229067615,1.06501550649938,1.08257940694771,1.10123133237584,1.11711035443654,1.16707934582538
Rhineland-Palatinate,2021-09-09,,estimate,1.09014652697526,1.0872746783519,0.0503239852737501,0.999152500681078,1.0607413986982,1.08051051417689,1.09919098813739,1.11492242587355,1.16435762171437
Rhineland-Palatinate,2021-09-10,,estimate,1.08814627570052,1.08431673990044,0.0507132082966727,0.994831504085153,1.05838546089451,1.07776406292559,1.09727788808358,1.11244876876452,1.16003937592708
Rhineland-Palatinate,2021-09-11,,estimate,1.08615319842543,1.08151883281043,0.0512335040378924,0.990622034470323,1.05580797938313,1.07605725655394,1.09492091802878,1.10985558381892,1.15766560070248
Rhineland-Palatinate,2021-09-12,,estimate,1.08412565983724,1.07889595929873,0.0518673212128048,0.985564326021518,1.05366213051679,1.07424941475427,1.09326791202614,1.10867013035656,1.15525453955124
Rhineland-Palatinate,2021-09-13,,estimate,1.0817476422567,1.07645849459055,0.0525838283649045,0.982069866676515,1.05040498707188,1.07150431439345,1.0917605258702,1.10807455458752,1.1522760049386
Rhineland-Palatinate,2021-09-14,,estimate,1.0797047281137,1.07421165179651,0.0533390265334765,0.974804975625383,1.04715609926817,1.06988019787782,1.09025915534787,1.1074632603256,1.14830544277373
Rhineland-Palatinate,2021-09-15,,estimate,1.07768798785105,1.07215554696726,0.0540819371401322,0.970422485221249,1.04526716378363,1.06781521943456,1.08786685978415,1.1067773483099,1.14472996830751
Rhineland-Palatinate,2021-09-16,,estimate,1.07660188738209,1.07028598568671,0.0547669640068199,0.973742723684489,1.04233959763573,1.0659276986166,1.08675709570747,1.10565950483258,1.14224583150183
Rhineland-Palatinate,2021-09-17,,estimate,1.07549529131926,1.06859586770146,0.0553693257314239,0.966650242314314,1.03987517888106,1.0639885907426,1.0857408228171,1.10484445141276,1.14055147507265
Rhineland-Palatinate,2021-09-18,,estimate,1.07376653976296,1.06707691406145,0.0558983159255172,0.96749136882321,1.03833513633286,1.06156814473889,1.08481233041461,1.10276481315832,1.1396934961043
Rhineland-Palatinate,2021-09-19,,estimate,1.07298906416901,1.06572135162007,0.056403619072702,0.965455406053116,1.03628681059239,1.05993965659169,1.08373041456676,1.10208622591475,1.1416325287725
Rhineland-Palatinate,2021-09-20,,estimate,1.07176111734239,1.06452325541203,0.0569725924112352,0.96146607440428,1.03436063559792,1.05897812278573,1.08282411812197,1.10207332579042,1.14192002287897
Rhineland-Palatinate,2021-09-21,,estimate,1.07123413830913,1.06347938316897,0.0577195144827181,0.959590817535908,1.03148017076948,1.05751731261328,1.08265251003473,1.10173396440967,1.14169867800647
Rhineland-Palatinate,2021-09-22,,estimate,1.06997192372888,1.06258944944972,0.0587696412285507,0.957233228755963,1.02932334214624,1.05559778301752,1.0827034210462,1.10129256252179,1.14476555911789
Rhineland-Palatinate,2021-09-23,,estimate,1.06974097951031,1.06185583941208,0.0602411437008021,0.952295270323816,1.02695668725017,1.0555139292648,1.08243120125777,1.10182816690243,1.14721525764911
Rhineland-Palatinate,2021-09-24,,estimate,1.06888557074238,1.06128278483064,0.0622275803971316,0.94643408652275,1.02523656751242,1.05610205112908,1.08220407940764,1.10198549983401,1.15018838446446
Rhineland-Palatinate,2021-09-25,,estimate,1.07011213981636,1.06087507872106,0.0647836447002295,0.942995781585805,1.02410115001504,1.05614899916217,1.08165118119552,1.10236628089531,1.15350210000309
Rhineland-Palatinate,2021-09-26,,estimate,1.07007541250096,1.06063651597783,0.0679175202268965,0.936731335510644,1.02250364111142,1.05562127604627,1.08224023249614,1.10307281564496,1.15783599820232
Rhineland-Palatinate,2021-09-27,,estimate,1.07074229003186,1.06056837280023,0.0715929151313801,0.930638117464896,1.02224777791448,1.05536442412323,1.08239685862923,1.10490620144223,1.16479333612725
Rhineland-Palatinate,2021-09-28,,estimate,1.07079278945286,1.06066829158658,0.0757415960409048,0.922275627737212,1.02052528187813,1.05545612403413,1.08324411953221,1.10692150634398,1.16978496068185
Rhineland-Palatinate,2021-09-29,,estimate,1.07183635331013,1.06092985703264,0.0802836761703061,0.915522896550841,1.01848025390085,1.05449017898319,1.08426574205578,1.10816320977074,1.17451049562929
Rhineland-Palatinate,2021-09-30,,estimate based on partial data,1.07234319796122,1.06134294452763,0.0851499825003344,0.90920383930467,1.01721616098399,1.05506967247238,1.08583785183965,1.10936588705817,1.18172144386074
Rhineland-Palatinate,2021-10-01,,estimate based on partial data,1.07291544513632,1.06189467999921,0.09029995033542,0.90256398300452,1.01552819619202,1.05663478232999,1.08705155537498,1.11125998503457,1.1879980060602
Rhineland-Palatinate,2021-10-02,,estimate based on partial data,1.07337394348289,1.06257068439442,0.0957298349018605,0.896509570037163,1.0136685432182,1.05669433865221,1.08820700908383,1.11228117861405,1.19780577705819
Rhineland-Palatinate,2021-10-03,,estimate based on partial data,1.0743610684452,1.06335626141509,0.101469097698644,0.887100176152834,1.01118502832105,1.05612841686352,1.08910630867531,1.11385081788201,1.20466841995356
Rhineland-Palatinate,2021-10-04,,estimate based on partial data,1.07497925795851,1.06423731704004,0.107566822393754,0.881420538953648,1.00985436332744,1.05575784843162,1.08970227932611,1.11683167553825,1.22052346024579
Rhineland-Palatinate,2021-10-05,,estimate based on partial data,1.07554051467299,1.0652009853285,0.114073539824682,0.874112591740312,1.00772192360096,1.05513702748235,1.09049872899152,1.11978252505778,1.22861701060036
Rhineland-Palatinate,2021-10-06,,estimate based on partial data,1.07572744257947,1.06623605892335,0.121025108302281,0.867936710217504,1.0060238242464,1.05399277153778,1.09115208611772,1.12271218713265,1.24360877631908
Rhineland-Palatinate,2021-10-07,,estimate based on partial data,1.07633097959657,1.06733331540119,0.128433472702427,0.862704703020599,1.00351190063746,1.05395516855164,1.09127151495955,1.12339193913796,1.26040344329435
Rhineland-Palatinate,2021-10-08,,estimate based on partial data,1.07616952250473,1.06848572312032,0.136285452912833,0.857119784301138,1.0012451272078,1.05401312460361,1.09153629702531,1.12543654246468,1.28083331824911
Rhineland-Palatinate,2021-10-09,,estimate based on partial data,1.07645475633148,1.06968840914765,0.144547637348204,0.852074506159688,0.999400965141917,1.05394704652817,1.09261971896824,1.1254340707316,1.29960314569308
Rhineland-Palatinate,2021-10-10,,estimate based on partial data,1.07623447855403,1.07093827071552,0.153174427820642,0.839543749687255,0.997520069821543,1.05402142021482,1.09418383234812,1.1265971057827,1.31809766922499
Rhineland-Palatinate,2021-10-11,,estimate based on partial data,1.07652937090717,1.07223321520794,0.162116814840682,0.82856921365676,0.995336236969885,1.05410504929037,1.09428915605337,1.12869554208398,1.33330358712047
Rhineland-Palatinate,2021-10-12,,estimate based on partial data,1.07654809573907,1.07357114541597,0.171330376156226,0.817432658581506,0.992722674038708,1.05270962992064,1.0949928942645,1.13013173329498,1.34609769665464
Rhineland-Palatinate,2021-10-13,,estimate based on partial data,1.07645640923481,1.07494888393983,0.180781718318864,0.805011497006227,0.990526273585944,1.05242509106126,1.09492376972991,1.13150096794308,1.35735730848174
Rhineland-Palatinate,2021-10-14,,estimate based on partial data,1.07739857695849,1.07636122755084,0.190452986267615,0.797296934317328,0.989220382472901,1.05114382497481,1.09559022548741,1.13349259114641,1.36739793179618
Rhineland-Palatinate,2021-10-15,,estimate based on partial data,1.07677698958986,1.07780027495249,0.200343936755448,0.793176960037242,0.986895552905958,1.05090511842103,1.09624975000523,1.13448052947593,1.37643214966274
Rhineland-Palatinate,2021-10-16,,estimate based on partial data,1.07681310723176,1.0792551398574,0.210470623855111,0.785688823033337,0.985997407530879,1.04947378924836,1.09659099943145,1.13611516413692,1.38688939541693
Rhineland-Palatinate,2021-10-17,,estimate based on partial data,1.07734958474663,1.08071218369659,0.220860163283741,0.776504999949095,0.986097440086573,1.04857891775715,1.09682453110279,1.13805192451761,1.39905239709589
Rhineland-Palatinate,2021-10-18,,forecast,1.07734958474663,1.08071218369659,0.220860163283741,0.776504999949095,0.986097440086573,1.04857891775715,1.09682453110279,1.13805192451761,1.39905239709589
Rhineland-Palatinate,2021-10-19,,forecast,1.07734958474663,1.08071218369659,0.220860163283741,0.776504999949095,0.986097440086573,1.04857891775715,1.09682453110279,1.13805192451761,1.39905239709589
Rhineland-Palatinate,2021-10-20,,forecast,1.07734958474663,1.08071218369659,0.220860163283741,0.776504999949095,0.986097440086573,1.04857891775715,1.09682453110279,1.13805192451761,1.39905239709589
Rhineland-Palatinate,2021-10-21,,forecast,1.07734958474663,1.08071218369659,0.220860163283741,0.776504999949095,0.986097440086573,1.04857891775715,1.09682453110279,1.13805192451761,1.39905239709589
Rhineland-Palatinate,2021-10-22,,forecast,1.07734958474663,1.08071218369659,0.220860163283741,0.776504999949095,0.986097440086573,1.04857891775715,1.09682453110279,1.13805192451761,1.39905239709589
Rhineland-Palatinate,2021-10-23,,forecast,1.07734958474663,1.08071218369659,0.220860163283741,0.776504999949095,0.986097440086573,1.04857891775715,1.09682453110279,1.13805192451761,1.39905239709589
Rhineland-Palatinate,2021-10-24,,forecast,1.07734958474663,1.08071218369659,0.220860163283741,0.776504999949095,0.986097440086573,1.04857891775715,1.09682453110279,1.13805192451761,1.39905239709589
Rhineland-Palatinate,2021-10-25,,forecast,1.07734958474663,1.08071218369659,0.220860163283741,0.776504999949095,0.986097440086573,1.04857891775715,1.09682453110279,1.13805192451761,1.39905239709589
Rhineland-Palatinate,2021-10-26,,forecast,1.07734958474663,1.08071218369659,0.220860163283741,0.776504999949095,0.986097440086573,1.04857891775715,1.09682453110279,1.13805192451761,1.39905239709589
Rhineland-Palatinate,2021-10-27,,forecast,1.07734958474663,1.08071218369659,0.220860163283741,0.776504999949095,0.986097440086573,1.04857891775715,1.09682453110279,1.13805192451761,1.39905239709589
Rhineland-Palatinate,2021-10-28,,forecast,1.07734958474663,1.08071218369659,0.220860163283741,0.776504999949095,0.986097440086573,1.04857891775715,1.09682453110279,1.13805192451761,1.39905239709589
Rhineland-Palatinate,2021-10-29,,forecast,1.07734958474663,1.08071218369659,0.220860163283741,0.776504999949095,0.986097440086573,1.04857891775715,1.09682453110279,1.13805192451761,1.39905239709589
Rhineland-Palatinate,2021-10-30,,forecast,1.07734958474663,1.08071218369659,0.220860163283741,0.776504999949095,0.986097440086573,1.04857891775715,1.09682453110279,1.13805192451761,1.39905239709589
Rhineland-Palatinate,2021-10-31,,forecast,1.07734958474663,1.08071218369659,0.220860163283741,0.776504999949095,0.986097440086573,1.04857891775715,1.09682453110279,1.13805192451761,1.39905239709589
Rhineland-Palatinate,2021-11-01,,forecast,1.07734958474663,1.08071218369659,0.220860163283741,0.776504999949095,0.986097440086573,1.04857891775715,1.09682453110279,1.13805192451761,1.39905239709589
Rhineland-Palatinate,2021-11-02,,forecast,1.07734958474663,1.08071218369659,0.220860163283741,0.776504999949095,0.986097440086573,1.04857891775715,1.09682453110279,1.13805192451761,1.39905239709589
Rhineland-Palatinate,2021-11-03,,forecast,1.07734958474663,1.08071218369659,0.220860163283741,0.776504999949095,0.986097440086573,1.04857891775715,1.09682453110279,1.13805192451761,1.39905239709589
Rhineland-Palatinate,2021-11-04,,forecast,1.07734958474663,1.08071218369659,0.220860163283741,0.776504999949095,0.986097440086573,1.04857891775715,1.09682453110279,1.13805192451761,1.39905239709589
Rhineland-Palatinate,2021-11-05,,forecast,1.07734958474663,1.08071218369659,0.220860163283741,0.776504999949095,0.986097440086573,1.04857891775715,1.09682453110279,1.13805192451761,1.39905239709589
Rhineland-Palatinate,2021-11-06,,forecast,1.07734958474663,1.08071218369659,0.220860163283741,0.776504999949095,0.986097440086573,1.04857891775715,1.09682453110279,1.13805192451761,1.39905239709589
Rhineland-Palatinate,2021-11-07,,forecast,1.07734958474663,1.08071218369659,0.220860163283741,0.776504999949095,0.986097440086573,1.04857891775715,1.09682453110279,1.13805192451761,1.39905239709589
Rhineland-Palatinate,2021-11-08,,forecast,1.07734958474663,1.08071218369659,0.220860163283741,0.776504999949095,0.986097440086573,1.04857891775715,1.09682453110279,1.13805192451761,1.39905239709589
Rhineland-Palatinate,2021-11-09,,forecast,1.07734958474663,1.08071218369659,0.220860163283741,0.776504999949095,0.986097440086573,1.04857891775715,1.09682453110279,1.13805192451761,1.39905239709589
Rhineland-Palatinate,2021-11-10,,forecast,1.07734958474663,1.08071218369659,0.220860163283741,0.776504999949095,0.986097440086573,1.04857891775715,1.09682453110279,1.13805192451761,1.39905239709589
Rhineland-Palatinate,2021-11-11,,forecast,1.07734958474663,1.08071218369659,0.220860163283741,0.776504999949095,0.986097440086573,1.04857891775715,1.09682453110279,1.13805192451761,1.39905239709589
Rhineland-Palatinate,2021-11-12,,forecast,1.07734958474663,1.08071218369659,0.220860163283741,0.776504999949095,0.986097440086573,1.04857891775715,1.09682453110279,1.13805192451761,1.39905239709589
Rhineland-Palatinate,2021-11-13,,forecast,1.07734958474663,1.08071218369659,0.220860163283741,0.776504999949095,0.986097440086573,1.04857891775715,1.09682453110279,1.13805192451761,1.39905239709589
Rhineland-Palatinate,2021-11-14,,forecast,1.07734958474663,1.08071218369659,0.220860163283741,0.776504999949095,0.986097440086573,1.04857891775715,1.09682453110279,1.13805192451761,1.39905239709589
Rhineland-Palatinate,2021-11-15,,forecast,1.07734958474663,1.08071218369659,0.220860163283741,0.776504999949095,0.986097440086573,1.04857891775715,1.09682453110279,1.13805192451761,1.39905239709589
Rhineland-Palatinate,2021-11-16,,forecast,1.07734958474663,1.08071218369659,0.220860163283741,0.776504999949095,0.986097440086573,1.04857891775715,1.09682453110279,1.13805192451761,1.39905239709589
Rhineland-Palatinate,2021-11-17,,forecast,1.07734958474663,1.08071218369659,0.220860163283741,0.776504999949095,0.986097440086573,1.04857891775715,1.09682453110279,1.13805192451761,1.39905239709589
Saarland,2021-08-04,,estimate,1.16075968355185,1.1858475562615,0.175771675041248,0.934960682903166,1.06966926061695,1.11829252988666,1.20646328353227,1.29042083103273,1.51431866243562
Saarland,2021-08-05,,estimate,1.1667468843785,1.19482037595008,0.171758034174977,0.95462863551661,1.07914475633038,1.12848681849406,1.21440213413274,1.29669034391074,1.52340381128754
Saarland,2021-08-06,,estimate,1.17623513773748,1.20445939055845,0.170912909750915,0.967748426684794,1.08757051041159,1.13594654153094,1.22156744294866,1.30421313540638,1.53379299104574
Saarland,2021-08-07,,estimate,1.18599873186841,1.21454395709822,0.173209710582415,0.981718635300087,1.09461103954441,1.14533972806103,1.23142891119964,1.31266308931662,1.54491734862531
Saarland,2021-08-08,,estimate,1.19395164235776,1.22481626863366,0.178339107162791,0.988086112009193,1.10015767135014,1.15271385542749,1.24009247084673,1.3228362730036,1.57600686924718
Saarland,2021-08-09,,estimate,1.20104745943494,1.23499026842281,0.185750476104251,1.00145701986762,1.10630043226034,1.16088123608637,1.24855121765254,1.33405829014355,1.59278839862015
Saarland,2021-08-10,,estimate,1.20409852932013,1.24476116541286,0.19472341829084,1.01032098870264,1.11070211911182,1.16791021435013,1.25502382833871,1.34441736111936,1.61808525228734
Saarland,2021-08-11,,estimate,1.21096779040693,1.25381485969629,0.204431990975513,1.01498311912646,1.11385373061073,1.17317660751013,1.2598753612439,1.35383807028039,1.63334776372387
Saarland,2021-08-12,,estimate,1.21500815981671,1.26183792493055,0.214000842100071,1.01981958266218,1.11629112765657,1.17724024394946,1.26181294256836,1.36023612363712,1.64950804332777
Saarland,2021-08-13,,estimate,1.21847153097481,1.26852943794338,0.222572826948464,1.01974944247485,1.11861201213861,1.17692935151808,1.26678018175599,1.3685838157746,1.66641350068381
Saarland,2021-08-14,,estimate,1.22086618673684,1.27361515085247,0.229394942563079,1.0233268563976,1.11942530496828,1.17742060228098,1.26866994972607,1.37525670742863,1.67768677615958
Saarland,2021-08-15,,estimate,1.22177883590181,1.27686274103877,0.233906935462693,1.02257841477973,1.12251343988454,1.17908527915389,1.27269286764332,1.38007731963586,1.69390078375637
Saarland,2021-08-16,,estimate,1.22192852545287,1.27809539577947,0.235806910979333,1.02407662356765,1.12128880282205,1.17767465866743,1.27503189969301,1.38458780900905,1.70337572610667
Saarland,2021-08-17,,estimate,1.2204177417158,1.27720080526593,0.235072833878198,1.02467849627384,1.11864836508625,1.17633629184334,1.27199569979047,1.38725952719508,1.70103874586653
Saarland,2021-08-18,,estimate,1.21483762765874,1.27413390195229,0.231930238215666,1.02277452840957,1.11918721070702,1.1737237487989,1.26975552695669,1.38221211336699,1.69005359642253
Saarland,2021-08-19,,estimate,1.21060779247767,1.26891374333398,0.226770042386062,1.0215703462128,1.11763057065673,1.16943090105905,1.26542759128948,1.37361313498063,1.67499706415791
Saarland,2021-08-20,,estimate,1.20536263441058,1.26161678101338,0.220035223382746,1.02048322183658,1.11557690555184,1.16741724862626,1.2562507943133,1.36379763272021,1.66227499261621
Saarland,2021-08-21,,estimate,1.20022485202459,1.25236951305071,0.212107848448578,1.01763041009597,1.11195337712934,1.1636702141333,1.24868996572228,1.34949685556539,1.6273298304984
Saarland,2021-08-22,,estimate,1.19504257129526,1.24134281990065,0.203233184877263,1.01611504685215,1.10610416145544,1.15721358502083,1.23884970167695,1.33455323633197,1.60933646236014
Saarland,2021-08-23,,estimate,1.1861035321706,1.22874848178462,0.193514110135674,1.01257129850814,1.10183499752014,1.15226556428723,1.22744468698627,1.30972586469005,1.58540905668329
Saarland,2021-08-24,,estimate,1.17672676695569,1.21483634742201,0.18299409285799,1.00667745885385,1.09454905095811,1.14237607551623,1.21431090915238,1.28994285201745,1.55394123171236
Saarland,2021-08-25,,estimate,1.16586272457524,1.19988936071741,0.171808420295773,0.996320071897545,1.08897452171542,1.1354892653258,1.20197478856931,1.27287607801531,1.51022458505461
Saarland,2021-08-26,,estimate,1.15556726238395,1.18421388456949,0.160325493275923,0.991756876938045,1.08240372354438,1.12765896683663,1.18849024016079,1.25668089082889,1.47511205405098
Saarland,2021-08-27,,estimate,1.14445698082442,1.1681246560276,0.149174280377488,0.980398946737632,1.07533831492641,1.11890039549309,1.17696216317423,1.23703898090556,1.4325052957
Saarland,2021-08-28,,estimate,1.13381996095692,1.15192648234192,0.139111745338849,0.964818286358308,1.06733838323774,1.10906270843285,1.16532749850312,1.21712359409271,1.38731551792469
Saarland,2021-08-29,,estimate,1.12408934916395,1.13589679023586,0.130793780130883,0.951799800164452,1.05742145879663,1.09906259592003,1.15134247709334,1.19867549676496,1.35220225101644
Saarland,2021-08-30,,estimate,1.1143988786081,1.12027300525993,0.124579015817789,0.936399477855795,1.04849072832896,1.08953961436601,1.13968086845792,1.18159722145954,1.32862670822032
Saarland,2021-08-31,,estimate,1.10383048359766,1.10524667917212,0.120462675963834,0.919855335934485,1.04169991714549,1.08013195348591,1.12740328596564,1.16726352321615,1.30153232185845
Saarland,2021-09-01,,estimate,1.0938638086872,1.0909638603657,0.11814593216046,0.900106752752343,1.03280003046393,1.07095371508092,1.11701235399247,1.15672849344613,1.27280685467227
Saarland,2021-09-02,,estimate,1.0840933867462,1.07752978333814,0.117175035689533,0.883318877467893,1.02040939323693,1.06261837404664,1.10481523304908,1.14346642474817,1.25467705572487
Saarland,2021-09-03,,estimate,1.07353901812076,1.06501574463809,0.117075938667044,0.865627454478519,1.01081035957855,1.05158160483572,1.09558959312572,1.13281844325479,1.23432927876446
Saarland,2021-09-04,,estimate,1.06530195654007,1.05346646977109,0.117443832717198,0.84837923541327,0.998732285279838,1.04165144970562,1.08499516909964,1.12310969032214,1.21521046053329
Saarland,2021-09-05,,estimate,1.05613384479606,1.04290683622187,0.117982305845667,0.836602256441555,0.985274752372191,1.03302730901941,1.07828264430825,1.11550122428049,1.20601025356002
Saarland,2021-09-06,,estimate,1.04835346609294,1.03334731822489,0.118505151089569,0.816022129805296,0.971831159809513,1.02406497925425,1.06968972522234,1.10766488651725,1.1956075402007
Saarland,2021-09-07,,estimate,1.04060930941524,1.02478793854105,0.118918335922093,0.805023262339615,0.964364341787315,1.01640745158619,1.06393681009575,1.10203838188827,1.19029156137424
Saarland,2021-09-08,,estimate,1.03509642195117,1.01722082148398,0.119196894044868,0.796613050106269,0.95471609292139,1.00907162145881,1.05731452920212,1.09617041988683,1.18178343623859
Saarland,2021-09-09,,estimate,1.02943048505424,1.01063161212385,0.119364925217984,0.789106620926477,0.946074496150569,1.00131678946134,1.05218262970998,1.08940730769055,1.17522759196255
Saarland,2021-09-10,,estimate,1.02522384755767,1.00500008873877,0.119479417589,0.777565677022551,0.939412223108402,0.995160126968413,1.04727953025693,1.08341862793135,1.16640658242238
Saarland,2021-09-11,,estimate,1.02059632344771,1.00030030504527,0.119614499167729,0.772800652395624,0.932900659993136,0.990193742376223,1.04501347221294,1.08059735094139,1.16447764678664
Saarland,2021-09-12,,estimate,1.01549792307475,0.99650056626269,0.119844540160825,0.771560715928562,0.927783548046412,0.984142395219455,1.04217826181137,1.07950033604928,1.16229610456871
Saarland,2021-09-13,,estimate,1.01166560208807,0.993563437051111,0.120229374450404,0.765533601990934,0.923891437239683,0.981813518293285,1.03833312609953,1.07649953502292,1.16181566687476
Saarland,2021-09-14,,estimate,1.00977885187249,0.991445814778661,0.120806330225515,0.768750790844071,0.919466340504078,0.978543848067001,1.03537278342115,1.07479664111219,1.15821160552633
Saarland,2021-09-15,,estimate,1.00525101643799,0.990098999918638,0.121589346277978,0.768622586420334,0.917787457158251,0.976091150751813,1.03424117277276,1.07454944164202,1.15857042364644
Saarland,2021-09-16,,estimate,1.0034856466247,0.989468797634734,0.122571119545122,0.769950560343221,0.914848443308378,0.973322680843553,1.03164340232851,1.07373738275667,1.15773619588
Saarland,2021-09-17,,estimate,1.00271259246955,0.989495960238592,0.123727223982837,0.770085796853823,0.915830253955585,0.971034999683795,1.0326152718223,1.07243046801874,1.16028958477589
Saarland,2021-09-18,,estimate,1.00347461495604,0.99011745717354,0.125028670427701,0.765309015069037,0.916070844934015,0.970167095897457,1.03263562381013,1.07325630166318,1.16317483270056
Saarland,2021-09-19,,estimate,1.00423874922512,0.991268840412821,0.126469566595562,0.764128212822829,0.914453509754839,0.970329088517943,1.03241999758317,1.07535970199142,1.16811670966813
Saarland,2021-09-20,,estimate,1.00521344815467,0.992887372195394,0.128104025275577,0.769283344063405,0.916748171241263,0.971027347792523,1.03316184507257,1.07734417622218,1.1700529128934
Saarland,2021-09-21,,estimate,1.00530624202209,0.994914996133859,0.130072254779663,0.77090752086682,0.918507224895141,0.973253040974351,1.03442145706609,1.07885880015255,1.17862240662036
Saarland,2021-09-22,,estimate,1.00799958524173,0.997300118672587,0.132595660745835,0.76861849793498,0.918147452283151,0.974509011328093,1.03597676850145,1.08068657528549,1.19292443504544
Saarland,2021-09-23,,estimate,1.00934771461251,0.999997640324226,0.13593702891386,0.764510969808829,0.920838600242777,0.97546334231467,1.03988157914263,1.08772152152493,1.20282823757747
Saarland,2021-09-24,,estimate,1.01183066220648,1.00296743486491,0.14034163531737,0.760346868244658,0.92117290998667,0.980241182596834,1.0413968026182,1.09262157506811,1.21437523476008
Saarland,2021-09-25,,estimate,1.01419924250639,1.00617208105177,0.145984663112382,0.750852828925424,0.919209014049073,0.984331318829161,1.04692583336264,1.09659731338831,1.23170605491181
Saarland,2021-09-26,,estimate,1.02087469648041,1.00957483265818,0.152945324025705,0.74871981922249,0.921305542301674,0.984379299758486,1.05302907980568,1.10005863293913,1.2465860367642
Saarland,2021-09-27,,estimate,1.0222970066066,1.01313856111674,0.161213199840606,0.742518462106445,0.921554714702445,0.987829453650035,1.05630634904082,1.10528956405342,1.27205226241217
Saarland,2021-09-28,,estimate,1.02450570819303,1.01682591598899,0.170716501730321,0.728423426911311,0.919277614705165,0.990114230456993,1.05936700670231,1.1116702130549,1.29249864289828
Saarland,2021-09-29,,estimate,1.02709052529815,1.02060050651273,0.181354349440465,0.711306087396742,0.917413275003623,0.993243178594649,1.06548243186282,1.11862547435203,1.31893793214335
Saarland,2021-09-30,,estimate based on partial data,1.03047797417059,1.02442873682956,0.193019710636786,0.691317869069028,0.915593519375336,0.991911801053099,1.07015548263153,1.12919438931532,1.34393795855108
Saarland,2021-10-01,,estimate based on partial data,1.03465854304663,1.02828203449767,0.205611246244048,0.673075231680383,0.914943979376959,0.993564376486451,1.07284590782557,1.13383751145127,1.36778867820721
Saarland,2021-10-02,,estimate based on partial data,1.03642033257074,1.03213936135387,0.219040672167007,0.661257503154211,0.91261842828244,0.996061428756535,1.07389251648692,1.13783554668661,1.39998457291671
Saarland,2021-10-03,,estimate based on partial data,1.03733011137508,1.03598981592406,0.233241183910412,0.642496652473636,0.911925194490961,0.99588339169049,1.07653348005909,1.14429930612936,1.43580176787705
Saarland,2021-10-04,,estimate based on partial data,1.03600693214199,1.03983480447981,0.248175484940597,0.627149592053997,0.907552768781081,0.996835281575525,1.0782604247657,1.15162665197816,1.47016764282063
Saarland,2021-10-05,,estimate based on partial data,1.04003161683772,1.04368897479184,0.263837611917358,0.615652141705786,0.904766064349737,0.994577575443983,1.07974771527102,1.15432361134936,1.50212686380391
Saarland,2021-10-06,,estimate based on partial data,1.04343464677508,1.04757925811205,0.280245480361071,0.604604494323664,0.901300597672887,0.993320683364517,1.0821431901122,1.16046177325307,1.53431744473281
Saarland,2021-10-07,,estimate based on partial data,1.0412983267113,1.05154207321837,0.297427996426702,0.587390129190187,0.899752026260252,0.992801079822855,1.08293806853715,1.16404195238382,1.5865715010393
Saarland,2021-10-08,,estimate based on partial data,1.04087327545868,1.0556196973032,0.315415889786889,0.576779483090875,0.892695806111193,0.993051105011423,1.08408641432875,1.16858994751726,1.62612092532857
Saarland,2021-10-09,,estimate based on partial data,1.04217772227261,1.05985737438557,0.334244657143961,0.57158134949487,0.887261318863295,0.99195416581175,1.08474910766626,1.17377010360383,1.66885756945391
Saarland,2021-10-10,,estimate based on partial data,1.04255847855913,1.06430237241828,0.35397028648153,0.562927381506809,0.882578117151178,0.986157725344757,1.08787882623237,1.17729310549125,1.7104273856016
Saarland,2021-10-11,,estimate based on partial data,1.04296502013636,1.06900495915975,0.374688824420047,0.542966828991697,0.87370998596276,0.985033755498815,1.08770011008994,1.18320733478527,1.74876898390994
Saarland,2021-10-12,,estimate based on partial data,1.04178212086704,1.07401993500108,0.39654788780781,0.529819074072526,0.868055939595714,0.982707795682554,1.08734414192142,1.18819839115948,1.77045033742402
Saarland,2021-10-13,,estimate based on partial data,1.04089827113424,1.07940696339503,0.419745029740826,0.513235508997451,0.860325363152015,0.980717836288756,1.09115813695733,1.19569603583531,1.82934610822243
Saarland,2021-10-14,,estimate based on partial data,1.04060732181467,1.08522886107425,0.444518059390864,0.503584702898198,0.85089125096896,0.978550721840639,1.09329842574985,1.20186534196773,1.88919272505928
Saarland,2021-10-15,,estimate based on partial data,1.04220317095189,1.091548597393,0.471137233449791,0.495411926181441,0.845107866932789,0.975856648606321,1.09502816301202,1.21261146816075,1.93697086945952
Saarland,2021-10-16,,estimate based on partial data,1.0429372536649,1.09842683912959,0.499906756539145,0.486593740510028,0.842666770075846,0.975939270650301,1.09590187396316,1.2204391160879,1.99010679682384
Saarland,2021-10-17,,estimate based on partial data,1.0424835605862,1.10592172597644,0.531178402499155,0.46685565004792,0.833342004681548,0.978634759111379,1.09745807711348,1.22485343416314,2.03135684484624
Saarland,2021-10-18,,forecast,1.0424835605862,1.10592172597644,0.531178402499155,0.46685565004792,0.833342004681548,0.978634759111379,1.09745807711348,1.22485343416314,2.03135684484624
Saarland,2021-10-19,,forecast,1.0424835605862,1.10592172597644,0.531178402499155,0.46685565004792,0.833342004681548,0.978634759111379,1.09745807711348,1.22485343416314,2.03135684484624
Saarland,2021-10-20,,forecast,1.0424835605862,1.10592172597644,0.531178402499155,0.46685565004792,0.833342004681548,0.978634759111379,1.09745807711348,1.22485343416314,2.03135684484624
Saarland,2021-10-21,,forecast,1.0424835605862,1.10592172597644,0.531178402499155,0.46685565004792,0.833342004681548,0.978634759111379,1.09745807711348,1.22485343416314,2.03135684484624
Saarland,2021-10-22,,forecast,1.0424835605862,1.10592172597644,0.531178402499155,0.46685565004792,0.833342004681548,0.978634759111379,1.09745807711348,1.22485343416314,2.03135684484624
Saarland,2021-10-23,,forecast,1.0424835605862,1.10592172597644,0.531178402499155,0.46685565004792,0.833342004681548,0.978634759111379,1.09745807711348,1.22485343416314,2.03135684484624
Saarland,2021-10-24,,forecast,1.0424835605862,1.10592172597644,0.531178402499155,0.46685565004792,0.833342004681548,0.978634759111379,1.09745807711348,1.22485343416314,2.03135684484624
Saarland,2021-10-25,,forecast,1.0424835605862,1.10592172597644,0.531178402499155,0.46685565004792,0.833342004681548,0.978634759111379,1.09745807711348,1.22485343416314,2.03135684484624
Saarland,2021-10-26,,forecast,1.0424835605862,1.10592172597644,0.531178402499155,0.46685565004792,0.833342004681548,0.978634759111379,1.09745807711348,1.22485343416314,2.03135684484624
Saarland,2021-10-27,,forecast,1.0424835605862,1.10592172597644,0.531178402499155,0.46685565004792,0.833342004681548,0.978634759111379,1.09745807711348,1.22485343416314,2.03135684484624
Saarland,2021-10-28,,forecast,1.0424835605862,1.10592172597644,0.531178402499155,0.46685565004792,0.833342004681548,0.978634759111379,1.09745807711348,1.22485343416314,2.03135684484624
Saarland,2021-10-29,,forecast,1.0424835605862,1.10592172597644,0.531178402499155,0.46685565004792,0.833342004681548,0.978634759111379,1.09745807711348,1.22485343416314,2.03135684484624
Saarland,2021-10-30,,forecast,1.0424835605862,1.10592172597644,0.531178402499155,0.46685565004792,0.833342004681548,0.978634759111379,1.09745807711348,1.22485343416314,2.03135684484624
Saarland,2021-10-31,,forecast,1.0424835605862,1.10592172597644,0.531178402499155,0.46685565004792,0.833342004681548,0.978634759111379,1.09745807711348,1.22485343416314,2.03135684484624
Saarland,2021-11-01,,forecast,1.0424835605862,1.10592172597644,0.531178402499155,0.46685565004792,0.833342004681548,0.978634759111379,1.09745807711348,1.22485343416314,2.03135684484624
Saarland,2021-11-02,,forecast,1.0424835605862,1.10592172597644,0.531178402499155,0.46685565004792,0.833342004681548,0.978634759111379,1.09745807711348,1.22485343416314,2.03135684484624
Saarland,2021-11-03,,forecast,1.0424835605862,1.10592172597644,0.531178402499155,0.46685565004792,0.833342004681548,0.978634759111379,1.09745807711348,1.22485343416314,2.03135684484624
Saarland,2021-11-04,,forecast,1.0424835605862,1.10592172597644,0.531178402499155,0.46685565004792,0.833342004681548,0.978634759111379,1.09745807711348,1.22485343416314,2.03135684484624
Saarland,2021-11-05,,forecast,1.0424835605862,1.10592172597644,0.531178402499155,0.46685565004792,0.833342004681548,0.978634759111379,1.09745807711348,1.22485343416314,2.03135684484624
Saarland,2021-11-06,,forecast,1.0424835605862,1.10592172597644,0.531178402499155,0.46685565004792,0.833342004681548,0.978634759111379,1.09745807711348,1.22485343416314,2.03135684484624
Saarland,2021-11-07,,forecast,1.0424835605862,1.10592172597644,0.531178402499155,0.46685565004792,0.833342004681548,0.978634759111379,1.09745807711348,1.22485343416314,2.03135684484624
Saarland,2021-11-08,,forecast,1.0424835605862,1.10592172597644,0.531178402499155,0.46685565004792,0.833342004681548,0.978634759111379,1.09745807711348,1.22485343416314,2.03135684484624
Saarland,2021-11-09,,forecast,1.0424835605862,1.10592172597644,0.531178402499155,0.46685565004792,0.833342004681548,0.978634759111379,1.09745807711348,1.22485343416314,2.03135684484624
Saarland,2021-11-10,,forecast,1.0424835605862,1.10592172597644,0.531178402499155,0.46685565004792,0.833342004681548,0.978634759111379,1.09745807711348,1.22485343416314,2.03135684484624
Saarland,2021-11-11,,forecast,1.0424835605862,1.10592172597644,0.531178402499155,0.46685565004792,0.833342004681548,0.978634759111379,1.09745807711348,1.22485343416314,2.03135684484624
Saarland,2021-11-12,,forecast,1.0424835605862,1.10592172597644,0.531178402499155,0.46685565004792,0.833342004681548,0.978634759111379,1.09745807711348,1.22485343416314,2.03135684484624
Saarland,2021-11-13,,forecast,1.0424835605862,1.10592172597644,0.531178402499155,0.46685565004792,0.833342004681548,0.978634759111379,1.09745807711348,1.22485343416314,2.03135684484624
Saarland,2021-11-14,,forecast,1.0424835605862,1.10592172597644,0.531178402499155,0.46685565004792,0.833342004681548,0.978634759111379,1.09745807711348,1.22485343416314,2.03135684484624
Saarland,2021-11-15,,forecast,1.0424835605862,1.10592172597644,0.531178402499155,0.46685565004792,0.833342004681548,0.978634759111379,1.09745807711348,1.22485343416314,2.03135684484624
Saarland,2021-11-16,,forecast,1.0424835605862,1.10592172597644,0.531178402499155,0.46685565004792,0.833342004681548,0.978634759111379,1.09745807711348,1.22485343416314,2.03135684484624
Saarland,2021-11-17,,forecast,1.0424835605862,1.10592172597644,0.531178402499155,0.46685565004792,0.833342004681548,0.978634759111379,1.09745807711348,1.22485343416314,2.03135684484624
Saxony,2021-07-28,,estimate,1.04579085599151,1.05182289414649,0.0881816451599555,0.91773684185563,1.00499370089596,1.03112704374246,1.06350620533291,1.09583446232105,1.20781684636736
Saxony,2021-07-29,,estimate,1.04598670060296,1.05094084702623,0.0843978026042313,0.921543638226995,1.00433633259841,1.03093452004685,1.06250593254831,1.09382794146076,1.20074343318451
Saxony,2021-07-30,,estimate,1.04570809517298,1.05009148306383,0.081036095415307,0.922944410582988,1.00438577452779,1.03119211606003,1.06231646814253,1.09258444270159,1.19239587294211
Saxony,2021-07-31,,estimate,1.04505622962205,1.04927637325099,0.0780520083055831,0.925481845631436,1.00510733517079,1.03151788548911,1.06098665753811,1.09142160924216,1.18148812299341
Saxony,2021-08-01,,estimate,1.04506010943669,1.04849999504968,0.0753873934519068,0.929460358636598,1.00558139535712,1.03154309488911,1.06033832242504,1.08917218886278,1.17560902306764
Saxony,2021-08-02,,estimate,1.04490116286679,1.04776978686207,0.0729736043120883,0.935264312888728,1.00575885348121,1.03156175291463,1.05933032820876,1.08724817515578,1.16633488602205
Saxony,2021-08-03,,estimate,1.04413354967602,1.04709577916652,0.0707361150964992,0.938302113261465,1.00633874973075,1.03223739810939,1.05844571987446,1.08528703623996,1.16267587234592
Saxony,2021-08-04,,estimate,1.04416070962865,1.04648993182782,0.0686027179070816,0.9396934783941,1.00791112569534,1.03153483137305,1.05748848243762,1.08392875040696,1.15811334506534
Saxony,2021-08-05,,estimate,1.04420714753724,1.04596527177531,0.0665154503145441,0.942606021880134,1.00856162403123,1.0320990124029,1.05704930748925,1.08174904253676,1.15265640726762
Saxony,2021-08-06,,estimate,1.0436243972976,1.04553485781975,0.0644431396121459,0.942281928435032,1.00921047453604,1.03183027820093,1.05605005167499,1.08070817474082,1.14897239944356
Saxony,2021-08-07,,estimate,1.04398011032724,1.04521057959798,0.0623891948526284,0.943958453229426,1.00948845148925,1.03147859578938,1.05502485702757,1.07916875523195,1.14657708791445
Saxony,2021-08-08,,estimate,1.04389294313488,1.04500186452149,0.0603898265072173,0.947180015357758,1.01052839244435,1.03182213564421,1.05533726572168,1.07873477199261,1.14320826803588
Saxony,2021-08-09,,estimate,1.04443779083992,1.04491448324146,0.0585013255068717,0.948975178510186,1.01083585507079,1.03255233404309,1.05517265588866,1.07769855066339,1.14023511619441
Saxony,2021-08-10,,estimate,1.04494327733573,1.04494972190249,0.0567799705200461,0.956024098571649,1.01208723896112,1.03331448769697,1.05430919434686,1.07678609526054,1.13869630952424
Saxony,2021-08-11,,estimate,1.04495356018021,1.04510415216873,0.055262240521471,0.958953610003424,1.01293308072507,1.03378855061607,1.05520640594696,1.07569099960318,1.13793770691998
Saxony,2021-08-12,,estimate,1.04496991029953,1.04537006936272,0.0539537589897773,0.962732432479927,1.01484022925862,1.03411883208133,1.05519752644065,1.07476483403424,1.13397849096984
Saxony,2021-08-13,,estimate,1.04470587536862,1.0457364532552,0.052831549168182,0.964320781820926,1.01639018406464,1.03458548691035,1.05536570221544,1.0740314197335,1.13416106001955
Saxony,2021-08-14,,estimate,1.04538450058004,1.04619013859139,0.0518575851289608,0.966445857671774,1.01685857070083,1.03535754626853,1.05512869953808,1.07362376644737,1.13163896386886
Saxony,2021-08-15,,estimate,1.04608617265277,1.04671684068999,0.0509965212903569,0.968275775107506,1.01741914066092,1.03582667127354,1.0552023875911,1.07336767649833,1.13209873735332
Saxony,2021-08-16,,estimate,1.04618578140742,1.04730177584758,0.0502298189297364,0.971021258952674,1.01872666847664,1.03682277253872,1.05569246522765,1.0735743397209,1.13099886731362
Saxony,2021-08-17,,estimate,1.04656116106962,1.04792979424993,0.0495614768005658,0.97072624308868,1.02012400036014,1.0375555712818,1.05568271415891,1.07410485524285,1.1304711843359
Saxony,2021-08-18,,estimate,1.04730922580383,1.04858512739034,0.0490144412808251,0.974009085614789,1.02078308519036,1.03779883123854,1.05614708987434,1.07394357723822,1.13098245282578
Saxony,2021-08-19,,estimate,1.04732315067205,1.04925098050714,0.0486197941605435,0.97534460086118,1.02132131827445,1.03801958800002,1.05700632602612,1.07457250104745,1.12933593309039
Saxony,2021-08-20,,estimate,1.04743611700635,1.04990924325813,0.0484028527724263,0.978616205748546,1.02261331138485,1.03827817248184,1.05768106814612,1.07456829152907,1.12998460457223
Saxony,2021-08-21,,estimate,1.04722054326892,1.05054054755938,0.0483712705660868,0.979485539312027,1.02379853856272,1.03834121108574,1.05839970281692,1.07504884713696,1.12965515265738
Saxony,2021-08-22,,estimate,1.04789544467853,1.05112479062305,0.0485093474408003,0.979606844357294,1.02428571244711,1.03845134974412,1.05809302465418,1.07606419812138,1.13223642388811
Saxony,2021-08-23,,estimate,1.04788381553311,1.05164210059691,0.0487799360287366,0.98078239195979,1.02443629854113,1.03913051060595,1.05761411982975,1.07614163905253,1.13278460449843
Saxony,2021-08-24,,estimate,1.04808572996155,1.05207409504397,0.0491322111709448,0.982093244138573,1.02447742618344,1.03922630721706,1.0577061286506,1.07581779612682,1.13191725301028
Saxony,2021-08-25,,estimate,1.04847579840296,1.0524052009024,0.0495122124936433,0.982941909178529,1.02399340684701,1.03926994306962,1.05730435643525,1.07490612511715,1.1356066326971
Saxony,2021-08-26,,estimate,1.04806631239562,1.05262377761197,0.0498735984244015,0.983918195347272,1.0239834783582,1.03973425918671,1.05750717779825,1.07517598484202,1.1362001020991
Saxony,2021-08-27,,estimate,1.04764062287529,1.05272280545329,0.0501867180197329,0.98528066117644,1.02375523811292,1.03923042638309,1.05760870051072,1.07449996028178,1.13801272635679
Saxony,2021-08-28,,estimate,1.04744535256444,1.05269996304374,0.0504437506964297,0.985382409494945,1.02356104827062,1.03848667199929,1.05734283402941,1.07470974691376,1.13982161973954
Saxony,2021-08-29,,estimate,1.047175485879,1.05255702391695,0.0506572440411129,0.985214977966456,1.02331621501179,1.03844300166027,1.05713446219918,1.07455057920914,1.13989283781298
Saxony,2021-08-30,,estimate,1.04657134450646,1.05229864777978,0.0508507905316177,0.982749262222787,1.02315486460813,1.03778014170018,1.05660377316689,1.07461662525296,1.13838595475661
Saxony,2021-08-31,,estimate,1.04566033881016,1.05193079569582,0.0510442146428558,0.982281083778029,1.0229573662557,1.03742253338318,1.05599324311082,1.07513470811717,1.13850222617159
Saxony,2021-09-01,,estimate,1.0455579660132,1.05145910370274,0.0512393229175383,0.979779439776129,1.02267921182806,1.03734143068192,1.05487346724883,1.07428534258503,1.1369452445951
Saxony,2021-09-02,,estimate,1.04504099471,1.05088755758025,0.0514129134528065,0.978039555306989,1.02251639232797,1.03668021185204,1.05431665524135,1.07340377582162,1.13706412282097
Saxony,2021-09-03,,estimate,1.04488124981538,1.05021771800601,0.0515203979049623,0.977663926676488,1.02140343671655,1.03651776254816,1.05413262095678,1.07273403113987,1.13671393288784
Saxony,2021-09-04,,estimate,1.04448660754888,1.04944859519306,0.0515084343082029,0.97646158442194,1.02089311283641,1.03595093660834,1.05371907215839,1.07144844805556,1.13251762100649
Saxony,2021-09-05,,estimate,1.04395465536403,1.04857712811764,0.0513317250660578,0.975354292394405,1.02015742312088,1.03580721605918,1.05349568486745,1.0704909353298,1.13247162856261
Saxony,2021-09-06,,estimate,1.04397522613239,1.04759912622283,0.0509687066653828,0.97409832998954,1.02000932268651,1.03492107245249,1.05298424218263,1.06983412470331,1.13019707029727
Saxony,2021-09-07,,estimate,1.04379176360592,1.04651048634247,0.0504320011122641,0.972893107030997,1.01926345705942,1.03449232466523,1.05288067345558,1.06818187331986,1.12574982514876
Saxony,2021-09-08,,estimate,1.04337232618146,1.04530849196576,0.0497709873943376,0.972357551292892,1.01821170482133,1.03387957556511,1.05157603431315,1.06751379520775,1.12270747517882
Saxony,2021-09-09,,estimate,1.04232906235549,1.043993024777,0.0490657601001781,0.969690202425746,1.01741579872626,1.03218810538462,1.05085294275681,1.06716296609082,1.12056681120876
Saxony,2021-09-10,,estimate,1.04087464218618,1.04256755970735,0.0484143001755149,0.968057440300009,1.01591276170385,1.03154923994461,1.05023557558038,1.06723213172377,1.11851718718232
Saxony,2021-09-11,,estimate,1.03946757588256,1.04103985785658,0.0479168707451503,0.968115932358617,1.01430187364443,1.03073618152725,1.04961435825112,1.06572748957198,1.11761796099266
Saxony,2021-09-12,,estimate,1.03889701871278,1.03942230094295,0.0476618509698663,0.964686142490117,1.0132961654098,1.02991261375356,1.04778442290406,1.06513305708425,1.115040708497
Saxony,2021-09-13,,estimate,1.03803523326243,1.03773182948932,0.04771526636674,0.961154613993096,1.01154421544781,1.02853561996786,1.04700497713333,1.0645827478389,1.11372474835178
Saxony,2021-09-14,,estimate,1.03707280008621,1.03598947585721,0.0481141370972053,0.956420402550532,1.00900298447525,1.02739239315461,1.04608592206699,1.06296807225736,1.11147203104868
Saxony,2021-09-15,,estimate,1.03611374317326,1.03421953570896,0.0488635382134558,0.951535247378516,1.00823393553012,1.02570828167559,1.04527983594989,1.06175320906866,1.11004190113531
Saxony,2021-09-16,,estimate,1.03462597107498,1.0324484809036,0.0499385666326454,0.947573978257709,1.00642796539509,1.02372208468493,1.04457296992038,1.06111892392364,1.10862099700879
Saxony,2021-09-17,,estimate,1.03334881151971,1.03070374760289,0.0512926153925757,0.944188332970251,1.00397759639869,1.02227989184927,1.04372772155786,1.0609663503278,1.1073474904605
Saxony,2021-09-18,,estimate,1.03207942911081,1.0290125162858,0.0528708536063203,0.937970836908707,1.00183329564023,1.02146469974869,1.04310228210615,1.06023949376509,1.10739667342788
Saxony,2021-09-19,,estimate,1.03132874836382,1.027400555918,0.0546243341640682,0.932247455075593,1.00028452802996,1.02024575154817,1.04203552647881,1.05991219774764,1.10619696916086
Saxony,2021-09-20,,estimate,1.0307724261336,1.02589117753922,0.0565191242295999,0.928027790002198,0.998289640516782,1.01900228462033,1.04106876044202,1.05996490141777,1.1072703942207
Saxony,2021-09-21,,estimate,1.03012013363152,1.02450435932877,0.05853777131901,0.920193141073422,0.996104687382266,1.01793334989125,1.04090816372012,1.05996216027652,1.10936277688995
Saxony,2021-09-22,,estimate,1.02941992229007,1.02325614277306,0.060675316977436,0.914876488539383,0.99392241032228,1.01667975907707,1.04099264985079,1.0592082398958,1.10950429276047
Saxony,2021-09-23,,estimate,1.02873659816578,1.02215839967909,0.0629351583380385,0.909528361572982,0.991236257352321,1.01603601896963,1.04048201702932,1.05942228606566,1.11129196526639
Saxony,2021-09-24,,estimate,1.0278700722027,1.02121899252336,0.0653287869525321,0.904238200337822,0.989248980950224,1.01572492430088,1.04063620254454,1.05994876638563,1.1146830845344
Saxony,2021-09-25,,estimate,1.02779154987723,1.02044222201911,0.0678788007596728,0.897301639216807,0.988110203511417,1.01533864155978,1.04032448440514,1.06092594134506,1.11654787451426
Saxony,2021-09-26,,estimate,1.02743769513783,1.01982936007404,0.0706206788678104,0.891602570791533,0.987785859553713,1.01436998888946,1.0409017506173,1.0610731354633,1.12122722713538
Saxony,2021-09-27,,estimate,1.02732086223522,1.01937907823143,0.0735992532109963,0.885945013779698,0.986710723250016,1.01361235867793,1.04194226401917,1.06270312731075,1.12413029676967
Saxony,2021-09-28,,estimate,1.02732152967456,1.01908769732732,0.0768601294330567,0.880069993969363,0.983054342690795,1.01282220340922,1.04211015676338,1.06418541760869,1.12874880405576
Saxony,2021-09-29,,estimate,1.02771676937319,1.01894932147996,0.0804403516224694,0.87317433418507,0.981437793890117,1.01237993531031,1.04224871150673,1.06585354614863,1.13302348872118
Saxony,2021-09-30,,estimate based on partial data,1.02853646104209,1.01895599146958,0.0843628971614158,0.866940217018035,0.981074389420397,1.01251344243014,1.04249460807902,1.06690194817075,1.1407338116381
Saxony,2021-10-01,,estimate based on partial data,1.0283210104196,1.01909797628859,0.0886365917441145,0.861094633087946,0.980606569254041,1.01242330330696,1.04340653975553,1.06823942904108,1.14534263962339
Saxony,2021-10-02,,estimate based on partial data,1.02916327392126,1.01936425883337,0.0932598288957797,0.851661705613614,0.978479054282839,1.01280996249948,1.04391990522961,1.06905034887185,1.15149756595104
Saxony,2021-10-03,,estimate based on partial data,1.0300097331947,1.01974321404078,0.0982252645628454,0.845744205443332,0.977887041717237,1.01274669669539,1.04449960161409,1.07016066721255,1.1563968578986
Saxony,2021-10-04,,estimate based on partial data,1.03046203184029,1.02022344260377,0.103523345510673,0.838361904728388,0.977468373369744,1.01321588457602,1.04545109656087,1.07125281746357,1.16541770074672
Saxony,2021-10-05,,estimate based on partial data,1.03039966252599,1.02079469574343,0.109143904993613,0.83419554957055,0.975914103556417,1.0128503347733,1.04598731060734,1.07368928014146,1.17215477446007
Saxony,2021-10-06,,estimate based on partial data,1.03083128472225,1.02144878978323,0.115076194254727,0.823866118474925,0.973830235647077,1.01234323560348,1.0465375722808,1.07521873449718,1.18424254171939
Saxony,2021-10-07,,estimate based on partial data,1.03118878951882,1.02218036858551,0.121308314587838,0.814989542215277,0.971077034297612,1.01171214464949,1.04714547122181,1.07872177637273,1.19229173731681
Saxony,2021-10-08,,estimate based on partial data,1.03146138881193,1.02298735186127,0.127827090446203,0.810294904602792,0.969827885842382,1.01207701612619,1.04749448421192,1.07983654589747,1.19964186717028
Saxony,2021-10-09,,estimate based on partial data,1.03133997683556,1.0238709313576,0.134619050449421,0.806905456339687,0.96871238301286,1.01220397888581,1.04817385677398,1.08015362917377,1.20525195128151
Saxony,2021-10-10,,estimate based on partial data,1.03097512393599,1.02483504743779,0.141672458559588,0.804343898631178,0.968565188661088,1.01171438623327,1.0484306788111,1.08130899905925,1.21292227046711
Saxony,2021-10-11,,estimate based on partial data,1.03172803348506,1.02588537381549,0.148979485159877,0.798202323771577,0.969506507951658,1.01110360891203,1.04874426272065,1.0817370079812,1.22404017402198
Saxony,2021-10-12,,estimate based on partial data,1.03147717845093,1.02702792646851,0.156536995429272,0.794178510898403,0.96917019603521,1.01144452535231,1.04933298205771,1.08345724749302,1.24413963232407
Saxony,2021-10-13,,estimate based on partial data,1.03160590190017,1.02826747222787,0.164344411714089,0.786660734699051,0.968024016143466,1.01159354112515,1.04997692763296,1.08433503634397,1.25065520917275
Saxony,2021-10-14,,estimate based on partial data,1.03183051666392,1.02960594207495,0.172397802332775,0.783758069150947,0.966472555764419,1.01129505763174,1.05016996714141,1.08508219423701,1.26191110682056
Saxony,2021-10-15,,estimate based on partial data,1.03233765250285,1.03104106841811,0.180680632963378,0.773716989913226,0.965478704339928,1.01038039689853,1.05053939892905,1.08642252698841,1.27186507533144
Saxony,2021-10-16,,estimate based on partial data,1.0329831353636,1.03256547780983,0.189153244558962,0.765348996204627,0.964714450671211,1.0109458695802,1.05010084117953,1.08596387714624,1.28920194185615
Saxony,2021-10-17,,estimate based on partial data,1.03331804632995,1.03416647336665,0.197744749512241,0.755521587369951,0.962896524820191,1.0112111481806,1.05105503666409,1.08677407116856,1.30344771568259
Saxony,2021-10-18,,forecast,1.03331804632995,1.03416647336665,0.197744749512241,0.755521587369951,0.962896524820191,1.0112111481806,1.05105503666409,1.08677407116856,1.30344771568259
Saxony,2021-10-19,,forecast,1.03331804632995,1.03416647336665,0.197744749512241,0.755521587369951,0.962896524820191,1.0112111481806,1.05105503666409,1.08677407116856,1.30344771568259
Saxony,2021-10-20,,forecast,1.03331804632995,1.03416647336665,0.197744749512241,0.755521587369951,0.962896524820191,1.0112111481806,1.05105503666409,1.08677407116856,1.30344771568259
Saxony,2021-10-21,,forecast,1.03331804632995,1.03416647336665,0.197744749512241,0.755521587369951,0.962896524820191,1.0112111481806,1.05105503666409,1.08677407116856,1.30344771568259
Saxony,2021-10-22,,forecast,1.03331804632995,1.03416647336665,0.197744749512241,0.755521587369951,0.962896524820191,1.0112111481806,1.05105503666409,1.08677407116856,1.30344771568259
Saxony,2021-10-23,,forecast,1.03331804632995,1.03416647336665,0.197744749512241,0.755521587369951,0.962896524820191,1.0112111481806,1.05105503666409,1.08677407116856,1.30344771568259
Saxony,2021-10-24,,forecast,1.03331804632995,1.03416647336665,0.197744749512241,0.755521587369951,0.962896524820191,1.0112111481806,1.05105503666409,1.08677407116856,1.30344771568259
Saxony,2021-10-25,,forecast,1.03331804632995,1.03416647336665,0.197744749512241,0.755521587369951,0.962896524820191,1.0112111481806,1.05105503666409,1.08677407116856,1.30344771568259
Saxony,2021-10-26,,forecast,1.03331804632995,1.03416647336665,0.197744749512241,0.755521587369951,0.962896524820191,1.0112111481806,1.05105503666409,1.08677407116856,1.30344771568259
Saxony,2021-10-27,,forecast,1.03331804632995,1.03416647336665,0.197744749512241,0.755521587369951,0.962896524820191,1.0112111481806,1.05105503666409,1.08677407116856,1.30344771568259
Saxony,2021-10-28,,forecast,1.03331804632995,1.03416647336665,0.197744749512241,0.755521587369951,0.962896524820191,1.0112111481806,1.05105503666409,1.08677407116856,1.30344771568259
Saxony,2021-10-29,,forecast,1.03331804632995,1.03416647336665,0.197744749512241,0.755521587369951,0.962896524820191,1.0112111481806,1.05105503666409,1.08677407116856,1.30344771568259
Saxony,2021-10-30,,forecast,1.03331804632995,1.03416647336665,0.197744749512241,0.755521587369951,0.962896524820191,1.0112111481806,1.05105503666409,1.08677407116856,1.30344771568259
Saxony,2021-10-31,,forecast,1.03331804632995,1.03416647336665,0.197744749512241,0.755521587369951,0.962896524820191,1.0112111481806,1.05105503666409,1.08677407116856,1.30344771568259
Saxony,2021-11-01,,forecast,1.03331804632995,1.03416647336665,0.197744749512241,0.755521587369951,0.962896524820191,1.0112111481806,1.05105503666409,1.08677407116856,1.30344771568259
Saxony,2021-11-02,,forecast,1.03331804632995,1.03416647336665,0.197744749512241,0.755521587369951,0.962896524820191,1.0112111481806,1.05105503666409,1.08677407116856,1.30344771568259
Saxony,2021-11-03,,forecast,1.03331804632995,1.03416647336665,0.197744749512241,0.755521587369951,0.962896524820191,1.0112111481806,1.05105503666409,1.08677407116856,1.30344771568259
Saxony,2021-11-04,,forecast,1.03331804632995,1.03416647336665,0.197744749512241,0.755521587369951,0.962896524820191,1.0112111481806,1.05105503666409,1.08677407116856,1.30344771568259
Saxony,2021-11-05,,forecast,1.03331804632995,1.03416647336665,0.197744749512241,0.755521587369951,0.962896524820191,1.0112111481806,1.05105503666409,1.08677407116856,1.30344771568259
Saxony,2021-11-06,,forecast,1.03331804632995,1.03416647336665,0.197744749512241,0.755521587369951,0.962896524820191,1.0112111481806,1.05105503666409,1.08677407116856,1.30344771568259
Saxony,2021-11-07,,forecast,1.03331804632995,1.03416647336665,0.197744749512241,0.755521587369951,0.962896524820191,1.0112111481806,1.05105503666409,1.08677407116856,1.30344771568259
Saxony,2021-11-08,,forecast,1.03331804632995,1.03416647336665,0.197744749512241,0.755521587369951,0.962896524820191,1.0112111481806,1.05105503666409,1.08677407116856,1.30344771568259
Saxony,2021-11-09,,forecast,1.03331804632995,1.03416647336665,0.197744749512241,0.755521587369951,0.962896524820191,1.0112111481806,1.05105503666409,1.08677407116856,1.30344771568259
Saxony,2021-11-10,,forecast,1.03331804632995,1.03416647336665,0.197744749512241,0.755521587369951,0.962896524820191,1.0112111481806,1.05105503666409,1.08677407116856,1.30344771568259
Saxony,2021-11-11,,forecast,1.03331804632995,1.03416647336665,0.197744749512241,0.755521587369951,0.962896524820191,1.0112111481806,1.05105503666409,1.08677407116856,1.30344771568259
Saxony,2021-11-12,,forecast,1.03331804632995,1.03416647336665,0.197744749512241,0.755521587369951,0.962896524820191,1.0112111481806,1.05105503666409,1.08677407116856,1.30344771568259
Saxony,2021-11-13,,forecast,1.03331804632995,1.03416647336665,0.197744749512241,0.755521587369951,0.962896524820191,1.0112111481806,1.05105503666409,1.08677407116856,1.30344771568259
Saxony,2021-11-14,,forecast,1.03331804632995,1.03416647336665,0.197744749512241,0.755521587369951,0.962896524820191,1.0112111481806,1.05105503666409,1.08677407116856,1.30344771568259
Saxony,2021-11-15,,forecast,1.03331804632995,1.03416647336665,0.197744749512241,0.755521587369951,0.962896524820191,1.0112111481806,1.05105503666409,1.08677407116856,1.30344771568259
Saxony,2021-11-16,,forecast,1.03331804632995,1.03416647336665,0.197744749512241,0.755521587369951,0.962896524820191,1.0112111481806,1.05105503666409,1.08677407116856,1.30344771568259
Saxony,2021-11-17,,forecast,1.03331804632995,1.03416647336665,0.197744749512241,0.755521587369951,0.962896524820191,1.0112111481806,1.05105503666409,1.08677407116856,1.30344771568259
Saxony-Anhalt,2021-07-28,,estimate,1.04666735896875,1.05072209338626,0.12477496165208,0.83402684887637,0.984413514489375,1.02413595828478,1.07095841464998,1.11586704541898,1.27478761843762
Saxony-Anhalt,2021-07-29,,estimate,1.04874002908731,1.05109811220869,0.11769218023511,0.845853020749562,0.985993997578081,1.02692444801405,1.07097215918035,1.11063065729828,1.26320734257864
Saxony-Anhalt,2021-07-30,,estimate,1.05054293082656,1.05167365940444,0.111766901928533,0.847583697015856,0.989204315234235,1.02761957303905,1.07056612501428,1.10981377471776,1.25091304943061
Saxony-Anhalt,2021-07-31,,estimate,1.04915198382958,1.05245735900968,0.106835084073942,0.864819983779994,0.990550706174543,1.02848847768583,1.06955697781818,1.10852233577467,1.24122124969554
Saxony-Anhalt,2021-08-01,,estimate,1.05027451912331,1.05346306190896,0.102714487459613,0.886540006898501,0.992134254390269,1.02881703963187,1.07088402179042,1.10813490054979,1.23577250050766
Saxony-Anhalt,2021-08-02,,estimate,1.04989105869499,1.05470717520908,0.099234719465011,0.903141329256866,0.994837338571818,1.03034582895888,1.07159174685794,1.11006339689825,1.23124343028254
Saxony-Anhalt,2021-08-03,,estimate,1.05152651945453,1.05620490816218,0.0962629143535388,0.910739742665164,0.997648290779494,1.03126194331535,1.07144468508795,1.11097867597204,1.22800447274039
Saxony-Anhalt,2021-08-04,,estimate,1.05264824160892,1.05796593698217,0.0937191086875641,0.913963216704388,1.00069397539874,1.03226794203257,1.07297913425944,1.10959063561821,1.22108051571368
Saxony-Anhalt,2021-08-05,,estimate,1.05472055412438,1.05999013228819,0.0915792360853307,0.921223238803584,1.00699902440944,1.03488947451738,1.07436274154906,1.10964715385923,1.21721946632082
Saxony-Anhalt,2021-08-06,,estimate,1.05728369311813,1.06226401609679,0.0898671169577531,0.926170371854939,1.00991938920328,1.03845350273844,1.07644048544503,1.11121173710161,1.21171027372752
Saxony-Anhalt,2021-08-07,,estimate,1.06162675277369,1.06475850415801,0.0886384177929715,0.926211908078884,1.01141533474964,1.0413099799892,1.07953528655006,1.11300873725632,1.21204736698631
Saxony-Anhalt,2021-08-08,,estimate,1.06449219893965,1.06742826574128,0.0879594521473581,0.929337934098435,1.01416144496707,1.04537357369846,1.08368297314915,1.11722845563408,1.21265119303384
Saxony-Anhalt,2021-08-09,,estimate,1.06671386788483,1.07021275388111,0.0878831592193675,0.933655963297523,1.01620633286771,1.04661226594733,1.08548335438046,1.12008650894817,1.21887688552275
Saxony-Anhalt,2021-08-10,,estimate,1.06765678035077,1.07303869898219,0.0884249127129037,0.939890211698294,1.01793547136267,1.04825021599584,1.08843842581254,1.12198237450234,1.22420553292608
Saxony-Anhalt,2021-08-11,,estimate,1.06930945133719,1.07582368068507,0.0895421336849073,0.94567565196905,1.01930934680112,1.04909576060655,1.08922428985288,1.12446738897144,1.23875619908151
Saxony-Anhalt,2021-08-12,,estimate,1.07005637980486,1.07848032467898,0.0911227138280388,0.949775866702281,1.02076681525651,1.0504332685943,1.09019911467125,1.12486064489272,1.24921786509226
Saxony-Anhalt,2021-08-13,,estimate,1.07048415786594,1.08092069858363,0.0929863749949666,0.95488623081266,1.02163828007481,1.051159604078,1.09013503791914,1.12572896525359,1.25969835507259
Saxony-Anhalt,2021-08-14,,estimate,1.07049783565601,1.08306056213445,0.0949000045635877,0.956794496777181,1.0226362914413,1.0518918254392,1.0903111452799,1.1273251865964,1.27432545651899
Saxony-Anhalt,2021-08-15,,estimate,1.07003186997217,1.08482321676898,0.0966041898490051,0.961912678634094,1.02484265335805,1.0515814173429,1.09015508783987,1.12797820938792,1.28148426513191
Saxony-Anhalt,2021-08-16,,estimate,1.06936178216568,1.08614277124975,0.097845628625859,0.961663890114253,1.02565753242093,1.05256461141147,1.08931481463389,1.12727423653103,1.28525504853193
Saxony-Anhalt,2021-08-17,,estimate,1.06977778520294,1.08696668840106,0.0984098893849601,0.961835861950613,1.0254368674948,1.05210460106375,1.08832402361537,1.12652158304236,1.28580537553136
Saxony-Anhalt,2021-08-18,,estimate,1.06883685161626,1.08725750880627,0.0981507650730519,0.96411455119581,1.02584510859294,1.05030172761251,1.08698475582127,1.12630116349031,1.28965225060575
Saxony-Anhalt,2021-08-19,,estimate,1.06904128482584,1.08699366390184,0.0970146190323869,0.96638263166662,1.02576907457355,1.05042359877681,1.08529651317283,1.12548153697001,1.28818756328195
Saxony-Anhalt,2021-08-20,,estimate,1.06812780146404,1.08616930229898,0.0950586298158936,0.970347806795546,1.02592208635182,1.05105220847064,1.08568046059483,1.12209285475588,1.28389551263414
Saxony-Anhalt,2021-08-21,,estimate,1.06763883599611,1.08479309314562,0.0924596667161717,0.969545454361476,1.02600516855763,1.05022719488922,1.08497586117686,1.12080167127699,1.27315810699574
Saxony-Anhalt,2021-08-22,,estimate,1.06673050265797,1.08288608900127,0.0895068997888609,0.969397674038593,1.02488525102311,1.05045788641267,1.08502913990609,1.12059863898041,1.26641760971873
Saxony-Anhalt,2021-08-23,,estimate,1.06565458043003,1.08047893800458,0.0865695309439951,0.967636270666519,1.02308042141101,1.04982771729709,1.08298547576439,1.12081641162907,1.25654966334665
Saxony-Anhalt,2021-08-24,,estimate,1.06504041108588,1.07760894686099,0.0840353499478886,0.965280190633454,1.02278649974984,1.04849434352946,1.0816208437879,1.11910561351665,1.2342830997433
Saxony-Anhalt,2021-08-25,,estimate,1.06280356338904,1.07431756201604,0.0822287374233812,0.962869269222766,1.02191224061146,1.04765293231703,1.07929946504222,1.11530459771217,1.22175176073405
Saxony-Anhalt,2021-08-26,,estimate,1.06037557696318,1.07064865581145,0.0813343221178806,0.960208743736108,1.02078467835332,1.04528282433417,1.07606225567632,1.10957716754963,1.21990066720817
Saxony-Anhalt,2021-08-27,,estimate,1.05661204858383,1.06664763370222,0.0813599443456217,0.955021551969697,1.01911006527186,1.04294505238977,1.07124315843425,1.10051740175898,1.21705088000035
Saxony-Anhalt,2021-08-28,,estimate,1.0510426428775,1.06236102056176,0.0821551942662595,0.952955857197163,1.01514623630525,1.03824925555874,1.06548494030768,1.095182832918,1.2148127853213
Saxony-Anhalt,2021-08-29,,estimate,1.04678555965816,1.05783605110841,0.0834693549018782,0.945731873631505,1.00929946481529,1.03440303234599,1.06294708025047,1.09118545155892,1.20833517241384
Saxony-Anhalt,2021-08-30,,estimate,1.04404261932191,1.05311994511647,0.0850154865550327,0.935325910034996,1.00532939079706,1.0311003242287,1.05904022025634,1.08670886383845,1.21190798180472
Saxony-Anhalt,2021-08-31,,estimate,1.04131207220703,1.04825886007649,0.0865178699617947,0.919374785367323,1.00264654868666,1.02784551523455,1.05635668496301,1.08165097162612,1.20451683027309
Saxony-Anhalt,2021-09-01,,estimate,1.03859817482441,1.04329676008213,0.087740088741314,0.905701861153491,0.998981691902843,1.02386365575684,1.05274623168024,1.07812258668375,1.19196825346185
Saxony-Anhalt,2021-09-02,,estimate,1.03655148176429,1.03827447581874,0.0885014563401778,0.895789866686474,0.994872135119387,1.02006407081002,1.04989699358801,1.07583823180579,1.18138986650399
Saxony-Anhalt,2021-09-03,,estimate,1.03276679757487,1.03322908332949,0.0886884184116316,0.885573611050056,0.990076750914067,1.01680476187953,1.04648831914652,1.07159626588298,1.17484843813892
Saxony-Anhalt,2021-09-04,,estimate,1.02949634267598,1.02819355127782,0.0882626224170817,0.8818138442726,0.984165549264147,1.01403497665697,1.04359718517866,1.06756362629678,1.1702642251237
Saxony-Anhalt,2021-09-05,,estimate,1.02541317730812,1.02319654560023,0.0872642772791896,0.873086704374034,0.979642322947909,1.01033261312949,1.03963928768498,1.06410302997823,1.1597952567653
Saxony-Anhalt,2021-09-06,,estimate,1.02160716237911,1.0182623715885,0.085809141241956,0.867299578966606,0.974356830388463,1.00628279412588,1.03645915716796,1.06091790045204,1.1465024080154
Saxony-Anhalt,2021-09-07,,estimate,1.018268001539,1.01341118722917,0.0840783417017484,0.863903614359021,0.970583188001781,1.00298117868697,1.03375721861903,1.05739565804226,1.13552379054027
Saxony-Anhalt,2021-09-08,,estimate,1.01423152839904,1.00865970323948,0.0823008442608541,0.862045618689488,0.966802059834795,0.999285528924753,1.02973343415344,1.05321873515788,1.12875166959127
Saxony-Anhalt,2021-09-09,,estimate,1.00979736296696,1.00402251086069,0.0807287552274416,0.85703994233578,0.962026842675269,0.99482904225509,1.02563741917044,1.05011269052795,1.12198459480525
Saxony-Anhalt,2021-09-10,,estimate,1.00684753427563,0.999513962748775,0.0796066609830175,0.850071867041869,0.956305184754976,0.990788817581469,1.02213047854165,1.04790845878205,1.11453234757848
Saxony-Anhalt,2021-09-11,,estimate,1.00402892995122,0.995150273161085,0.0791385358998596,0.848158689498073,0.952396420102919,0.985839281806551,1.01894078288572,1.04376701862548,1.10882093100572
Saxony-Anhalt,2021-09-12,,estimate,1.00062761055124,0.990951328973792,0.0794587722421257,0.844298688529194,0.949351672169644,0.981463282039049,1.01662272903903,1.04176465022274,1.10569667624387
Saxony-Anhalt,2021-09-13,,estimate,0.996209720177219,0.986941707443433,0.0806152205011233,0.839926906447228,0.943544009349772,0.977614596141064,1.01464554722353,1.03887623857659,1.10255704748763
Saxony-Anhalt,2021-09-14,,estimate,0.993096744129211,0.983150594168177,0.0825691897985904,0.830479829097217,0.939814369873872,0.973443402484085,1.01161459877223,1.03703759706264,1.09910960016572
Saxony-Anhalt,2021-09-15,,estimate,0.990800198425221,0.979610612620549,0.0852109114900606,0.817430707479503,0.934512328304116,0.971714091270425,1.00997647098636,1.03512587916644,1.09697146748566
Saxony-Anhalt,2021-09-16,,estimate,0.988480033023677,0.976355892532312,0.0883837286939887,0.806355125777323,0.93152559418555,0.970139695856464,1.00849153498004,1.03514518816752,1.09514519371153
Saxony-Anhalt,2021-09-17,,estimate,0.985440522264953,0.973419901876045,0.0919098596461227,0.794319363395397,0.926604254543083,0.968197304573392,1.00673259838007,1.03390370606057,1.09588032832048
Saxony-Anhalt,2021-09-18,,estimate,0.984403855494902,0.970833581334566,0.0956136091996754,0.781499283953193,0.923947001047844,0.965107269408463,1.00635041530656,1.03393867492413,1.09886742191545
Saxony-Anhalt,2021-09-19,,estimate,0.983745687920713,0.968624161479515,0.0993407088016209,0.767182203104737,0.918206641381295,0.96291890953062,1.00578541756356,1.03465496664428,1.1012198653616
Saxony-Anhalt,2021-09-20,,estimate,0.982804036380074,0.966814791624408,0.102973540662368,0.760490788498483,0.913427372879986,0.96024933674856,1.0050626055713,1.03504076093851,1.10084599852206
Saxony-Anhalt,2021-09-21,,estimate,0.983034013432226,0.965424873472313,0.106442345742285,0.758405431407177,0.910168238551268,0.959201508516289,1.00563833859259,1.0354652477364,1.10239135754789
Saxony-Anhalt,2021-09-22,,estimate,0.982695472476246,0.964470847125549,0.109733265993913,0.755964340233799,0.905914980854158,0.95762143876173,1.00600113666774,1.03552518950741,1.1066796609241
Saxony-Anhalt,2021-09-23,,estimate,0.982425443720714,0.963967128587898,0.112895054864044,0.755318233459722,0.902975847826129,0.956549890662411,1.0067702393375,1.03677052659845,1.11346272527081
Saxony-Anhalt,2021-09-24,,estimate,0.981951430220956,0.963926905368781,0.116046369952951,0.750584570732075,0.90371509650123,0.955654646383561,1.00689070231362,1.03877439169619,1.12098913092798
Saxony-Anhalt,2021-09-25,,estimate,0.982337229651607,0.964362523066344,0.119383725670438,0.748249775382386,0.898511200987456,0.954894706329484,1.00821627108706,1.04109350572034,1.12844561785919
Saxony-Anhalt,2021-09-26,,estimate,0.983881870496463,0.965285241302845,0.123186493657039,0.746234702333315,0.898057093799463,0.956052383134536,1.00836510954187,1.04284484361414,1.13514980768968
Saxony-Anhalt,2021-09-27,,estimate,0.985763001472414,0.966704230155223,0.127811425104825,0.735908733691545,0.903752208878247,0.957143551559559,1.01033566804022,1.04419832268818,1.14273514426251
Saxony-Anhalt,2021-09-28,,estimate,0.988233680356396,0.968624838463753,0.133668066119102,0.724117777711917,0.903542405437313,0.960300638798852,1.01286583507648,1.04825002717461,1.15183840799615
Saxony-Anhalt,2021-09-29,,estimate,0.993115401229011,0.971046376451844,0.141171340275635,0.714678093099328,0.902100378575108,0.961452764069919,1.01611598697099,1.05565412497294,1.1752490774821
Saxony-Anhalt,2021-09-30,,estimate based on partial data,0.994616605539197,0.973959856618472,0.150678852993004,0.702632342203195,0.902515528556484,0.959546927045467,1.01956386766324,1.06024501639093,1.19941960192578
Saxony-Anhalt,2021-10-01,,estimate based on partial data,0.996307155879976,0.977346240548242,0.162432273902835,0.688241391042994,0.8984322608927,0.958871644536067,1.02040735706114,1.0633727130237,1.24036979268789
Saxony-Anhalt,2021-10-02,,estimate based on partial data,0.995438147798238,0.981175667331394,0.176524297694446,0.675901988627339,0.893892894583114,0.95982377052813,1.02107339155542,1.06508934939296,1.27833853525441
Saxony-Anhalt,2021-10-03,,estimate based on partial data,0.995156785559482,0.985407881444,0.19290065550249,0.666480357186174,0.891058343349089,0.96105308736932,1.0227692687955,1.06629860481086,1.30847708593556
Saxony-Anhalt,2021-10-04,,estimate based on partial data,0.996814350155841,0.989993734568754,0.211388724785389,0.659870062254515,0.888923978485234,0.959908834835167,1.02353166151472,1.06770546381262,1.34550608502144
Saxony-Anhalt,2021-10-05,,estimate based on partial data,0.996552276489645,0.994877391821951,0.231734094049115,0.651247246946598,0.88704752280693,0.957718778959369,1.02447635570964,1.06897660212643,1.37853632883405
Saxony-Anhalt,2021-10-06,,estimate based on partial data,0.996148569090047,0.999998882498597,0.253629804999221,0.641416525121532,0.886542129849353,0.957297001693409,1.02615310050138,1.06991478712787,1.41540235098731
Saxony-Anhalt,2021-10-07,,estimate based on partial data,0.995829446662519,1.00529688783409,0.276734829484583,0.628412986540957,0.8842252390902,0.957709614238483,1.02626855692834,1.07193945748637,1.44144664701712
Saxony-Anhalt,2021-10-08,,estimate based on partial data,0.995399500667905,1.01071194609971,0.300689113197055,0.614438059675777,0.882076905657898,0.958260623704959,1.02601052495289,1.07271665408367,1.48339570307057
Saxony-Anhalt,2021-10-09,,estimate based on partial data,0.994027568908577,1.01619030784708,0.325135264731846,0.602771394852903,0.877689316011886,0.958132188613806,1.02510071481939,1.07612340017498,1.51976245802369
Saxony-Anhalt,2021-10-10,,estimate based on partial data,0.993166485086289,1.02168837263308,0.349750903299441,0.590169356280394,0.875205892532887,0.957638111869102,1.02516110444378,1.07842335784486,1.5622083166263
Saxony-Anhalt,2021-10-11,,estimate based on partial data,0.992585561223387,1.02717713854375,0.374286152309735,0.57890551664966,0.872140976466486,0.956474505769715,1.02479969612148,1.07985605610272,1.6218968848178
Saxony-Anhalt,2021-10-12,,estimate based on partial data,0.992391399201732,1.03264573100282,0.398595295383026,0.566330098192474,0.870512619312788,0.954387192085345,1.02550884315872,1.08221707167744,1.67730850521524
Saxony-Anhalt,2021-10-13,,estimate based on partial data,0.992272013067805,1.03810310419184,0.422653853932172,0.558582631928706,0.866106029484321,0.953714310114121,1.02531339480329,1.08460183498787,1.71327951300105
Saxony-Anhalt,2021-10-14,,estimate based on partial data,0.993242132784939,1.04357741256148,0.446559211726428,0.553835658343046,0.865766559057812,0.952764863458241,1.02869589203722,1.08510366049185,1.76506885291543
Saxony-Anhalt,2021-10-15,,estimate based on partial data,0.993367137746929,1.04911309185146,0.47051821079829,0.544163416780177,0.860806139501371,0.953189928953542,1.02990430428167,1.08636592666246,1.81676291701515
Saxony-Anhalt,2021-10-16,,estimate based on partial data,0.9939895034665,1.05476612368716,0.494825853111555,0.538783432596722,0.858055477227298,0.952843859660017,1.03071444249647,1.08944827600616,1.86564573769217
Saxony-Anhalt,2021-10-17,,estimate based on partial data,0.993897610755775,1.0605981911279,0.519837340206377,0.534858040379062,0.856275193238021,0.952148597204894,1.03110753689,1.09266206351436,1.9067268877951
Saxony-Anhalt,2021-10-18,,forecast,0.993897610755775,1.0605981911279,0.519837340206377,0.534858040379062,0.856275193238021,0.952148597204894,1.03110753689,1.09266206351436,1.9067268877951
Saxony-Anhalt,2021-10-19,,forecast,0.993897610755775,1.0605981911279,0.519837340206377,0.534858040379062,0.856275193238021,0.952148597204894,1.03110753689,1.09266206351436,1.9067268877951
Saxony-Anhalt,2021-10-20,,forecast,0.993897610755775,1.0605981911279,0.519837340206377,0.534858040379062,0.856275193238021,0.952148597204894,1.03110753689,1.09266206351436,1.9067268877951
Saxony-Anhalt,2021-10-21,,forecast,0.993897610755775,1.0605981911279,0.519837340206377,0.534858040379062,0.856275193238021,0.952148597204894,1.03110753689,1.09266206351436,1.9067268877951
Saxony-Anhalt,2021-10-22,,forecast,0.993897610755775,1.0605981911279,0.519837340206377,0.534858040379062,0.856275193238021,0.952148597204894,1.03110753689,1.09266206351436,1.9067268877951
Saxony-Anhalt,2021-10-23,,forecast,0.993897610755775,1.0605981911279,0.519837340206377,0.534858040379062,0.856275193238021,0.952148597204894,1.03110753689,1.09266206351436,1.9067268877951
Saxony-Anhalt,2021-10-24,,forecast,0.993897610755775,1.0605981911279,0.519837340206377,0.534858040379062,0.856275193238021,0.952148597204894,1.03110753689,1.09266206351436,1.9067268877951
Saxony-Anhalt,2021-10-25,,forecast,0.993897610755775,1.0605981911279,0.519837340206377,0.534858040379062,0.856275193238021,0.952148597204894,1.03110753689,1.09266206351436,1.9067268877951
Saxony-Anhalt,2021-10-26,,forecast,0.993897610755775,1.0605981911279,0.519837340206377,0.534858040379062,0.856275193238021,0.952148597204894,1.03110753689,1.09266206351436,1.9067268877951
Saxony-Anhalt,2021-10-27,,forecast,0.993897610755775,1.0605981911279,0.519837340206377,0.534858040379062,0.856275193238021,0.952148597204894,1.03110753689,1.09266206351436,1.9067268877951
Saxony-Anhalt,2021-10-28,,forecast,0.993897610755775,1.0605981911279,0.519837340206377,0.534858040379062,0.856275193238021,0.952148597204894,1.03110753689,1.09266206351436,1.9067268877951
Saxony-Anhalt,2021-10-29,,forecast,0.993897610755775,1.0605981911279,0.519837340206377,0.534858040379062,0.856275193238021,0.952148597204894,1.03110753689,1.09266206351436,1.9067268877951
Saxony-Anhalt,2021-10-30,,forecast,0.993897610755775,1.0605981911279,0.519837340206377,0.534858040379062,0.856275193238021,0.952148597204894,1.03110753689,1.09266206351436,1.9067268877951
Saxony-Anhalt,2021-10-31,,forecast,0.993897610755775,1.0605981911279,0.519837340206377,0.534858040379062,0.856275193238021,0.952148597204894,1.03110753689,1.09266206351436,1.9067268877951
Saxony-Anhalt,2021-11-01,,forecast,0.993897610755775,1.0605981911279,0.519837340206377,0.534858040379062,0.856275193238021,0.952148597204894,1.03110753689,1.09266206351436,1.9067268877951
Saxony-Anhalt,2021-11-02,,forecast,0.993897610755775,1.0605981911279,0.519837340206377,0.534858040379062,0.856275193238021,0.952148597204894,1.03110753689,1.09266206351436,1.9067268877951
Saxony-Anhalt,2021-11-03,,forecast,0.993897610755775,1.0605981911279,0.519837340206377,0.534858040379062,0.856275193238021,0.952148597204894,1.03110753689,1.09266206351436,1.9067268877951
Saxony-Anhalt,2021-11-04,,forecast,0.993897610755775,1.0605981911279,0.519837340206377,0.534858040379062,0.856275193238021,0.952148597204894,1.03110753689,1.09266206351436,1.9067268877951
Saxony-Anhalt,2021-11-05,,forecast,0.993897610755775,1.0605981911279,0.519837340206377,0.534858040379062,0.856275193238021,0.952148597204894,1.03110753689,1.09266206351436,1.9067268877951
Saxony-Anhalt,2021-11-06,,forecast,0.993897610755775,1.0605981911279,0.519837340206377,0.534858040379062,0.856275193238021,0.952148597204894,1.03110753689,1.09266206351436,1.9067268877951
Saxony-Anhalt,2021-11-07,,forecast,0.993897610755775,1.0605981911279,0.519837340206377,0.534858040379062,0.856275193238021,0.952148597204894,1.03110753689,1.09266206351436,1.9067268877951
Saxony-Anhalt,2021-11-08,,forecast,0.993897610755775,1.0605981911279,0.519837340206377,0.534858040379062,0.856275193238021,0.952148597204894,1.03110753689,1.09266206351436,1.9067268877951
Saxony-Anhalt,2021-11-09,,forecast,0.993897610755775,1.0605981911279,0.519837340206377,0.534858040379062,0.856275193238021,0.952148597204894,1.03110753689,1.09266206351436,1.9067268877951
Saxony-Anhalt,2021-11-10,,forecast,0.993897610755775,1.0605981911279,0.519837340206377,0.534858040379062,0.856275193238021,0.952148597204894,1.03110753689,1.09266206351436,1.9067268877951
Saxony-Anhalt,2021-11-11,,forecast,0.993897610755775,1.0605981911279,0.519837340206377,0.534858040379062,0.856275193238021,0.952148597204894,1.03110753689,1.09266206351436,1.9067268877951
Saxony-Anhalt,2021-11-12,,forecast,0.993897610755775,1.0605981911279,0.519837340206377,0.534858040379062,0.856275193238021,0.952148597204894,1.03110753689,1.09266206351436,1.9067268877951
Saxony-Anhalt,2021-11-13,,forecast,0.993897610755775,1.0605981911279,0.519837340206377,0.534858040379062,0.856275193238021,0.952148597204894,1.03110753689,1.09266206351436,1.9067268877951
Saxony-Anhalt,2021-11-14,,forecast,0.993897610755775,1.0605981911279,0.519837340206377,0.534858040379062,0.856275193238021,0.952148597204894,1.03110753689,1.09266206351436,1.9067268877951
Saxony-Anhalt,2021-11-15,,forecast,0.993897610755775,1.0605981911279,0.519837340206377,0.534858040379062,0.856275193238021,0.952148597204894,1.03110753689,1.09266206351436,1.9067268877951
Saxony-Anhalt,2021-11-16,,forecast,0.993897610755775,1.0605981911279,0.519837340206377,0.534858040379062,0.856275193238021,0.952148597204894,1.03110753689,1.09266206351436,1.9067268877951
Saxony-Anhalt,2021-11-17,,forecast,0.993897610755775,1.0605981911279,0.519837340206377,0.534858040379062,0.856275193238021,0.952148597204894,1.03110753689,1.09266206351436,1.9067268877951
Schleswig-Holstein,2021-07-27,,estimate,1.10809335346701,1.1221262759598,0.142517333596356,0.910111306617206,1.0336984924306,1.07568312410586,1.13687520857293,1.20312124684509,1.37322043062008
Schleswig-Holstein,2021-07-28,,estimate,1.11046288599379,1.12659518226073,0.136896666991705,0.924945597128307,1.03839366760295,1.08088213492231,1.14424627252648,1.2058702083649,1.36848441673219
Schleswig-Holstein,2021-07-29,,estimate,1.11491673851359,1.13143056002885,0.132931415489368,0.936982067222532,1.04402498161229,1.08429374033454,1.14987465407215,1.21273350293826,1.37083307048453
Schleswig-Holstein,2021-07-30,,estimate,1.12085259762465,1.13656536794187,0.130620787761403,0.946417106440663,1.04799676687328,1.09026061843833,1.15324016005407,1.2153439537009,1.36984111632185
Schleswig-Holstein,2021-07-31,,estimate,1.12499061413132,1.14191768517952,0.129881557375125,0.959179886747962,1.05161118239984,1.09605090643965,1.15862975468079,1.21726288310548,1.36476730517972
Schleswig-Holstein,2021-08-01,,estimate,1.13021227804503,1.14739108487644,0.130535890917684,0.972625815345201,1.05574086879527,1.09916629000352,1.16250661453351,1.21894002748461,1.37335902985483
Schleswig-Holstein,2021-08-02,,estimate,1.1350097465711,1.15287575621519,0.132315529202187,0.97763804841734,1.0608354675785,1.10266025055077,1.16827240849225,1.2234298867016,1.38169554427534
Schleswig-Holstein,2021-08-03,,estimate,1.13854570054332,1.15825078182106,0.134881630145234,0.982684168959595,1.06472925493495,1.10860833499681,1.17294714559167,1.22522370072608,1.40423661610291
Schleswig-Holstein,2021-08-04,,estimate,1.14189832522411,1.16338777830112,0.137857507148892,0.991875662113655,1.06914091113354,1.11016698056909,1.17758747235556,1.23072818659806,1.42017722495485
Schleswig-Holstein,2021-08-05,,estimate,1.14618386094912,1.16815563567491,0.140870966689867,0.996478515977106,1.07234191826402,1.11337817296206,1.1800463736434,1.23666116886578,1.42843556855461
Schleswig-Holstein,2021-08-06,,estimate,1.14980455218304,1.17242553490261,0.143599497641163,0.99986621263969,1.07465511418125,1.11516094161563,1.18132770722608,1.24310270660921,1.43375005198921
Schleswig-Holstein,2021-08-07,,estimate,1.15159843666527,1.1760751554663,0.145806150560874,1.00190541269358,1.07592112437224,1.11877458461152,1.18332721978615,1.24476204809632,1.44407029990979
Schleswig-Holstein,2021-08-08,,estimate,1.15364282505346,1.17899129423091,0.147352833306599,1.00639965880486,1.07752581377422,1.12201566309096,1.18505933763597,1.24749615369287,1.46003757008255
Schleswig-Holstein,2021-08-09,,estimate,1.15548504396166,1.18107089880929,0.148184823490159,1.00968317446659,1.07837838434044,1.12151613001344,1.18817416284206,1.24716772536597,1.47244099022352
Schleswig-Holstein,2021-08-10,,estimate,1.15397815035554,1.18222130056217,0.148293013920563,1.00956244467481,1.07817114744325,1.12075304662177,1.18804609278491,1.24707793009114,1.48044479075983
Schleswig-Holstein,2021-08-11,,estimate,1.1527059630137,1.18236074201103,0.147671931775772,1.01026375199463,1.07945161380128,1.12174608029299,1.18820204107005,1.24605833552918,1.47396824628776
Schleswig-Holstein,2021-08-12,,estimate,1.15121545186795,1.18141999970267,0.146294101036792,1.01097209868812,1.07802060956994,1.12154684279966,1.18579389739235,1.24584354801349,1.46609695282696
Schleswig-Holstein,2021-08-13,,estimate,1.14831299034229,1.17934525000949,0.144111335801821,1.01261806507994,1.07652010690643,1.12053268063413,1.18352107220393,1.24425217238336,1.457120536886
Schleswig-Holstein,2021-08-14,,estimate,1.14708406783719,1.1761017206637,0.141077671936483,1.01351461979105,1.07594115498888,1.11784455288356,1.18021741426894,1.23878186117653,1.45696345168282
Schleswig-Holstein,2021-08-15,,estimate,1.14287984056547,1.17167741142178,0.137179285260306,1.01305032341981,1.07383808237479,1.11459220098162,1.1754584179882,1.23298005704322,1.4453811477801
Schleswig-Holstein,2021-08-16,,estimate,1.1390050323264,1.16608625325001,0.132458709657275,1.01164688260774,1.07258581199712,1.11070672579693,1.17170777178476,1.22713020774283,1.4276407283356
Schleswig-Holstein,2021-08-17,,estimate,1.13290927076201,1.15937027226584,0.127027352549896,1.00898019372359,1.07022949461089,1.10662938783043,1.16407690691157,1.21881352431426,1.4144240284897
Schleswig-Holstein,2021-08-18,,estimate,1.12665049765928,1.15160043142621,0.121064672423803,1.00614310837263,1.06720210131336,1.10197306737636,1.15562440219363,1.21149048328713,1.39957791343657
Schleswig-Holstein,2021-08-19,,estimate,1.12082658451764,1.14287585376823,0.114805014933757,1.00278947081969,1.06393475837141,1.09579127601233,1.14604314517567,1.19968554209111,1.37528491134113
Schleswig-Holstein,2021-08-20,,estimate,1.11198552388606,1.13332121830061,0.108516966065775,0.997600678435314,1.06031518112002,1.08920321405975,1.13713591368466,1.18882227950563,1.34244384791065
Schleswig-Holstein,2021-08-21,,estimate,1.10328352600847,1.12308231613914,0.10248287710748,0.993018066504376,1.05441130363741,1.08293407703549,1.12841497509954,1.17546444008712,1.31740567751402
Schleswig-Holstein,2021-08-22,,estimate,1.09633792381312,1.11232000091283,0.0969827685260166,0.984724841356499,1.04888045739732,1.07675366445276,1.12029453651525,1.1628819932485,1.2948260750583
Schleswig-Holstein,2021-08-23,,estimate,1.08829222612595,1.10120300227616,0.0922781847371458,0.979440323135521,1.04231246851594,1.06955889369984,1.10911736010621,1.14905595120911,1.27052351122649
Schleswig-Holstein,2021-08-24,,estimate,1.07936049517337,1.08990027236582,0.0885872244182197,0.970438682143401,1.03624373900654,1.06270797687825,1.09840675076165,1.13451562380273,1.25108310809783
Schleswig-Holstein,2021-08-25,,estimate,1.07221170434381,1.07857365845884,0.0860494503225572,0.956032842962969,1.02831979156589,1.05472643014162,1.09014284772318,1.12017272064849,1.23208861727421
Schleswig-Holstein,2021-08-26,,estimate,1.06425799644235,1.06737166724539,0.0846933660026846,0.933449271519341,1.02173928236393,1.0476904869381,1.08072125308535,1.10990556716926,1.21205853070943
Schleswig-Holstein,2021-08-27,,estimate,1.05592257769126,1.05642489119361,0.0844250866700726,0.91093817019942,1.01446668042509,1.04019769846301,1.07112879467822,1.10132466599915,1.1923763702109
Schleswig-Holstein,2021-08-28,,estimate,1.04884834768168,1.04584339141188,0.0850469730561888,0.897685191351493,1.00704583271304,1.0332813975251,1.06392897111026,1.09279011810494,1.17770453119141
Schleswig-Holstein,2021-08-29,,estimate,1.04179407968939,1.03571608558845,0.0862980722565954,0.873861462143079,0.997942616848993,1.02681510133338,1.05784344551264,1.08410683135452,1.161841390112
Schleswig-Holstein,2021-08-30,,estimate,1.03519632453843,1.02611201096789,0.087899497530256,0.8615553730734,0.988519619050544,1.01995185387326,1.05119130739245,1.0740338005317,1.14858851249165
Schleswig-Holstein,2021-08-31,,estimate,1.02955635678356,1.01708316857792,0.0895919331585077,0.850452149687043,0.978043840720113,1.01232169576601,1.04399263212731,1.06714190761101,1.13602553869858
Schleswig-Holstein,2021-09-01,,estimate,1.02304254405864,1.00866843865836,0.0911610129372379,0.840236783610399,0.970512974741689,1.00573780721575,1.03767737783257,1.06069692813939,1.1277566281344
Schleswig-Holstein,2021-09-02,,estimate,1.01662956994787,1.00089780977764,0.0924507676400158,0.825952843964643,0.962030548485949,0.998755377833851,1.03247452389595,1.05614785088951,1.11873890640012
Schleswig-Holstein,2021-09-03,,estimate,1.01054930323308,0.993796037093147,0.0933654348937743,0.810843869995767,0.953465739111622,0.991708667062495,1.02659501513037,1.0511086731256,1.11276665932454
Schleswig-Holstein,2021-09-04,,estimate,1.00440317203494,0.987385015406368,0.0938606022961097,0.800579084417122,0.945888228233132,0.98607037133012,1.02064969170235,1.04622438315224,1.10763602365367
Schleswig-Holstein,2021-09-05,,estimate,0.999260482976916,0.981684626072319,0.0939280019499481,0.789275810770621,0.939141129025695,0.979275936010185,1.01578589803331,1.04150047313326,1.10154613103594
Schleswig-Holstein,2021-09-06,,estimate,0.99351828312695,0.976712356098857,0.093581327320771,0.786750980508062,0.93478184457087,0.973672209848647,1.01093103721405,1.03667811960545,1.09526659081638
Schleswig-Holstein,2021-09-07,,estimate,0.988942636877452,0.972482282032868,0.0928498434872648,0.778042827689287,0.930645627721897,0.968647084593669,1.00649948150206,1.03301853331945,1.08963936808188
Schleswig-Holstein,2021-09-08,,estimate,0.984539629422125,0.969003926872101,0.0917823847673665,0.78087724796355,0.925764162278874,0.963551473838597,1.00270267961764,1.02969879250302,1.08606289624173
Schleswig-Holstein,2021-09-09,,estimate,0.981876757261547,0.966281164732059,0.090458895880446,0.794656141364526,0.919346482426619,0.961108508538579,0.999533769522955,1.02741184870859,1.08388953631594
Schleswig-Holstein,2021-09-10,,estimate,0.978558616372959,0.964311035267925,0.0890020544217749,0.796854441444447,0.915520303255909,0.958352117114582,0.996519036777309,1.02476504256497,1.08183765179294
Schleswig-Holstein,2021-09-11,,estimate,0.976141576027323,0.963082259326216,0.0875794245025504,0.804942984485251,0.914874215535948,0.956385414763097,0.994389851825496,1.02214406075799,1.08098894334979
Schleswig-Holstein,2021-09-12,,estimate,0.975181284063712,0.962573462731352,0.0863889786365922,0.808316858904702,0.914408734062085,0.954730855165658,0.993043851360584,1.02137885269339,1.08133844833085
Schleswig-Holstein,2021-09-13,,estimate,0.974213081407426,0.962751456645928,0.085628414412585,0.805770721776736,0.915024454517208,0.953576079114796,0.993010265256964,1.02039204172542,1.08059916063381
Schleswig-Holstein,2021-09-14,,estimate,0.973611797964231,0.963570121674633,0.0854583259402359,0.812629294354605,0.915591260522548,0.952867226124813,0.993977879825837,1.0206251642296,1.08136997858693
Schleswig-Holstein,2021-09-15,,estimate,0.971812885604248,0.964970313936265,0.0859740396425062,0.813867604791872,0.915400382199625,0.952828335948559,0.994735485829145,1.02093103411734,1.08867012652232
Schleswig-Holstein,2021-09-16,,estimate,0.97286230579575,0.966880821255141,0.0871957815309797,0.813428219689452,0.914263256432115,0.95282165494671,0.994246640521348,1.02379570465558,1.09269248332008
Schleswig-Holstein,2021-09-17,,estimate,0.974370517961729,0.969220041290247,0.0890757582722987,0.817140344116672,0.914823523420231,0.952258288579701,0.994627350897467,1.02524260244798,1.09981382194272
Schleswig-Holstein,2021-09-18,,estimate,0.976166299662733,0.971898015372123,0.0915145124595039,0.819798072961629,0.916086442670839,0.952749069403722,0.99637855093789,1.02703511474268,1.10287098704348
Schleswig-Holstein,2021-09-19,,estimate,0.978663106869897,0.974818745525995,0.0943826360881456,0.822851302214489,0.915286367050366,0.955706716644298,0.999847359152329,1.02928497997321,1.10986854405671
Schleswig-Holstein,2021-09-20,,estimate,0.982312245516513,0.977883060155954,0.0975500565198016,0.820675325065275,0.916189716936475,0.957023905600005,1.00178869945518,1.03429361413148,1.11836663760194
Schleswig-Holstein,2021-09-21,,estimate,0.985230341073546,0.980992339847928,0.100923256616896,0.822509168679522,0.918067006110019,0.960019963114999,1.00460871715182,1.03842014794712,1.12887311514562
Schleswig-Holstein,2021-09-22,,estimate,0.986237055469381,0.984053085235525,0.104481085882006,0.822977226288283,0.91920714795068,0.961150378486007,1.00724912278171,1.04187645230131,1.14446544565067
Schleswig-Holstein,2021-09-23,,estimate,0.988375139415626,0.986981834962766,0.108292516217421,0.821757790576632,0.919923916946305,0.963195199133527,1.01090869664072,1.04647458919246,1.16666432541192
Schleswig-Holstein,2021-09-24,,estimate,0.990854769761361,0.989709651862803,0.112503518724894,0.815087128512443,0.919511783999662,0.964902212632665,1.0142291285381,1.05010890506698,1.18348265360496
Schleswig-Holstein,2021-09-25,,estimate,0.992780980571996,0.992185455023323,0.117294151279554,0.810452286711253,0.921058091446036,0.966338148678052,1.01780780191217,1.0547469776951,1.18132194302747
Schleswig-Holstein,2021-09-26,,estimate,0.994342592498437,0.994377814503913,0.122822074764492,0.803904759338577,0.92174925375055,0.966785787462242,1.02028736524634,1.05856079918256,1.19887935455369
Schleswig-Holstein,2021-09-27,,estimate,0.994724209836279,0.996275250505329,0.129175803567347,0.794830939135121,0.919748893206289,0.968548281928632,1.02133899403038,1.06257261970322,1.21025342013875
Schleswig-Holstein,2021-09-28,,estimate,0.995004382360932,0.997885404760704,0.136356454405341,0.78646472891907,0.919301700215961,0.968798607975954,1.02387723616131,1.0645271605738,1.23742618860605
Schleswig-Holstein,2021-09-29,,estimate,0.997085180265495,0.999233555139131,0.144293726821138,0.77663878205554,0.91516813607562,0.968787646512557,1.02381506793343,1.06656827310542,1.26412214796429
Schleswig-Holstein,2021-09-30,,estimate based on partial data,0.998137463035223,1.00036077991925,0.15288699648772,0.767119779454072,0.913802671018964,0.96866206196192,1.02491674003383,1.07069859992186,1.26935885480133
Schleswig-Holstein,2021-10-01,,estimate based on partial data,0.99969160080096,1.00132172613045,0.162052313485688,0.748435076651283,0.911928337852883,0.967461954365306,1.02628763808133,1.07367941055147,1.28328632425485
Schleswig-Holstein,2021-10-02,,estimate based on partial data,0.999362765371537,1.00218162613743,0.17175541896907,0.728410841549357,0.908377507105914,0.967361153091272,1.02947959840663,1.07862642466887,1.30326875986465
Schleswig-Holstein,2021-10-03,,estimate based on partial data,1.00005677875601,1.00301220293943,0.182020275874942,0.710774087484981,0.902926809245553,0.965507069848055,1.03086393901396,1.08114007916464,1.32425665801633
Schleswig-Holstein,2021-10-04,,estimate based on partial data,1.00090729964032,1.00388648125121,0.192916451556024,0.695981220332333,0.898410975167422,0.966143534853743,1.03202089188494,1.08595611854839,1.34876230877226
Schleswig-Holstein,2021-10-05,,estimate based on partial data,0.999802260009953,1.00487305006294,0.204537535356933,0.672440406281639,0.894644547065535,0.966533816172285,1.03285593516336,1.09289309544388,1.37346460321833
Schleswig-Holstein,2021-10-06,,estimate based on partial data,1.00058097981771,1.00603065029151,0.216981352171243,0.658158771566936,0.892833446607412,0.964800348547766,1.03354703603618,1.0977756394038,1.40874246499252
Schleswig-Holstein,2021-10-07,,estimate based on partial data,1.00216143137886,1.00740392138454,0.230335051127756,0.651614658522512,0.890570773463192,0.964297218846793,1.03501429070588,1.09893730398167,1.43255446018128
Schleswig-Holstein,2021-10-08,,estimate based on partial data,1.00230995038619,1.00902085818174,0.244662511263029,0.637654026884119,0.8832762981393,0.964560169140255,1.03790243422762,1.10171135097306,1.44882713067041
Schleswig-Holstein,2021-10-09,,estimate based on partial data,1.00202879633079,1.01089223425884,0.259991856816449,0.624634503885507,0.878114606194878,0.961372256221139,1.03785709800417,1.10489944780877,1.4786695276704
Schleswig-Holstein,2021-10-10,,estimate based on partial data,1.00149283670279,1.01301305001702,0.276304853077874,0.613776556191245,0.872395453177315,0.958920291739817,1.03898363085615,1.10897764173713,1.50543146996437
Schleswig-Holstein,2021-10-11,,estimate based on partial data,1.00151990705155,1.01536591780175,0.293533229572101,0.594419115340942,0.868635469516935,0.955500955084326,1.03735532022285,1.11248817914168,1.53186108578122
Schleswig-Holstein,2021-10-12,,estimate based on partial data,0.999009649444236,1.01792611375277,0.31156700064176,0.58448935410306,0.864788384737409,0.954238652771892,1.03747220237114,1.11358200924204,1.56105175681675
Schleswig-Holstein,2021-10-13,,estimate based on partial data,0.999206119260788,1.02066776170188,0.330276436419498,0.567568185172509,0.862464485804345,0.951510285720956,1.03695291570595,1.11541503130178,1.58619118307523
Schleswig-Holstein,2021-10-14,,estimate based on partial data,0.997605576669635,1.02357028234046,0.349543727562378,0.55785159920289,0.860657636860837,0.95158234990981,1.03627306885036,1.1175197464186,1.6220614348957
Schleswig-Holstein,2021-10-15,,estimate based on partial data,0.996225201027971,1.02662392983824,0.369294638491135,0.552205938361724,0.85441330941456,0.9500386306009,1.03833521944121,1.12119204124276,1.65676317301123
Schleswig-Holstein,2021-10-16,,estimate based on partial data,0.997629285101029,1.02983313333108,0.389517486855338,0.543292140792965,0.84800265736847,0.950484765713138,1.03935691656647,1.12355182816139,1.67986097108489
Schleswig-Holstein,2021-10-17,,estimate based on partial data,0.998170399358292,1.0332166696553,0.410259698544198,0.527139789751474,0.84298002348549,0.950328084022554,1.03986120900472,1.1297598936691,1.69250550254557
Schleswig-Holstein,2021-10-18,,forecast,0.998170399358292,1.0332166696553,0.410259698544198,0.527139789751474,0.84298002348549,0.950328084022554,1.03986120900472,1.1297598936691,1.69250550254557
Schleswig-Holstein,2021-10-19,,forecast,0.998170399358292,1.0332166696553,0.410259698544198,0.527139789751474,0.84298002348549,0.950328084022554,1.03986120900472,1.1297598936691,1.69250550254557
Schleswig-Holstein,2021-10-20,,forecast,0.998170399358292,1.0332166696553,0.410259698544198,0.527139789751474,0.84298002348549,0.950328084022554,1.03986120900472,1.1297598936691,1.69250550254557
Schleswig-Holstein,2021-10-21,,forecast,0.998170399358292,1.0332166696553,0.410259698544198,0.527139789751474,0.84298002348549,0.950328084022554,1.03986120900472,1.1297598936691,1.69250550254557
Schleswig-Holstein,2021-10-22,,forecast,0.998170399358292,1.0332166696553,0.410259698544198,0.527139789751474,0.84298002348549,0.950328084022554,1.03986120900472,1.1297598936691,1.69250550254557
Schleswig-Holstein,2021-10-23,,forecast,0.998170399358292,1.0332166696553,0.410259698544198,0.527139789751474,0.84298002348549,0.950328084022554,1.03986120900472,1.1297598936691,1.69250550254557
Schleswig-Holstein,2021-10-24,,forecast,0.998170399358292,1.0332166696553,0.410259698544198,0.527139789751474,0.84298002348549,0.950328084022554,1.03986120900472,1.1297598936691,1.69250550254557
Schleswig-Holstein,2021-10-25,,forecast,0.998170399358292,1.0332166696553,0.410259698544198,0.527139789751474,0.84298002348549,0.950328084022554,1.03986120900472,1.1297598936691,1.69250550254557
Schleswig-Holstein,2021-10-26,,forecast,0.998170399358292,1.0332166696553,0.410259698544198,0.527139789751474,0.84298002348549,0.950328084022554,1.03986120900472,1.1297598936691,1.69250550254557
Schleswig-Holstein,2021-10-27,,forecast,0.998170399358292,1.0332166696553,0.410259698544198,0.527139789751474,0.84298002348549,0.950328084022554,1.03986120900472,1.1297598936691,1.69250550254557
Schleswig-Holstein,2021-10-28,,forecast,0.998170399358292,1.0332166696553,0.410259698544198,0.527139789751474,0.84298002348549,0.950328084022554,1.03986120900472,1.1297598936691,1.69250550254557
Schleswig-Holstein,2021-10-29,,forecast,0.998170399358292,1.0332166696553,0.410259698544198,0.527139789751474,0.84298002348549,0.950328084022554,1.03986120900472,1.1297598936691,1.69250550254557
Schleswig-Holstein,2021-10-30,,forecast,0.998170399358292,1.0332166696553,0.410259698544198,0.527139789751474,0.84298002348549,0.950328084022554,1.03986120900472,1.1297598936691,1.69250550254557
Schleswig-Holstein,2021-10-31,,forecast,0.998170399358292,1.0332166696553,0.410259698544198,0.527139789751474,0.84298002348549,0.950328084022554,1.03986120900472,1.1297598936691,1.69250550254557
Schleswig-Holstein,2021-11-01,,forecast,0.998170399358292,1.0332166696553,0.410259698544198,0.527139789751474,0.84298002348549,0.950328084022554,1.03986120900472,1.1297598936691,1.69250550254557
Schleswig-Holstein,2021-11-02,,forecast,0.998170399358292,1.0332166696553,0.410259698544198,0.527139789751474,0.84298002348549,0.950328084022554,1.03986120900472,1.1297598936691,1.69250550254557
Schleswig-Holstein,2021-11-03,,forecast,0.998170399358292,1.0332166696553,0.410259698544198,0.527139789751474,0.84298002348549,0.950328084022554,1.03986120900472,1.1297598936691,1.69250550254557
Schleswig-Holstein,2021-11-04,,forecast,0.998170399358292,1.0332166696553,0.410259698544198,0.527139789751474,0.84298002348549,0.950328084022554,1.03986120900472,1.1297598936691,1.69250550254557
Schleswig-Holstein,2021-11-05,,forecast,0.998170399358292,1.0332166696553,0.410259698544198,0.527139789751474,0.84298002348549,0.950328084022554,1.03986120900472,1.1297598936691,1.69250550254557
Schleswig-Holstein,2021-11-06,,forecast,0.998170399358292,1.0332166696553,0.410259698544198,0.527139789751474,0.84298002348549,0.950328084022554,1.03986120900472,1.1297598936691,1.69250550254557
Schleswig-Holstein,2021-11-07,,forecast,0.998170399358292,1.0332166696553,0.410259698544198,0.527139789751474,0.84298002348549,0.950328084022554,1.03986120900472,1.1297598936691,1.69250550254557
Schleswig-Holstein,2021-11-08,,forecast,0.998170399358292,1.0332166696553,0.410259698544198,0.527139789751474,0.84298002348549,0.950328084022554,1.03986120900472,1.1297598936691,1.69250550254557
Schleswig-Holstein,2021-11-09,,forecast,0.998170399358292,1.0332166696553,0.410259698544198,0.527139789751474,0.84298002348549,0.950328084022554,1.03986120900472,1.1297598936691,1.69250550254557
Schleswig-Holstein,2021-11-10,,forecast,0.998170399358292,1.0332166696553,0.410259698544198,0.527139789751474,0.84298002348549,0.950328084022554,1.03986120900472,1.1297598936691,1.69250550254557
Schleswig-Holstein,2021-11-11,,forecast,0.998170399358292,1.0332166696553,0.410259698544198,0.527139789751474,0.84298002348549,0.950328084022554,1.03986120900472,1.1297598936691,1.69250550254557
Schleswig-Holstein,2021-11-12,,forecast,0.998170399358292,1.0332166696553,0.410259698544198,0.527139789751474,0.84298002348549,0.950328084022554,1.03986120900472,1.1297598936691,1.69250550254557
Schleswig-Holstein,2021-11-13,,forecast,0.998170399358292,1.0332166696553,0.410259698544198,0.527139789751474,0.84298002348549,0.950328084022554,1.03986120900472,1.1297598936691,1.69250550254557
Schleswig-Holstein,2021-11-14,,forecast,0.998170399358292,1.0332166696553,0.410259698544198,0.527139789751474,0.84298002348549,0.950328084022554,1.03986120900472,1.1297598936691,1.69250550254557
Schleswig-Holstein,2021-11-15,,forecast,0.998170399358292,1.0332166696553,0.410259698544198,0.527139789751474,0.84298002348549,0.950328084022554,1.03986120900472,1.1297598936691,1.69250550254557
Schleswig-Holstein,2021-11-16,,forecast,0.998170399358292,1.0332166696553,0.410259698544198,0.527139789751474,0.84298002348549,0.950328084022554,1.03986120900472,1.1297598936691,1.69250550254557
Schleswig-Holstein,2021-11-17,,forecast,0.998170399358292,1.0332166696553,0.410259698544198,0.527139789751474,0.84298002348549,0.950328084022554,1.03986120900472,1.1297598936691,1.69250550254557
Thuringia,2021-07-27,,estimate,1.0208757585769,1.02131317525959,0.135044356781009,0.807059455605799,0.932932891419181,0.988369111502453,1.05445177998926,1.10129530538239,1.24772841954412
Thuringia,2021-07-28,,estimate,1.01649199299012,1.01431076018162,0.127561910672218,0.806454315292217,0.930656892235331,0.984645752476373,1.04740667456874,1.09456500285703,1.22269027467845
Thuringia,2021-07-29,,estimate,1.01128692259044,1.00762565351347,0.122549565167381,0.807409804434321,0.926053463419529,0.979068702911881,1.04148756626879,1.08756727723423,1.20906324441761
Thuringia,2021-07-30,,estimate,1.00472701750763,1.00128379918741,0.1196734897448,0.80020966186656,0.921135481579827,0.972126623083082,1.03625232116889,1.08085250057094,1.19409410580856
Thuringia,2021-07-31,,estimate,0.999931330456162,0.995315042687898,0.118529938828578,0.796943262077707,0.915843020500047,0.965669861016875,1.03128838898786,1.0755220461084,1.18664243839828
Thuringia,2021-08-01,,estimate,0.993578164210998,0.989751497061476,0.11868126079377,0.791060472903998,0.906825768486624,0.961905726309957,1.02550636544057,1.07177750029241,1.17698316347297
Thuringia,2021-08-02,,estimate,0.99007616745969,0.984625959356023,0.119697098286553,0.779790316275579,0.902057453901594,0.959372433775574,1.02258171789869,1.06845420545017,1.17108582063225
Thuringia,2021-08-03,,estimate,0.987184903239386,0.979971334023353,0.121193715414312,0.773181951210393,0.899088324229502,0.955755302686509,1.01908330863368,1.06549003381971,1.1626989979036
Thuringia,2021-08-04,,estimate,0.984519372694617,0.975821346445169,0.122864296971333,0.766134203953643,0.895152048953802,0.952293084540921,1.01744435661773,1.06493311693975,1.15937134234715
Thuringia,2021-08-05,,estimate,0.983204540332375,0.972211947556903,0.124493899940113,0.754112684570401,0.891762891102772,0.950471099647736,1.01581217694079,1.06370368449734,1.15397722080629
Thuringia,2021-08-06,,estimate,0.983067858151743,0.969182304081828,0.125954848327445,0.744284437266204,0.88828681675482,0.949682364629579,1.01418400133145,1.06137059231744,1.15242806691063
Thuringia,2021-08-07,,estimate,0.981620940188364,0.966774456137367,0.127184184172692,0.736996875373382,0.885553912961321,0.949648565795039,1.0121911353437,1.05912956337415,1.14947637332419
Thuringia,2021-08-08,,estimate,0.98178971200045,0.965031465118376,0.128153369098418,0.733000364440905,0.885451075248265,0.948073581178607,1.01045615718154,1.05904366117364,1.1457087783953
Thuringia,2021-08-09,,estimate,0.981170716406562,0.963994650787744,0.128843620031191,0.729154451261394,0.885300668331664,0.948146158034967,1.01135437496262,1.05843032429433,1.13833280003179
Thuringia,2021-08-10,,estimate,0.982314261030584,0.963700843812975,0.129233341159217,0.724790431945359,0.885901689387852,0.948932739469168,1.01352222463422,1.05875217157026,1.13369580172982
Thuringia,2021-08-11,,estimate,0.983954661116876,0.964180401546435,0.129294267515407,0.723993688022234,0.889113738439378,0.949548360916005,1.01519278362765,1.05862414949826,1.13209434899362
Thuringia,2021-08-12,,estimate,0.987840713511524,0.965456350021213,0.128990234073557,0.726096957113718,0.894057738397452,0.95195461448397,1.0178796554343,1.0588243887977,1.1353385530368
Thuringia,2021-08-13,,estimate,0.989382211937016,0.967544679064232,0.128277551931104,0.728546796977832,0.893881041851731,0.954585466093472,1.0207106211968,1.06054843112358,1.13751148099795
Thuringia,2021-08-14,,estimate,0.9933977827685,0.970455533195515,0.127110971570466,0.729910383757186,0.898225675095739,0.959323232395078,1.0218935880911,1.06238567668647,1.13692732196395
Thuringia,2021-08-15,,estimate,0.996521729867163,0.974194743386428,0.125457486830109,0.733516299760753,0.903675401923626,0.962935958005628,1.02626942679634,1.06289404073637,1.1362744039386
Thuringia,2021-08-16,,estimate,1.00104459261581,0.978764948758163,0.123313276423478,0.743453021557436,0.908854201621273,0.969255909678937,1.02804867282646,1.06430875579908,1.13956065260867
Thuringia,2021-08-17,,estimate,1.00573580337779,0.984165688547042,0.120715087746406,0.755176459428707,0.916694032320069,0.975726752641684,1.03177243331819,1.0673664806043,1.14359238598019
Thuringia,2021-08-18,,estimate,1.01028834464307,0.990392320546525,0.117741580807394,0.764508444904806,0.924694952344406,0.983473786446536,1.03576569753796,1.07164584137464,1.14545719985103
Thuringia,2021-08-19,,estimate,1.01718545232294,0.997434136634258,0.114507816995114,0.778462188935248,0.935996331460399,0.991073393612221,1.04140888061871,1.07595929956772,1.14758214841104
Thuringia,2021-08-20,,estimate,1.02434959851009,1.00527226037311,0.111158821614752,0.795806105771424,0.945664490707259,0.997666458976179,1.04693245658292,1.07977928277836,1.14984953649396
Thuringia,2021-08-21,,estimate,1.03033305862794,1.01387778162948,0.107864559749645,0.813336145989417,0.958130004002701,1.00637444736166,1.05208013206925,1.08395695409565,1.15560222038044
Thuringia,2021-08-22,,estimate,1.0387513879343,1.02321032585966,0.104813868811861,0.833065451009829,0.969688064066914,1.01452522142605,1.05845049373792,1.08957613360001,1.16199368133525
Thuringia,2021-08-23,,estimate,1.04583184490334,1.03321708431476,0.102203193612931,0.847034940217806,0.9831685453463,1.02323260406193,1.06439371577634,1.09625419498132,1.17260905375604
Thuringia,2021-08-24,,estimate,1.05302327949012,1.04383230299791,0.100218608621638,0.859850081882448,0.996234479021168,1.03230882688471,1.07196681340896,1.10390784953484,1.18468710660081
Thuringia,2021-08-25,,estimate,1.06173168954059,1.05497727585859,0.0990160831619947,0.878061334879354,1.00748636814659,1.0418363370079,1.07950955433104,1.11211134205075,1.19869747072069
Thuringia,2021-08-26,,estimate,1.06771002965474,1.06656090325991,0.0987106539719886,0.899201050106888,1.01637637053485,1.05140858109225,1.08687105819986,1.11970182557544,1.21735384071284
Thuringia,2021-08-27,,estimate,1.0761003803184,1.0784807916981,0.0993811197071794,0.914556731121383,1.02696706522732,1.05829422323195,1.09536426858228,1.12612129197437,1.23537993159662
Thuringia,2021-08-28,,estimate,1.08412988837299,1.09062473217386,0.101081480657913,0.929598772483372,1.03559005560949,1.06740311609055,1.10388423834266,1.13594207086427,1.26127106031001
Thuringia,2021-08-29,,estimate,1.0933057969161,1.10287234618578,0.103839611438063,0.947246698350683,1.0457083163626,1.07442182440257,1.11323733530073,1.14883378446271,1.2823567431886
Thuringia,2021-08-30,,estimate,1.10071637847155,1.11509680701612,0.107634917864248,0.96920195417856,1.05421969841736,1.08088814127073,1.12073051311873,1.16028694223038,1.30512410097418
Thuringia,2021-08-31,,estimate,1.10730921527276,1.12716670232175,0.11237157595639,0.982208401322905,1.06229614652423,1.08832755746066,1.12830143891122,1.17405730631649,1.33989083582288
Thuringia,2021-09-01,,estimate,1.11371132676199,1.13894807427317,0.11787367570008,0.994617261289343,1.06858924713245,1.09637060351217,1.13808122366444,1.18632020399832,1.36391107206495
Thuringia,2021-09-02,,estimate,1.12113486020029,1.15030640273203,0.123910651458496,1.00557745755338,1.07499546078063,1.10253167799878,1.14823626919573,1.19987256251212,1.39195737493225
Thuringia,2021-09-03,,estimate,1.12881421845398,1.16110803133181,0.130235361930883,1.01228413934534,1.07988190566881,1.1091009943703,1.15617292236971,1.21123163769891,1.41616295977487
Thuringia,2021-09-04,,estimate,1.13627319206916,1.17122062391691,0.136608612732917,1.01932542327717,1.0849020941743,1.11536202645669,1.16188971606256,1.22296291076436,1.43152235415631
Thuringia,2021-09-05,,estimate,1.14208292986308,1.18051280747037,0.142796440189494,1.02391138335491,1.08865467399562,1.11940045676072,1.17051999140085,1.2351865363895,1.46093606129802
Thuringia,2021-09-06,,estimate,1.14750482557483,1.1888539734312,0.148546336947341,1.03030171150183,1.09315509443179,1.12338582723404,1.1783446783746,1.24871059882138,1.48998721580068
Thuringia,2021-09-07,,estimate,1.15303016290303,1.19611578077132,0.153563812595191,1.03193466462454,1.09612686088876,1.12815422186241,1.18482554822031,1.25602090444867,1.51694222912277
Thuringia,2021-09-08,,estimate,1.15894259702201,1.20217670264309,0.157516062549144,1.03388391511742,1.09963789537076,1.13428329637926,1.19036679291594,1.26305382150955,1.52815621479434
Thuringia,2021-09-09,,estimate,1.16346455228704,1.20692973145826,0.160079027602595,1.03800557596318,1.10111114140521,1.13796372010289,1.19857072335761,1.27171554077441,1.54188531353836
Thuringia,2021-09-10,,estimate,1.16658430861371,1.21029154121774,0.161015341336971,1.04007048341544,1.10346741575361,1.14042012104033,1.20331590702761,1.2754301494835,1.54160539407014
Thuringia,2021-09-11,,estimate,1.17079566504349,1.21221019822676,0.160242545637204,1.03866215783947,1.1055609936138,1.14492477329024,1.20539932964212,1.27930465029569,1.53082940531597
Thuringia,2021-09-12,,estimate,1.17263179969446,1.21266901784548,0.15785400930498,1.03818254265222,1.10632471728846,1.14782079792098,1.20664557102998,1.27895015747793,1.52529814120785
Thuringia,2021-09-13,,estimate,1.17381206689321,1.21168617105421,0.15408928321957,1.03627570464514,1.1076399117182,1.14753449839445,1.21031257219217,1.27559997487942,1.50736222411301
Thuringia,2021-09-14,,estimate,1.17588970914912,1.20931160281655,0.149280387792875,1.03638936882783,1.10811487059613,1.14851850351917,1.2112761045467,1.27260698401927,1.48985186298172
Thuringia,2021-09-15,,estimate,1.17450659311999,1.20562335022607,0.143802547285876,1.03510881947257,1.10898885266345,1.14822983692428,1.20860404384791,1.26910992588739,1.4812534564178
Thuringia,2021-09-16,,estimate,1.17378734985679,1.20072443480755,0.138044356542953,1.03211974591787,1.10804104747503,1.14652908136485,1.2053109152956,1.26211468044115,1.46632970005061
Thuringia,2021-09-17,,estimate,1.17057767012593,1.19474017003166,0.132400037824357,1.02987496631667,1.10554559374141,1.14407672492064,1.19955837766607,1.25715500104458,1.45111334639163
Thuringia,2021-09-18,,estimate,1.16651570498241,1.18781493333236,0.127275470762178,1.02116744913961,1.10319856533258,1.14145817790719,1.19563021859663,1.24727425227736,1.43473780235496
Thuringia,2021-09-19,,estimate,1.16252560038492,1.18010752341094,0.123088730482911,1.0134491246556,1.0998641919555,1.13624406817262,1.19161961387854,1.24188638556497,1.40347434059543
Thuringia,2021-09-20,,estimate,1.15950405144144,1.17178490854763,0.120244293238539,1.00011072826389,1.09279619360554,1.13083973734205,1.18613465036569,1.23438333564403,1.38468845496726
Thuringia,2021-09-21,,estimate,1.1540843647991,1.16301496133964,0.119076126201493,0.986826153300421,1.08614215970543,1.12659557919634,1.18131432094008,1.22652770573947,1.37409851486317
Thuringia,2021-09-22,,estimate,1.14711084226731,1.15395923662555,0.11978080848726,0.971909911997775,1.08077269240099,1.12213126955387,1.17487195898145,1.21863720328857,1.36388294009518
Thuringia,2021-09-23,,estimate,1.14241511308079,1.14476685115661,0.122376348931266,0.956358965692705,1.07254826419408,1.11454536477508,1.16793088946266,1.21362560204442,1.35252696934336
Thuringia,2021-09-24,,estimate,1.13514709359504,1.13557021799976,0.126710397572769,0.930972279593827,1.06632872012436,1.10913724370716,1.16185134849172,1.20946710577283,1.34195862049752
Thuringia,2021-09-25,,estimate,1.12811114711327,1.12648299404295,0.132512519717483,0.905380100024552,1.05843036699139,1.10300621997323,1.15586298692538,1.20392691689053,1.33795945073608
Thuringia,2021-09-26,,estimate,1.12192711008354,1.11760022644077,0.139464177300998,0.875039980352293,1.04657575934752,1.09414789374422,1.15218564699553,1.20031331757311,1.3308132686958
Thuringia,2021-09-27,,estimate,1.11528095517923,1.10900035698974,0.147259671908673,0.847347099852511,1.03732746220605,1.08957796718736,1.14717581074014,1.19462066047335,1.3275945418558
Thuringia,2021-09-28,,estimate,1.10990879028709,1.1007484931918,0.15564387682185,0.822972007142825,1.02861185666129,1.08216895805738,1.14133392369658,1.19305888032579,1.32972434224256
Thuringia,2021-09-29,,estimate,1.10620265734686,1.09290021874527,0.164425868401639,0.789561924949195,1.01990180523017,1.07627208908015,1.13700123161261,1.18738511387904,1.33302039061668
Thuringia,2021-09-30,,estimate based on partial data,1.10217201558235,1.0855051880582,0.173475539448467,0.754936653206571,1.00724401386941,1.0722119942421,1.13131293197871,1.18614727332491,1.33699737109974
Thuringia,2021-10-01,,estimate based on partial data,1.09729637107502,1.07860981289738,0.182712390082371,0.728129399762091,0.997593945970215,1.06599151589616,1.1271228748545,1.18343682802965,1.33985035026735
Thuringia,2021-10-02,,estimate based on partial data,1.09329991680095,1.0722585402805,0.192093792581412,0.700581760130195,0.986407909384236,1.06228898623866,1.12430454741367,1.18386888434775,1.34910937463935
Thuringia,2021-10-03,,estimate based on partial data,1.0893520482253,1.06649357332398,0.201606412074193,0.675573392091878,0.975775245472684,1.05643064947443,1.12209965382983,1.18326647023723,1.35965954618728
Thuringia,2021-10-04,,estimate based on partial data,1.08576537441056,1.06135332096976,0.211260987969972,0.656835951115783,0.968237088874555,1.05055649232364,1.12011563851842,1.18268428329718,1.37194019236659
Thuringia,2021-10-05,,estimate based on partial data,1.08370603163597,1.05687019357917,0.221088597398971,0.633619047612647,0.958286891880224,1.04570410897722,1.11797585252247,1.18286539517662,1.38560125291962
Thuringia,2021-10-06,,estimate based on partial data,1.08104633495381,1.05306844496219,0.231136402110736,0.609509565023613,0.948934449196405,1.03984173882982,1.11604737285515,1.18359382980056,1.39724824862165
Thuringia,2021-10-07,,estimate based on partial data,1.07917622455167,1.04996260873726,0.241462504701634,0.58624501346654,0.940113425355954,1.03558788966331,1.11399068203044,1.18296023537785,1.41720673696599
Thuringia,2021-10-08,,estimate based on partial data,1.07778401260828,1.04755682685581,0.252132004784584,0.568670645128459,0.935093594508774,1.03254564620586,1.11389327217158,1.18322601975227,1.43032077364014
Thuringia,2021-10-09,,estimate based on partial data,1.07456145108628,1.04584516647923,0.263218314134349,0.547740330591079,0.929190559835602,1.02885693417541,1.11272225532313,1.18428490164991,1.43355111241954
Thuringia,2021-10-10,,estimate based on partial data,1.07407638428868,1.04481292013213,0.274813921020615,0.518106548217967,0.920829275407658,1.0269849667317,1.11305567585129,1.18849866289677,1.44971828549227
Thuringia,2021-10-11,,estimate based on partial data,1.07177711423274,1.04443882338605,0.287052483162784,0.498231651592586,0.912661260662171,1.02489533808868,1.11147041922246,1.19256431732155,1.47751777518017
Thuringia,2021-10-12,,estimate based on partial data,1.07240468683417,1.04469800138584,0.300140198759892,0.481978389411384,0.904647895629034,1.02282929659679,1.11146607661604,1.19412263691702,1.49188606763466
Thuringia,2021-10-13,,estimate based on partial data,1.07271762494541,1.04556524022942,0.314391004490608,0.46782080037119,0.897131547495346,1.01893394055228,1.11162028131184,1.19726731115665,1.5170825918434
Thuringia,2021-10-14,,estimate based on partial data,1.0713596505532,1.0470179851754,0.33025950914719,0.454165156707084,0.894712145039062,1.01585164675256,1.11245973724319,1.20201152974775,1.53466756887911
Thuringia,2021-10-15,,estimate based on partial data,1.0711964825291,1.04903848236256,0.348368138521731,0.445047464599386,0.887970309314832,1.01520204056261,1.11276910865997,1.20434330885265,1.54693419618469
Thuringia,2021-10-16,,estimate based on partial data,1.07131335692448,1.05161478503987,0.369528467062458,0.435787841693926,0.88321154507902,1.01458955636529,1.1148310339854,1.20385559835572,1.5731791747628
Thuringia,2021-10-17,,estimate based on partial data,1.07144400385267,1.05474080166327,0.394757727216687,0.423998782969509,0.876384123308572,1.01330233237724,1.11622291880166,1.20409184996404,1.58962129741532
Thuringia,2021-10-18,,forecast,1.07144400385267,1.05474080166327,0.394757727216687,0.423998782969509,0.876384123308572,1.01330233237724,1.11622291880166,1.20409184996404,1.58962129741532
Thuringia,2021-10-19,,forecast,1.07144400385267,1.05474080166327,0.394757727216687,0.423998782969509,0.876384123308572,1.01330233237724,1.11622291880166,1.20409184996404,1.58962129741532
Thuringia,2021-10-20,,forecast,1.07144400385267,1.05474080166327,0.394757727216687,0.423998782969509,0.876384123308572,1.01330233237724,1.11622291880166,1.20409184996404,1.58962129741532
Thuringia,2021-10-21,,forecast,1.07144400385267,1.05474080166327,0.394757727216687,0.423998782969509,0.876384123308572,1.01330233237724,1.11622291880166,1.20409184996404,1.58962129741532
Thuringia,2021-10-22,,forecast,1.07144400385267,1.05474080166327,0.394757727216687,0.423998782969509,0.876384123308572,1.01330233237724,1.11622291880166,1.20409184996404,1.58962129741532
Thuringia,2021-10-23,,forecast,1.07144400385267,1.05474080166327,0.394757727216687,0.423998782969509,0.876384123308572,1.01330233237724,1.11622291880166,1.20409184996404,1.58962129741532
Thuringia,2021-10-24,,forecast,1.07144400385267,1.05474080166327,0.394757727216687,0.423998782969509,0.876384123308572,1.01330233237724,1.11622291880166,1.20409184996404,1.58962129741532
Thuringia,2021-10-25,,forecast,1.07144400385267,1.05474080166327,0.394757727216687,0.423998782969509,0.876384123308572,1.01330233237724,1.11622291880166,1.20409184996404,1.58962129741532
Thuringia,2021-10-26,,forecast,1.07144400385267,1.05474080166327,0.394757727216687,0.423998782969509,0.876384123308572,1.01330233237724,1.11622291880166,1.20409184996404,1.58962129741532
Thuringia,2021-10-27,,forecast,1.07144400385267,1.05474080166327,0.394757727216687,0.423998782969509,0.876384123308572,1.01330233237724,1.11622291880166,1.20409184996404,1.58962129741532
Thuringia,2021-10-28,,forecast,1.07144400385267,1.05474080166327,0.394757727216687,0.423998782969509,0.876384123308572,1.01330233237724,1.11622291880166,1.20409184996404,1.58962129741532
Thuringia,2021-10-29,,forecast,1.07144400385267,1.05474080166327,0.394757727216687,0.423998782969509,0.876384123308572,1.01330233237724,1.11622291880166,1.20409184996404,1.58962129741532
Thuringia,2021-10-30,,forecast,1.07144400385267,1.05474080166327,0.394757727216687,0.423998782969509,0.876384123308572,1.01330233237724,1.11622291880166,1.20409184996404,1.58962129741532
Thuringia,2021-10-31,,forecast,1.07144400385267,1.05474080166327,0.394757727216687,0.423998782969509,0.876384123308572,1.01330233237724,1.11622291880166,1.20409184996404,1.58962129741532
Thuringia,2021-11-01,,forecast,1.07144400385267,1.05474080166327,0.394757727216687,0.423998782969509,0.876384123308572,1.01330233237724,1.11622291880166,1.20409184996404,1.58962129741532
Thuringia,2021-11-02,,forecast,1.07144400385267,1.05474080166327,0.394757727216687,0.423998782969509,0.876384123308572,1.01330233237724,1.11622291880166,1.20409184996404,1.58962129741532
Thuringia,2021-11-03,,forecast,1.07144400385267,1.05474080166327,0.394757727216687,0.423998782969509,0.876384123308572,1.01330233237724,1.11622291880166,1.20409184996404,1.58962129741532
Thuringia,2021-11-04,,forecast,1.07144400385267,1.05474080166327,0.394757727216687,0.423998782969509,0.876384123308572,1.01330233237724,1.11622291880166,1.20409184996404,1.58962129741532
Thuringia,2021-11-05,,forecast,1.07144400385267,1.05474080166327,0.394757727216687,0.423998782969509,0.876384123308572,1.01330233237724,1.11622291880166,1.20409184996404,1.58962129741532
Thuringia,2021-11-06,,forecast,1.07144400385267,1.05474080166327,0.394757727216687,0.423998782969509,0.876384123308572,1.01330233237724,1.11622291880166,1.20409184996404,1.58962129741532
Thuringia,2021-11-07,,forecast,1.07144400385267,1.05474080166327,0.394757727216687,0.423998782969509,0.876384123308572,1.01330233237724,1.11622291880166,1.20409184996404,1.58962129741532
Thuringia,2021-11-08,,forecast,1.07144400385267,1.05474080166327,0.394757727216687,0.423998782969509,0.876384123308572,1.01330233237724,1.11622291880166,1.20409184996404,1.58962129741532
Thuringia,2021-11-09,,forecast,1.07144400385267,1.05474080166327,0.394757727216687,0.423998782969509,0.876384123308572,1.01330233237724,1.11622291880166,1.20409184996404,1.58962129741532
Thuringia,2021-11-10,,forecast,1.07144400385267,1.05474080166327,0.394757727216687,0.423998782969509,0.876384123308572,1.01330233237724,1.11622291880166,1.20409184996404,1.58962129741532
Thuringia,2021-11-11,,forecast,1.07144400385267,1.05474080166327,0.394757727216687,0.423998782969509,0.876384123308572,1.01330233237724,1.11622291880166,1.20409184996404,1.58962129741532
Thuringia,2021-11-12,,forecast,1.07144400385267,1.05474080166327,0.394757727216687,0.423998782969509,0.876384123308572,1.01330233237724,1.11622291880166,1.20409184996404,1.58962129741532
Thuringia,2021-11-13,,forecast,1.07144400385267,1.05474080166327,0.394757727216687,0.423998782969509,0.876384123308572,1.01330233237724,1.11622291880166,1.20409184996404,1.58962129741532
Thuringia,2021-11-14,,forecast,1.07144400385267,1.05474080166327,0.394757727216687,0.423998782969509,0.876384123308572,1.01330233237724,1.11622291880166,1.20409184996404,1.58962129741532
Thuringia,2021-11-15,,forecast,1.07144400385267,1.05474080166327,0.394757727216687,0.423998782969509,0.876384123308572,1.01330233237724,1.11622291880166,1.20409184996404,1.58962129741532
Thuringia,2021-11-16,,forecast,1.07144400385267,1.05474080166327,0.394757727216687,0.423998782969509,0.876384123308572,1.01330233237724,1.11622291880166,1.20409184996404,1.58962129741532
Thuringia,2021-11-17,,forecast,1.07144400385267,1.05474080166327,0.394757727216687,0.423998782969509,0.876384123308572,1.01330233237724,1.11622291880166,1.20409184996404,1.58962129741532
Warmińsko-Mazurskie,2021-08-01,,estimate,1.08141007958007,1.07565213030881,0.145945785434766,0.832088736782858,0.980824833802321,1.04541762483929,1.1098086304812,1.16520480653556,1.31429497214651
Warmińsko-Mazurskie,2021-08-02,,estimate,1.07806770460564,1.0703513408416,0.146686146774442,0.785124903325087,0.982021432514453,1.04630664903989,1.10740289999603,1.16306667409793,1.30548303954458
Warmińsko-Mazurskie,2021-08-03,,estimate,1.07566571160808,1.06597504946164,0.148178273813153,0.755346004471499,0.983490186133939,1.04656410740283,1.10378362909197,1.15568146513133,1.29753542337028
Warmińsko-Mazurskie,2021-08-04,,estimate,1.07422134162492,1.06246857462304,0.14966805723572,0.739173661837112,0.982460862289687,1.04338361909408,1.10325058967569,1.15271237212443,1.29200955578877
Warmińsko-Mazurskie,2021-08-05,,estimate,1.07296862344258,1.05979086564117,0.150570924925904,0.734582695220577,0.983152064924656,1.04262786319689,1.10039421913344,1.15085316710823,1.2853647970462
Warmińsko-Mazurskie,2021-08-06,,estimate,1.07221050576724,1.05791442620797,0.150460953915729,0.740640171094262,0.98139364611993,1.03980086373069,1.10110669561625,1.15046091079113,1.27880733077459
Warmińsko-Mazurskie,2021-08-07,,estimate,1.06891812012625,1.05682268037595,0.149081155082106,0.744825201934666,0.97913275608654,1.0381957875399,1.09971873862122,1.14980012460221,1.27195862900296
Warmińsko-Mazurskie,2021-08-08,,estimate,1.06763537200849,1.05650404483056,0.146364684678165,0.772061058488668,0.977102186800653,1.03790611007312,1.09957901721606,1.14722589280488,1.2707710197592
Warmińsko-Mazurskie,2021-08-09,,estimate,1.06703146364193,1.05694203561109,0.142464545818144,0.808002039333376,0.974653651718198,1.03483551237584,1.09752096137372,1.14436120209109,1.2644924556292
Warmińsko-Mazurskie,2021-08-10,,estimate,1.06567992624738,1.05810112337927,0.137786784749631,0.834262734223739,0.974956699426118,1.03330630960205,1.09450065667512,1.14325915258658,1.26485023650902
Warmińsko-Mazurskie,2021-08-11,,estimate,1.06585081321724,1.05990884422036,0.133001655401845,0.866160854342393,0.973776647732064,1.03307017588881,1.09316998733321,1.14069508105314,1.26069705125644
Warmińsko-Mazurskie,2021-08-12,,estimate,1.06458026087271,1.06223623127292,0.128972115163124,0.864829385674322,0.990850868801113,1.0343434401775,1.09175632903325,1.13888464471706,1.25375973012783
Warmińsko-Mazurskie,2021-08-13,,estimate,1.07128466463711,1.064881171757,0.126522435800332,0.862167967454067,0.998781521290423,1.04302924764904,1.09474184114953,1.13799733039777,1.25310515059133
Warmińsko-Mazurskie,2021-08-14,,estimate,1.07589081102212,1.067562249812,0.126049801966886,0.859096556632438,0.99877070440435,1.04905967183963,1.10037370863347,1.14509703774989,1.25206113057625
Warmińsko-Mazurskie,2021-08-15,,estimate,1.07772872210447,1.06993220074003,0.127181741262403,0.855825502307874,0.999123044344213,1.04778459196744,1.10316626177476,1.151824134068,1.25444563224256
Warmińsko-Mazurskie,2021-08-16,,estimate,1.07608762646903,1.0716176119101,0.128785415536189,0.858949736922551,0.998651190944612,1.04639789290398,1.10120446635418,1.1491241358518,1.27581596044544
Warmińsko-Mazurskie,2021-08-17,,estimate,1.07527278402656,1.07228321187779,0.12940761591672,0.855728753630391,0.998035917722148,1.04492248931648,1.1009177608288,1.14822680814832,1.29226778474902
Warmińsko-Mazurskie,2021-08-18,,estimate,1.07479776476522,1.07170673498811,0.127902685614111,0.852029755249332,0.997749539069894,1.04522148707512,1.10020120181056,1.14598045345349,1.29463133267166
Warmińsko-Mazurskie,2021-08-19,,estimate,1.07396925374674,1.06984021765983,0.123945052419174,0.853181019754609,0.997522972540281,1.04582856697994,1.09848972068483,1.14114715435937,1.27992322116136
Warmińsko-Mazurskie,2021-08-20,,estimate,1.0708342632241,1.06683349038313,0.118247990786832,0.858031658657289,0.998019973836229,1.04332544539907,1.09605604263071,1.13959052805028,1.26232892360576
Warmińsko-Mazurskie,2021-08-21,,estimate,1.07086796273596,1.06300860910762,0.112407165057775,0.860151034467285,0.995479636113211,1.04294326655628,1.09513498260549,1.13612226971273,1.24316903095733
Warmińsko-Mazurskie,2021-08-22,,estimate,1.06854505491474,1.05879407542944,0.108333529797341,0.854880989935485,0.993724694280147,1.04197651590687,1.09293870564147,1.13187478955045,1.21888678585666
Warmińsko-Mazurskie,2021-08-23,,estimate,1.06560870359781,1.054643232859,0.107394268144657,0.854819596546665,0.995213208408044,1.04014964540329,1.08852746832912,1.12613934397189,1.21054955938364
Warmińsko-Mazurskie,2021-08-24,,estimate,1.05995653118851,1.05096362185845,0.10975091391363,0.850033303678164,0.991246028108708,1.03504256630925,1.0854836280944,1.12526951869697,1.21074149318939
Warmińsko-Mazurskie,2021-08-25,,estimate,1.06150139322291,1.04807408717104,0.114449940836276,0.840959942702778,0.988052917874563,1.03135800814594,1.08815322713722,1.12555422585577,1.21066217077034
Warmińsko-Mazurskie,2021-08-26,,estimate,1.0644928878449,1.04619209959025,0.120100647150646,0.826676883054554,0.987975851694526,1.03494575518878,1.08873048044566,1.12569372170623,1.20915562637364
Warmińsko-Mazurskie,2021-08-27,,estimate,1.06572129852981,1.04544324260723,0.125475396835254,0.809511138800713,0.989672146776383,1.03644453096775,1.08976485215174,1.12668729939404,1.21106102349168
Warmińsko-Mazurskie,2021-08-28,,estimate,1.06686662146134,1.04588131998177,0.129738434504992,0.785954476066276,0.994982072674084,1.04163096774502,1.09293413629284,1.12857470082434,1.21169537350736
Warmińsko-Mazurskie,2021-08-29,,estimate,1.06973351254951,1.047509465593,0.132427057520893,0.774413198550814,0.999104264879187,1.04378140751025,1.09478894672168,1.13003577726095,1.21085270450502
Warmińsko-Mazurskie,2021-08-30,,estimate,1.07377595513085,1.05029668660519,0.13335737910553,0.767424785329615,1.00434864719704,1.04858715030922,1.09611568940536,1.13150090180899,1.21084597537515
Warmińsko-Mazurskie,2021-08-31,,estimate,1.07676513024414,1.05418799685913,0.13253880377969,0.771114688962876,1.00995579055974,1.05345923523006,1.09893386082065,1.13367031723981,1.2131326173106
Warmińsko-Mazurskie,2021-09-01,,estimate,1.07994823001571,1.05910879531974,0.130118213133249,0.779526878947615,1.01441298284426,1.05604366523124,1.10293537999721,1.1375539869539,1.21664929185326
Warmińsko-Mazurskie,2021-09-02,,estimate,1.08358365909906,1.06496554544826,0.126348514206161,0.795765349732837,1.01819891393241,1.06127539287665,1.1068440383675,1.14068087975975,1.22477975562537
Warmińsko-Mazurskie,2021-09-03,,estimate,1.08758469189742,1.07164553257508,0.121567931308658,0.824365873951626,1.02323356182065,1.06682168526884,1.11032408734292,1.14478985332264,1.22929039132742
Warmińsko-Mazurskie,2021-09-04,,estimate,1.0920129968997,1.07901870702902,0.116177233253025,0.846387938234838,1.03090743208925,1.07156401753002,1.11436976046002,1.14974672385648,1.2349817013144
Warmińsko-Mazurskie,2021-09-05,,estimate,1.09605761817129,1.08694415524501,0.110611104808041,0.877809466358779,1.03507442388182,1.07663904248891,1.11707038599714,1.15262527126235,1.24186040494659
Warmińsko-Mazurskie,2021-09-06,,estimate,1.10226123741656,1.09528220043581,0.105313883547187,0.911451545676937,1.04057173040497,1.08144199853934,1.12204537495375,1.15845931795131,1.24859996862707
Warmińsko-Mazurskie,2021-09-07,,estimate,1.10733114272159,1.10391052952667,0.100735387764147,0.937630359451475,1.04751103572371,1.08719257984537,1.12749893371819,1.16201927321873,1.25652545603372
Warmińsko-Mazurskie,2021-09-08,,estimate,1.11196748510115,1.11273998699139,0.0973445756425983,0.966776196303193,1.05671280497866,1.09148368699201,1.13200009379323,1.16664966525628,1.2614965758353
Warmińsko-Mazurskie,2021-09-09,,estimate,1.11864957318441,1.12172436907913,0.0956274613112166,0.982611848890629,1.06857886293633,1.09839639621641,1.13776758478129,1.17101023706858,1.27539588001313
Warmińsko-Mazurskie,2021-09-10,,estimate,1.12904908938056,1.13085981888747,0.096032336338911,0.989566492509226,1.07664396606695,1.1089709961224,1.14646026456378,1.17790384709434,1.28287438993627
Warmińsko-Mazurskie,2021-09-11,,estimate,1.13695223280228,1.14017275285266,0.0988724186715757,0.998881408659621,1.08267228154018,1.1172164639675,1.15693026731282,1.18929007623881,1.30242821413914
Warmińsko-Mazurskie,2021-09-12,,estimate,1.14252287160888,1.14969872221551,0.104244763809502,1.00562071522681,1.08638191934869,1.12187669827831,1.16439329025416,1.20102923204105,1.32889242964438
Warmińsko-Mazurskie,2021-09-13,,estimate,1.14965476103712,1.15945652363856,0.112004888507004,1.00745157308447,1.09195230338513,1.12734868445785,1.1695529837358,1.20990723528782,1.35703912090095
Warmińsko-Mazurskie,2021-09-14,,estimate,1.15431519916386,1.1694220699862,0.121773495338345,1.01362302807013,1.09706881147149,1.13198286928178,1.17604416998193,1.2191278812093,1.38618945779001
Warmińsko-Mazurskie,2021-09-15,,estimate,1.15963557949217,1.17950613582954,0.132936588613358,1.01674140360482,1.09936545544253,1.13601202265006,1.18229137486003,1.23045552304633,1.41203468900495
Warmińsko-Mazurskie,2021-09-16,,estimate,1.16584353336558,1.18954011817262,0.144646657857089,1.02359254637707,1.10343289217194,1.14128032710239,1.18733795199052,1.24124446350434,1.44498872053362
Warmińsko-Mazurskie,2021-09-17,,estimate,1.17023254633557,1.19927427002654,0.155870307086203,1.03003340329284,1.11061545394952,1.14528520576284,1.19262572552195,1.25077326669961,1.48349501997031
Warmińsko-Mazurskie,2021-09-18,,estimate,1.17633677379573,1.20839228517127,0.16551116278015,1.03334664870865,1.11496746363254,1.15110303157867,1.19857720940776,1.26059101367383,1.51889487876885
Warmińsko-Mazurskie,2021-09-19,,estimate,1.1807344992361,1.21654346824463,0.172587590585405,1.03298485254317,1.11881633835509,1.15687356720638,1.20721777481735,1.26754158868761,1.55219188917534
Warmińsko-Mazurskie,2021-09-20,,estimate,1.18668769374567,1.22338908275552,0.176416951983104,1.03156369392273,1.1219794413752,1.16128403521137,1.21267235449388,1.27554234730982,1.55936285037634
Warmińsko-Mazurskie,2021-09-21,,estimate,1.19100994557114,1.22865440118099,0.176775303773579,1.0349479517506,1.12519706338393,1.16610029607103,1.22031830786203,1.28333091191954,1.56803524440166
Warmińsko-Mazurskie,2021-09-22,,estimate,1.19514803464487,1.23217466205529,0.174022126575557,1.03618902262791,1.1273430295841,1.16988640464093,1.22949424066589,1.29457632221137,1.55690410441316
Warmińsko-Mazurskie,2021-09-23,,estimate,1.19922338483112,1.2339233150775,0.169155731472123,1.03493632189452,1.12790842667037,1.17322766307685,1.23539432561374,1.30018099724644,1.52212939083456
Warmińsko-Mazurskie,2021-09-24,,estimate,1.2061089643794,1.23401530995706,0.163722340150715,1.03241397044307,1.12961512987864,1.17623833426129,1.23886015703594,1.30593179795923,1.52356756913396
Warmińsko-Mazurskie,2021-09-25,,estimate,1.20899344427259,1.23268566806938,0.159513545945637,1.02753171400829,1.13055542901461,1.17842256327684,1.24005368788395,1.30612904605955,1.51789675384923
Warmińsko-Mazurskie,2021-09-26,,estimate,1.20622992632724,1.23025094341814,0.158090184718602,1.02463007657297,1.12821694316348,1.17530671840549,1.24120336570256,1.30747944803382,1.51476604580901
Warmińsko-Mazurskie,2021-09-27,,estimate,1.20319047806556,1.22706479103232,0.160329027493061,1.02205367303548,1.12271613773747,1.17136123081593,1.23875926989079,1.31288954168518,1.50634057011662
Warmińsko-Mazurskie,2021-09-28,,estimate,1.19763663785107,1.22347756047684,0.166254085688753,1.00011009843351,1.11461509278738,1.16649632945139,1.23866585465752,1.31592740892248,1.51860676762971
Warmińsko-Mazurskie,2021-09-29,,estimate,1.19751819090652,1.21980568355508,0.175231462779869,0.961859137235916,1.1094060919794,1.16517735259778,1.2350200911173,1.3183632368594,1.52746931368045
Warmińsko-Mazurskie,2021-09-30,,estimate,1.19566045502628,1.21631260514022,0.186334740802262,0.919270476279635,1.10442239927804,1.15896099232659,1.23501351499902,1.3240537155963,1.54142257423096
Warmińsko-Mazurskie,2021-10-01,,estimate based on partial data,1.1936194180882,1.21320055062508,0.198646732220059,0.881872328135217,1.09609674421465,1.15637139148079,1.23724137845851,1.32941904529966,1.54444157410324
Warmińsko-Mazurskie,2021-10-02,,estimate based on partial data,1.19338930054444,1.21061124610362,0.21141740968804,0.841151850605663,1.09422545222647,1.15620516459251,1.23986155704807,1.33326637205559,1.57037590039756
Warmińsko-Mazurskie,2021-10-03,,estimate based on partial data,1.19020291994567,1.20863312578986,0.224111859246081,0.806563492444296,1.09189085229823,1.15360426606019,1.23946878282646,1.33500001380676,1.59414233337302
Warmińsko-Mazurskie,2021-10-04,,estimate based on partial data,1.18670975787213,1.20731238246089,0.236398375976656,0.772336119373681,1.08713489403693,1.14977340076133,1.24014659863933,1.337144339141,1.61147004567037
Warmińsko-Mazurskie,2021-10-05,,estimate based on partial data,1.18737736600289,1.20666556762246,0.248108640980258,0.758199963421855,1.08269051317939,1.14828393674966,1.23947875551156,1.3385340233707,1.63767104851593
Warmińsko-Mazurskie,2021-10-06,,estimate based on partial data,1.18612427797004,1.20669225480365,0.259188705462683,0.747123028430716,1.07940756083968,1.14761866213933,1.23839217748126,1.33932534604845,1.65982037692322
Warmińsko-Mazurskie,2021-10-07,,estimate based on partial data,1.18631531778414,1.20738712928114,0.269653748055602,0.732856117744793,1.0730196771097,1.1465431038881,1.23926190612256,1.3437821383567,1.67631944471746
Warmińsko-Mazurskie,2021-10-08,,estimate based on partial data,1.18591695206909,1.20875134850135,0.279554820073192,0.719905969429536,1.06899254674285,1.14593562513773,1.2360078845787,1.34419546389748,1.69550934951921
Warmińsko-Mazurskie,2021-10-09,,estimate based on partial data,1.18351640458954,1.21080312147893,0.288959970905411,0.734754913410345,1.06479520473564,1.14190443792235,1.23778676148828,1.34657555806849,1.72433502538005
Warmińsko-Mazurskie,2021-10-10,,estimate based on partial data,1.18253254879535,1.21358756986422,0.297948476512518,0.749811751888938,1.06121127382271,1.13940607611853,1.23845385693255,1.35357380255786,1.7321464306587
Warmińsko-Mazurskie,2021-10-11,,estimate based on partial data,1.18056306610726,1.21718637206295,0.306619226099369,0.746481933237274,1.05654103980059,1.13586199659473,1.2364521517681,1.3560504974696,1.76299108053744
Warmińsko-Mazurskie,2021-10-12,,estimate based on partial data,1.17662554232049,1.22172826461395,0.315122300246781,0.75843858555641,1.05799221477123,1.13247118903467,1.23354715566005,1.36195252815651,1.78359738961163
Warmińsko-Mazurskie,2021-10-13,,estimate based on partial data,1.17487131096487,1.22740158265765,0.323732205548706,0.779391959561619,1.05892364207047,1.13536883645348,1.2325595551736,1.36701252504396,1.80007399576129
Warmińsko-Mazurskie,2021-10-14,,estimate based on partial data,1.18125692771412,1.23446914297546,0.332987887147757,0.777923870900852,1.06347335980574,1.13739829817482,1.23763396858628,1.37278944760181,1.81070852024234
Warmińsko-Mazurskie,2021-10-15,,estimate based on partial data,1.1865824177034,1.24328379441614,0.343924027333475,0.798311325689994,1.06204287039685,1.14240617448474,1.24711813346522,1.38419987140624,1.82858042913922
Warmińsko-Mazurskie,2021-10-16,,estimate based on partial data,1.18630942509681,1.25430005735594,0.35839759585276,0.820611511777168,1.06345936833922,1.14145310559386,1.25654042143786,1.40092864663456,1.83887392350683
Warmińsko-Mazurskie,2021-10-17,,estimate based on partial data,1.19222376489456,1.26807359963561,0.379443028890759,0.806862033594291,1.06640996477399,1.14419125133716,1.25759074886111,1.41261052661389,1.93531365190756
Warmińsko-Mazurskie,2021-10-18,,estimate based on partial data,1.19856543721662,1.28523599072091,0.411440828415283,0.79724756298793,1.0653234234009,1.14913855571104,1.27191412754734,1.42722592325537,2.01623045463909
Warmińsko-Mazurskie,2021-10-19,,forecast,1.19856543721662,1.28523599072091,0.411440828415283,0.79724756298793,1.0653234234009,1.14913855571104,1.27191412754734,1.42722592325537,2.01623045463909
Warmińsko-Mazurskie,2021-10-20,,forecast,1.19856543721662,1.28523599072091,0.411440828415283,0.79724756298793,1.0653234234009,1.14913855571104,1.27191412754734,1.42722592325537,2.01623045463909
Warmińsko-Mazurskie,2021-10-21,,forecast,1.19856543721662,1.28523599072091,0.411440828415283,0.79724756298793,1.0653234234009,1.14913855571104,1.27191412754734,1.42722592325537,2.01623045463909
Warmińsko-Mazurskie,2021-10-22,,forecast,1.19856543721662,1.28523599072091,0.411440828415283,0.79724756298793,1.0653234234009,1.14913855571104,1.27191412754734,1.42722592325537,2.01623045463909
Warmińsko-Mazurskie,2021-10-23,,forecast,1.19856543721662,1.28523599072091,0.411440828415283,0.79724756298793,1.0653234234009,1.14913855571104,1.27191412754734,1.42722592325537,2.01623045463909
Warmińsko-Mazurskie,2021-10-24,,forecast,1.19856543721662,1.28523599072091,0.411440828415283,0.79724756298793,1.0653234234009,1.14913855571104,1.27191412754734,1.42722592325537,2.01623045463909
Warmińsko-Mazurskie,2021-10-25,,forecast,1.19856543721662,1.28523599072091,0.411440828415283,0.79724756298793,1.0653234234009,1.14913855571104,1.27191412754734,1.42722592325537,2.01623045463909
Warmińsko-Mazurskie,2021-10-26,,forecast,1.19856543721662,1.28523599072091,0.411440828415283,0.79724756298793,1.0653234234009,1.14913855571104,1.27191412754734,1.42722592325537,2.01623045463909
Warmińsko-Mazurskie,2021-10-27,,forecast,1.19856543721662,1.28523599072091,0.411440828415283,0.79724756298793,1.0653234234009,1.14913855571104,1.27191412754734,1.42722592325537,2.01623045463909
Warmińsko-Mazurskie,2021-10-28,,forecast,1.19856543721662,1.28523599072091,0.411440828415283,0.79724756298793,1.0653234234009,1.14913855571104,1.27191412754734,1.42722592325537,2.01623045463909
Warmińsko-Mazurskie,2021-10-29,,forecast,1.19856543721662,1.28523599072091,0.411440828415283,0.79724756298793,1.0653234234009,1.14913855571104,1.27191412754734,1.42722592325537,2.01623045463909
Warmińsko-Mazurskie,2021-10-30,,forecast,1.19856543721662,1.28523599072091,0.411440828415283,0.79724756298793,1.0653234234009,1.14913855571104,1.27191412754734,1.42722592325537,2.01623045463909
Warmińsko-Mazurskie,2021-10-31,,forecast,1.19856543721662,1.28523599072091,0.411440828415283,0.79724756298793,1.0653234234009,1.14913855571104,1.27191412754734,1.42722592325537,2.01623045463909
Warmińsko-Mazurskie,2021-11-01,,forecast,1.19856543721662,1.28523599072091,0.411440828415283,0.79724756298793,1.0653234234009,1.14913855571104,1.27191412754734,1.42722592325537,2.01623045463909
Warmińsko-Mazurskie,2021-11-02,,forecast,1.19856543721662,1.28523599072091,0.411440828415283,0.79724756298793,1.0653234234009,1.14913855571104,1.27191412754734,1.42722592325537,2.01623045463909
Warmińsko-Mazurskie,2021-11-03,,forecast,1.19856543721662,1.28523599072091,0.411440828415283,0.79724756298793,1.0653234234009,1.14913855571104,1.27191412754734,1.42722592325537,2.01623045463909
Warmińsko-Mazurskie,2021-11-04,,forecast,1.19856543721662,1.28523599072091,0.411440828415283,0.79724756298793,1.0653234234009,1.14913855571104,1.27191412754734,1.42722592325537,2.01623045463909
Warmińsko-Mazurskie,2021-11-05,,forecast,1.19856543721662,1.28523599072091,0.411440828415283,0.79724756298793,1.0653234234009,1.14913855571104,1.27191412754734,1.42722592325537,2.01623045463909
Warmińsko-Mazurskie,2021-11-06,,forecast,1.19856543721662,1.28523599072091,0.411440828415283,0.79724756298793,1.0653234234009,1.14913855571104,1.27191412754734,1.42722592325537,2.01623045463909
Warmińsko-Mazurskie,2021-11-07,,forecast,1.19856543721662,1.28523599072091,0.411440828415283,0.79724756298793,1.0653234234009,1.14913855571104,1.27191412754734,1.42722592325537,2.01623045463909
Warmińsko-Mazurskie,2021-11-08,,forecast,1.19856543721662,1.28523599072091,0.411440828415283,0.79724756298793,1.0653234234009,1.14913855571104,1.27191412754734,1.42722592325537,2.01623045463909
Warmińsko-Mazurskie,2021-11-09,,forecast,1.19856543721662,1.28523599072091,0.411440828415283,0.79724756298793,1.0653234234009,1.14913855571104,1.27191412754734,1.42722592325537,2.01623045463909
Warmińsko-Mazurskie,2021-11-10,,forecast,1.19856543721662,1.28523599072091,0.411440828415283,0.79724756298793,1.0653234234009,1.14913855571104,1.27191412754734,1.42722592325537,2.01623045463909
Warmińsko-Mazurskie,2021-11-11,,forecast,1.19856543721662,1.28523599072091,0.411440828415283,0.79724756298793,1.0653234234009,1.14913855571104,1.27191412754734,1.42722592325537,2.01623045463909
Warmińsko-Mazurskie,2021-11-12,,forecast,1.19856543721662,1.28523599072091,0.411440828415283,0.79724756298793,1.0653234234009,1.14913855571104,1.27191412754734,1.42722592325537,2.01623045463909
Warmińsko-Mazurskie,2021-11-13,,forecast,1.19856543721662,1.28523599072091,0.411440828415283,0.79724756298793,1.0653234234009,1.14913855571104,1.27191412754734,1.42722592325537,2.01623045463909
Warmińsko-Mazurskie,2021-11-14,,forecast,1.19856543721662,1.28523599072091,0.411440828415283,0.79724756298793,1.0653234234009,1.14913855571104,1.27191412754734,1.42722592325537,2.01623045463909
Warmińsko-Mazurskie,2021-11-15,,forecast,1.19856543721662,1.28523599072091,0.411440828415283,0.79724756298793,1.0653234234009,1.14913855571104,1.27191412754734,1.42722592325537,2.01623045463909
Warmińsko-Mazurskie,2021-11-16,,forecast,1.19856543721662,1.28523599072091,0.411440828415283,0.79724756298793,1.0653234234009,1.14913855571104,1.27191412754734,1.42722592325537,2.01623045463909
Warmińsko-Mazurskie,2021-11-17,,forecast,1.19856543721662,1.28523599072091,0.411440828415283,0.79724756298793,1.0653234234009,1.14913855571104,1.27191412754734,1.42722592325537,2.01623045463909
Wielkopolskie,2021-07-28,,estimate,1.03904900428981,1.03424851208927,0.127989036764005,0.821075295431529,0.94551093366595,1.00646980656245,1.07247187416392,1.12607320964834,1.2315220619777
Wielkopolskie,2021-07-29,,estimate,1.03618166386768,1.03217726750854,0.124870007617016,0.818041882025349,0.945440213168192,1.00304481244274,1.06993391840618,1.1249242337126,1.22405721051952
Wielkopolskie,2021-07-30,,estimate,1.03517402604356,1.03035513539049,0.122766270656282,0.823117218729845,0.945665086299886,1.00062302796982,1.07066433900974,1.12225608876701,1.21369768039665
Wielkopolskie,2021-07-31,,estimate,1.03663201740955,1.0288167756622,0.121469461359386,0.819807946123393,0.943475322656544,0.998028617291241,1.07189747000083,1.12119113912476,1.20898796261362
Wielkopolskie,2021-08-01,,estimate,1.03744973162619,1.0275960063902,0.120753277672027,0.819355227484098,0.942469114526727,0.999435605634922,1.07007411972658,1.1185802213181,1.20487759787152
Wielkopolskie,2021-08-02,,estimate,1.03774657573126,1.02672501989236,0.12039937170876,0.820120538110114,0.944364137210224,0.999449724968164,1.07000312714474,1.11700293698614,1.20112968780575
Wielkopolskie,2021-08-03,,estimate,1.03867690333217,1.02623328059992,0.120216147186259,0.816059213894675,0.947402006298654,0.999379112061176,1.06992203450758,1.11624079180055,1.1983410909382
Wielkopolskie,2021-08-04,,estimate,1.03810665941735,1.02614626210947,0.12005069256955,0.815882546000026,0.948163203075501,0.999184898645947,1.0710804842166,1.1154951883588,1.19604140824148
Wielkopolskie,2021-08-05,,estimate,1.03795909824978,1.02648415811003,0.119794327926168,0.817999635719429,0.950009547100237,1.00132479550277,1.07012758972517,1.11521906325555,1.19507070330054
Wielkopolskie,2021-08-06,,estimate,1.03902315424335,1.02726066075025,0.119381290354439,0.815714330271888,0.95198380387312,1.00404356428163,1.07181829117923,1.11554914309541,1.19248578203495
Wielkopolskie,2021-08-07,,estimate,1.04195164849164,1.02848194868508,0.118780488312833,0.819070515835232,0.955620918695635,1.00864892667875,1.07192920199999,1.11552456995799,1.19308083012082
Wielkopolskie,2021-08-08,,estimate,1.04555646305739,1.03014616617646,0.11798231608998,0.817813711190231,0.958510491493719,1.01070227180572,1.07470091354559,1.11574546363753,1.19381700494222
Wielkopolskie,2021-08-09,,estimate,1.04779626811383,1.03224378505353,0.116984476334782,0.821574534154451,0.963189338413225,1.01384922110811,1.07720665956543,1.11705427768604,1.19304611630261
Wielkopolskie,2021-08-10,,estimate,1.0516148129885,1.03475918014821,0.115781073047422,0.823950480949681,0.968516388503405,1.01659437523519,1.07752564037466,1.11757360594227,1.19225343769317
Wielkopolskie,2021-08-11,,estimate,1.05370201738229,1.03767346059624,0.114358029875194,0.828631461888442,0.972826650479362,1.0217170316531,1.08062138157209,1.11938950126322,1.19301178364984
Wielkopolskie,2021-08-12,,estimate,1.05459216903297,1.04096815740959,0.112696047038072,0.835447570485664,0.978295005637566,1.02758758259801,1.08213093451996,1.12167408160813,1.19236485197458
Wielkopolskie,2021-08-13,,estimate,1.05837351591495,1.04462894226292,0.110780051546208,0.841770902804363,0.982654684891984,1.03025885984339,1.08457210901735,1.12165681168181,1.19305682912557
Wielkopolskie,2021-08-14,,estimate,1.06244278421335,1.04864834572683,0.108611393011951,0.849400278110486,0.988953225715698,1.03428204067498,1.08710142679079,1.1239523613137,1.19577674592087
Wielkopolskie,2021-08-15,,estimate,1.06646548283501,1.05302660287223,0.106217119313298,0.861246726379351,0.996306476077276,1.03834978270725,1.08910603528649,1.1253275741136,1.19652266134207
Wielkopolskie,2021-08-16,,estimate,1.07013852927791,1.057770273893,0.103651612803813,0.870640690396892,1.00283226572869,1.04350562769797,1.09312374907176,1.12662606744269,1.19932219347223
Wielkopolskie,2021-08-17,,estimate,1.07503951269782,1.06288896368919,0.100990054499544,0.882582508061743,1.00984806581006,1.0490755339632,1.09691995078635,1.13027279810897,1.20035835406321
Wielkopolskie,2021-08-18,,estimate,1.07910220222028,1.06839099015084,0.0983179623363037,0.895048325788166,1.01695295540601,1.05544672544092,1.1007640408849,1.13315658421075,1.20129330652324
Wielkopolskie,2021-08-19,,estimate,1.08321712640615,1.07427900709314,0.0957228418739074,0.908322325980505,1.02371619484066,1.06261540287648,1.10488903055935,1.1369300129608,1.20466970296967
Wielkopolskie,2021-08-20,,estimate,1.08893982298506,1.08054637544515,0.0932916247378764,0.917731032023539,1.02889291973639,1.06879960160213,1.10965549065618,1.14041299346532,1.20885254319823
Wielkopolskie,2021-08-21,,estimate,1.09391070892426,1.08717467996998,0.0911132050805451,0.928578383250046,1.03770124824333,1.07496800103077,1.11499723237111,1.14526537359545,1.21709519479206
Wielkopolskie,2021-08-22,,estimate,1.09872781778307,1.09413242653021,0.0892821776346423,0.94170847974787,1.0459134379455,1.08054650357879,1.11940776997107,1.15014406134422,1.22547921888114
Wielkopolskie,2021-08-23,,estimate,1.10431029240935,1.10137475294006,0.0878992874558472,0.952474693568377,1.05428721433453,1.08701696897967,1.12321833426384,1.1544557545728,1.2371100119845
Wielkopolskie,2021-08-24,,estimate,1.11048276145179,1.10884395038802,0.0870656598739738,0.964552151892191,1.06207287286434,1.0921100770061,1.12889910755081,1.15850526532061,1.24608962591174
Wielkopolskie,2021-08-25,,estimate,1.11469280109602,1.11647064751444,0.0868707033162013,0.98105751380717,1.06963834707173,1.09766916321594,1.1323076481284,1.16290221162923,1.25217707373978
Wielkopolskie,2021-08-26,,estimate,1.12000050573346,1.12417556080663,0.087376757848996,0.990019831335459,1.07626805619259,1.10292126940603,1.13702194409478,1.16885864239913,1.26383383062306
Wielkopolskie,2021-08-27,,estimate,1.12500978339028,1.13187170632086,0.0886054874905934,1.00125943408569,1.083057007803,1.1093963674285,1.1427689978878,1.17400046012999,1.27244529185741
Wielkopolskie,2021-08-28,,estimate,1.13003454459108,1.13946691366921,0.0905300557939481,1.01283231326164,1.0876664122693,1.11391292952884,1.14817902454124,1.17928659947411,1.28964114960079
Wielkopolskie,2021-08-29,,estimate,1.13546772474896,1.14686645018851,0.0930737800653466,1.01923668974889,1.09280630586048,1.11914306146443,1.15362689333081,1.18625050034634,1.30873064492378
Wielkopolskie,2021-08-30,,estimate,1.14057057266308,1.1539756031996,0.0961133025218204,1.03162854633846,1.09856223380738,1.12406666463611,1.1579439084791,1.1919904021847,1.32700221075421
Wielkopolskie,2021-08-31,,estimate,1.14532896721144,1.16070216417882,0.099484841381366,1.03443349796131,1.10375476995904,1.12833086068345,1.16224305172788,1.19758152346369,1.33954061204824
Wielkopolskie,2021-09-01,,estimate,1.14979294460932,1.16695883794016,0.102994246737744,1.03961705437515,1.10834198823764,1.1321696306869,1.16624739272198,1.20441515783929,1.35125732123558
Wielkopolskie,2021-09-02,,estimate,1.15281250761494,1.17266561032501,0.106431491340679,1.04637447875394,1.11104889539654,1.13537401148551,1.16949175607714,1.21017926354383,1.36237516549395
Wielkopolskie,2021-09-03,,estimate,1.15498720692829,1.17775207673243,0.109587412937481,1.0520965670944,1.11295879059277,1.13893764218489,1.17293649274359,1.21515932006708,1.38384565329979
Wielkopolskie,2021-09-04,,estimate,1.15956033530957,1.18215972851696,0.112269158810584,1.05396225475827,1.11537883961082,1.14136798185252,1.17603502969882,1.21896194470668,1.39538676051447
Wielkopolskie,2021-09-05,,estimate,1.16140193462389,1.1858442167303,0.114313163383806,1.05834209192284,1.11765719614566,1.14358056267472,1.17922841052468,1.22106012693935,1.40681085516379
Wielkopolskie,2021-09-06,,estimate,1.16448868561542,1.18877757600864,0.115596868974191,1.06202577925136,1.11936541737886,1.14602375980871,1.18368287897855,1.22491862893862,1.41844231189335
Wielkopolskie,2021-09-07,,estimate,1.16642355388765,1.19095024264398,0.11604878719138,1.06217564604619,1.12157913803558,1.14843171078372,1.18609247351,1.22818533279694,1.42211813043792
Wielkopolskie,2021-09-08,,estimate,1.1683056186438,1.19237253246932,0.115653441578636,1.06214102343667,1.12344090692159,1.15057623322411,1.18855323574275,1.22871325878069,1.42434615336472
Wielkopolskie,2021-09-09,,estimate,1.17048060771403,1.19307521647414,0.114448700557174,1.06358876591587,1.1241903692916,1.15258137082742,1.19033232502281,1.23167428589113,1.42243178523566
Wielkopolskie,2021-09-10,,estimate,1.17274132410255,1.19310898574565,0.112517850368783,1.06242065373947,1.12549892584359,1.15394708944447,1.19122585797055,1.23200104242663,1.41168401440431
Wielkopolskie,2021-09-11,,estimate,1.17413445634309,1.19254280442332,0.109981479858256,1.05926258153117,1.12549999757398,1.15559754782795,1.19278083037802,1.23230320839399,1.39934652621549
Wielkopolskie,2021-09-12,,estimate,1.17499846371565,1.19146127006312,0.106991433512192,1.05873360489243,1.12781563149743,1.15642665422103,1.19402888011873,1.23246737993467,1.39678766457148
Wielkopolskie,2021-09-13,,estimate,1.17468155795704,1.18996113249702,0.103724641323479,1.05997095172779,1.12903272445184,1.1565709290422,1.19408070591967,1.23277820551773,1.38255069163239
Wielkopolskie,2021-09-14,,estimate,1.17534363799176,1.18814715067678,0.100374230434819,1.0585797955646,1.12949696220723,1.15629050572815,1.19537271235344,1.2322839716549,1.36915510284547
Wielkopolskie,2021-09-15,,estimate,1.17592848431274,1.18612751876184,0.0971385849118575,1.05629773631467,1.12914603163667,1.15662864013006,1.19542412464693,1.23055670705878,1.36101669951785
Wielkopolskie,2021-09-16,,estimate,1.17619348072604,1.18400911347965,0.0942104857426054,1.05620933871388,1.12805041912012,1.15642175347089,1.19544121324412,1.22970028935999,1.34587383440626
Wielkopolskie,2021-09-17,,estimate,1.17530627234265,1.18189278721821,0.0917658654341223,1.05494061995824,1.12867026043043,1.15565438531499,1.1941071369717,1.2272675974518,1.34100234057834
Wielkopolskie,2021-09-18,,estimate,1.17310157471492,1.17986893635035,0.0899495987201885,1.05362545719619,1.12792789584344,1.15501400692603,1.19249908194162,1.22754228895639,1.33550206882105
Wielkopolskie,2021-09-19,,estimate,1.17215036091631,1.17801369205818,0.0888589582086363,1.04752099377561,1.12661470458732,1.15427287168863,1.19255771381288,1.22839601589159,1.33011628260995
Wielkopolskie,2021-09-20,,estimate,1.17280675572208,1.17638626286066,0.0885314766849074,1.04611778123216,1.12367081632388,1.15350446855437,1.19174381380121,1.22656568228902,1.33391730401773
Wielkopolskie,2021-09-21,,estimate,1.17165520822888,1.17502803582183,0.0889459760977764,1.0402551183264,1.12198180034343,1.15272166806766,1.1925621298265,1.22652137045376,1.32408569469768
Wielkopolskie,2021-09-22,,estimate,1.17162630937075,1.17396385490633,0.0900409604582628,1.03313869077343,1.12134340324206,1.15240070274304,1.1915634906544,1.22549121661864,1.32159687946368
Wielkopolskie,2021-09-23,,estimate,1.17068393602351,1.17320539473484,0.0917469594823031,1.02991035502546,1.12124108439408,1.15139816191456,1.19001900633103,1.22705552363245,1.33086972415179
Wielkopolskie,2021-09-24,,estimate,1.17048798220016,1.17275586184377,0.094021736126794,1.02368828024129,1.1200454954311,1.15037194112077,1.19083273629085,1.22527013881779,1.32984067040095
Wielkopolskie,2021-09-25,,estimate,1.168918274923,1.17261469968553,0.0968720231622806,1.01590359466027,1.11975860186883,1.15052536583168,1.1915933167613,1.22773000732919,1.33747782781392
Wielkopolskie,2021-09-26,,estimate,1.16948896935503,1.17278093963878,0.10034976474654,1.00889754668481,1.1184370541273,1.14905703228645,1.19256685471863,1.22934727621177,1.34141975943834
Wielkopolskie,2021-09-27,,estimate,1.17039025602674,1.17325446859074,0.104527716377152,0.999741136116375,1.11569212690901,1.14922650408584,1.19282751998116,1.2319622788724,1.34796590360827
Wielkopolskie,2021-09-28,,estimate,1.17171406383225,1.1740354181435,0.109474213373798,0.993976118657888,1.11278919082127,1.14956011706977,1.19363268621491,1.23578799092826,1.36072740177448
Wielkopolskie,2021-09-29,,estimate,1.17275606696381,1.17512252106684,0.11524224875557,0.985212696761048,1.11079550016837,1.14957398639686,1.19499254096027,1.23984382948657,1.36679031162974
Wielkopolskie,2021-09-30,,estimate,1.17428493433812,1.17651134636151,0.121869960818475,0.975875063922295,1.11004398184405,1.14891975653899,1.19812690291213,1.24627017534568,1.37543079316118
Wielkopolskie,2021-10-01,,estimate based on partial data,1.1752391047126,1.17819304326582,0.129380655243697,0.964045525424139,1.10738724446766,1.14961528278483,1.20011701587346,1.24804531943845,1.39098657931121
Wielkopolskie,2021-10-02,,estimate based on partial data,1.17545329778226,1.18015395455857,0.137777822619428,0.955834193021764,1.10686382745202,1.14927101782907,1.20376329142019,1.25281183172861,1.40946605524309
Wielkopolskie,2021-10-03,,estimate based on partial data,1.17409770575214,1.18237628552864,0.147041251647698,0.944090171550264,1.10633985567843,1.14849331808948,1.20480859197054,1.2592683640153,1.42758578421049
Wielkopolskie,2021-10-04,,estimate based on partial data,1.17497523427868,1.18483978069055,0.157131667112881,0.939149791442706,1.10397869916135,1.14975046134959,1.2047523238607,1.265467265956,1.4499146932994
Wielkopolskie,2021-10-05,,estimate based on partial data,1.17604050376623,1.18752398201041,0.168003846263534,0.923866166922023,1.10012957850443,1.15006071708294,1.20689676307291,1.26992056998092,1.46908681351215
Wielkopolskie,2021-10-06,,estimate based on partial data,1.17762405090133,1.19041029069964,0.179620687141378,0.910870731660376,1.0983980366174,1.14897830028749,1.20765495659741,1.2759109165978,1.4969026634633
Wielkopolskie,2021-10-07,,estimate based on partial data,1.17831437730949,1.19348302211303,0.191959597575774,0.893508040489959,1.09572253851633,1.14828761501683,1.20933993795267,1.28199289689043,1.51958458497366
Wielkopolskie,2021-10-08,,estimate based on partial data,1.1785248492239,1.19672906194072,0.205007180131412,0.879111552444425,1.09422793264626,1.14914193494779,1.2126615929951,1.28915147866283,1.55184649917306
Wielkopolskie,2021-10-09,,estimate based on partial data,1.17914788763797,1.2001364268627,0.218744754406518,0.865729106351318,1.0928557910848,1.14846259755849,1.21548164493732,1.29519491529811,1.5723612554312
Wielkopolskie,2021-10-10,,estimate based on partial data,1.18025215268701,1.20369262490432,0.233133038645566,0.854109988245131,1.09260909463086,1.14829891442997,1.21623325657485,1.29735477980151,1.60417383743147
Wielkopolskie,2021-10-11,,estimate based on partial data,1.18102191188522,1.20738384914951,0.248106529304594,0.834652828075656,1.08855697955815,1.14837034882467,1.21735834414826,1.30144043617919,1.63576807102796
Wielkopolskie,2021-10-12,,estimate based on partial data,1.18161330603885,1.21119560291067,0.263584047160364,0.825056508205711,1.08694443046998,1.14816076833996,1.21967183873124,1.30814748801843,1.66004739783817
Wielkopolskie,2021-10-13,,estimate based on partial data,1.1821019098489,1.215114537052,0.279492840122042,0.816744827327717,1.08287579551673,1.14889864359703,1.22179491864198,1.31345281202838,1.69120041066571
Wielkopolskie,2021-10-14,,estimate based on partial data,1.18254796594731,1.21913050430527,0.295795397642678,0.808654846878921,1.08360912993682,1.14903122886446,1.22278352014424,1.31627092800558,1.71970918095921
Wielkopolskie,2021-10-15,,estimate based on partial data,1.18268651683807,1.22323753148931,0.312506020630843,0.790843678474427,1.08209125258273,1.14768792344827,1.22356720786003,1.32189120382159,1.7615988184703
Wielkopolskie,2021-10-16,,estimate based on partial data,1.18224802572297,1.22743277284901,0.329688699882744,0.773280095744928,1.07977719254106,1.14733252543339,1.22832711606609,1.32475493540245,1.78413524205435
Wielkopolskie,2021-10-17,,estimate based on partial data,1.18234871685914,1.23171338654029,0.347435508762235,0.765030373565372,1.07625502938229,1.14514107064991,1.23068417228542,1.32964726538324,1.8121819530313
Wielkopolskie,2021-10-18,,estimate based on partial data,1.18200956563689,1.23607226367066,0.365831526465515,0.756647986941854,1.07751530534911,1.14393441043948,1.23119546838275,1.33794246163902,1.85419844684581
Wielkopolskie,2021-10-19,,forecast,1.18200956563689,1.23607226367066,0.365831526465515,0.756647986941854,1.07751530534911,1.14393441043948,1.23119546838275,1.33794246163902,1.85419844684581
Wielkopolskie,2021-10-20,,forecast,1.18200956563689,1.23607226367066,0.365831526465515,0.756647986941854,1.07751530534911,1.14393441043948,1.23119546838275,1.33794246163902,1.85419844684581
Wielkopolskie,2021-10-21,,forecast,1.18200956563689,1.23607226367066,0.365831526465515,0.756647986941854,1.07751530534911,1.14393441043948,1.23119546838275,1.33794246163902,1.85419844684581
Wielkopolskie,2021-10-22,,forecast,1.18200956563689,1.23607226367066,0.365831526465515,0.756647986941854,1.07751530534911,1.14393441043948,1.23119546838275,1.33794246163902,1.85419844684581
Wielkopolskie,2021-10-23,,forecast,1.18200956563689,1.23607226367066,0.365831526465515,0.756647986941854,1.07751530534911,1.14393441043948,1.23119546838275,1.33794246163902,1.85419844684581
Wielkopolskie,2021-10-24,,forecast,1.18200956563689,1.23607226367066,0.365831526465515,0.756647986941854,1.07751530534911,1.14393441043948,1.23119546838275,1.33794246163902,1.85419844684581
Wielkopolskie,2021-10-25,,forecast,1.18200956563689,1.23607226367066,0.365831526465515,0.756647986941854,1.07751530534911,1.14393441043948,1.23119546838275,1.33794246163902,1.85419844684581
Wielkopolskie,2021-10-26,,forecast,1.18200956563689,1.23607226367066,0.365831526465515,0.756647986941854,1.07751530534911,1.14393441043948,1.23119546838275,1.33794246163902,1.85419844684581
Wielkopolskie,2021-10-27,,forecast,1.18200956563689,1.23607226367066,0.365831526465515,0.756647986941854,1.07751530534911,1.14393441043948,1.23119546838275,1.33794246163902,1.85419844684581
Wielkopolskie,2021-10-28,,forecast,1.18200956563689,1.23607226367066,0.365831526465515,0.756647986941854,1.07751530534911,1.14393441043948,1.23119546838275,1.33794246163902,1.85419844684581
Wielkopolskie,2021-10-29,,forecast,1.18200956563689,1.23607226367066,0.365831526465515,0.756647986941854,1.07751530534911,1.14393441043948,1.23119546838275,1.33794246163902,1.85419844684581
Wielkopolskie,2021-10-30,,forecast,1.18200956563689,1.23607226367066,0.365831526465515,0.756647986941854,1.07751530534911,1.14393441043948,1.23119546838275,1.33794246163902,1.85419844684581
Wielkopolskie,2021-10-31,,forecast,1.18200956563689,1.23607226367066,0.365831526465515,0.756647986941854,1.07751530534911,1.14393441043948,1.23119546838275,1.33794246163902,1.85419844684581
Wielkopolskie,2021-11-01,,forecast,1.18200956563689,1.23607226367066,0.365831526465515,0.756647986941854,1.07751530534911,1.14393441043948,1.23119546838275,1.33794246163902,1.85419844684581
Wielkopolskie,2021-11-02,,forecast,1.18200956563689,1.23607226367066,0.365831526465515,0.756647986941854,1.07751530534911,1.14393441043948,1.23119546838275,1.33794246163902,1.85419844684581
Wielkopolskie,2021-11-03,,forecast,1.18200956563689,1.23607226367066,0.365831526465515,0.756647986941854,1.07751530534911,1.14393441043948,1.23119546838275,1.33794246163902,1.85419844684581
Wielkopolskie,2021-11-04,,forecast,1.18200956563689,1.23607226367066,0.365831526465515,0.756647986941854,1.07751530534911,1.14393441043948,1.23119546838275,1.33794246163902,1.85419844684581
Wielkopolskie,2021-11-05,,forecast,1.18200956563689,1.23607226367066,0.365831526465515,0.756647986941854,1.07751530534911,1.14393441043948,1.23119546838275,1.33794246163902,1.85419844684581
Wielkopolskie,2021-11-06,,forecast,1.18200956563689,1.23607226367066,0.365831526465515,0.756647986941854,1.07751530534911,1.14393441043948,1.23119546838275,1.33794246163902,1.85419844684581
Wielkopolskie,2021-11-07,,forecast,1.18200956563689,1.23607226367066,0.365831526465515,0.756647986941854,1.07751530534911,1.14393441043948,1.23119546838275,1.33794246163902,1.85419844684581
Wielkopolskie,2021-11-08,,forecast,1.18200956563689,1.23607226367066,0.365831526465515,0.756647986941854,1.07751530534911,1.14393441043948,1.23119546838275,1.33794246163902,1.85419844684581
Wielkopolskie,2021-11-09,,forecast,1.18200956563689,1.23607226367066,0.365831526465515,0.756647986941854,1.07751530534911,1.14393441043948,1.23119546838275,1.33794246163902,1.85419844684581
Wielkopolskie,2021-11-10,,forecast,1.18200956563689,1.23607226367066,0.365831526465515,0.756647986941854,1.07751530534911,1.14393441043948,1.23119546838275,1.33794246163902,1.85419844684581
Wielkopolskie,2021-11-11,,forecast,1.18200956563689,1.23607226367066,0.365831526465515,0.756647986941854,1.07751530534911,1.14393441043948,1.23119546838275,1.33794246163902,1.85419844684581
Wielkopolskie,2021-11-12,,forecast,1.18200956563689,1.23607226367066,0.365831526465515,0.756647986941854,1.07751530534911,1.14393441043948,1.23119546838275,1.33794246163902,1.85419844684581
Wielkopolskie,2021-11-13,,forecast,1.18200956563689,1.23607226367066,0.365831526465515,0.756647986941854,1.07751530534911,1.14393441043948,1.23119546838275,1.33794246163902,1.85419844684581
Wielkopolskie,2021-11-14,,forecast,1.18200956563689,1.23607226367066,0.365831526465515,0.756647986941854,1.07751530534911,1.14393441043948,1.23119546838275,1.33794246163902,1.85419844684581
Wielkopolskie,2021-11-15,,forecast,1.18200956563689,1.23607226367066,0.365831526465515,0.756647986941854,1.07751530534911,1.14393441043948,1.23119546838275,1.33794246163902,1.85419844684581
Wielkopolskie,2021-11-16,,forecast,1.18200956563689,1.23607226367066,0.365831526465515,0.756647986941854,1.07751530534911,1.14393441043948,1.23119546838275,1.33794246163902,1.85419844684581
Wielkopolskie,2021-11-17,,forecast,1.18200956563689,1.23607226367066,0.365831526465515,0.756647986941854,1.07751530534911,1.14393441043948,1.23119546838275,1.33794246163902,1.85419844684581
Zachodniopomorskie,2021-08-14,,estimate,1.10843814422266,1.10666663676931,0.130555805030296,0.890281952902065,1.02931199167478,1.07656690742187,1.13377614305293,1.17668436037216,1.32978611635166
Zachodniopomorskie,2021-08-15,,estimate,1.10785959216177,1.1061576692151,0.124341882885361,0.896685720235656,1.03149994141927,1.0767903073679,1.13144877845484,1.17446469772005,1.31796051932268
Zachodniopomorskie,2021-08-16,,estimate,1.10820648912724,1.10588558347841,0.119471555358846,0.906959370682293,1.03385220105068,1.07849004395914,1.13095265167279,1.17455045943984,1.3086635628085
Zachodniopomorskie,2021-08-17,,estimate,1.10849015725042,1.10582531247403,0.115674494420963,0.911696457002367,1.03757659164634,1.08101976374206,1.13101154458313,1.17397791960489,1.29641474510631
Zachodniopomorskie,2021-08-18,,estimate,1.10823922114703,1.10595846023704,0.112704604755827,0.91459424687836,1.03911769885004,1.08135746032399,1.13129207479805,1.17097702872216,1.28691135244359
Zachodniopomorskie,2021-08-19,,estimate,1.10760031030553,1.10627373957061,0.110350856579782,0.920858647746551,1.04147077503587,1.08374174674362,1.13047207423477,1.16773873368736,1.27949381793877
Zachodniopomorskie,2021-08-20,,estimate,1.10987427756321,1.1067658053517,0.108439434676759,0.928223013974683,1.04309329379451,1.08470600238871,1.12951258645847,1.16729658026701,1.28384023026748
Zachodniopomorskie,2021-08-21,,estimate,1.10941937900988,1.10743281088533,0.106833638286036,0.930179405924247,1.04755583649937,1.0860054112264,1.12922101544286,1.16580302355189,1.28194697601316
Zachodniopomorskie,2021-08-22,,estimate,1.10894051376441,1.10827325908585,0.105437324706582,0.931915466584263,1.05154400681704,1.08553768529307,1.13002377529696,1.16669932472049,1.28040754854303
Zachodniopomorskie,2021-08-23,,estimate,1.10878500463847,1.10928272201251,0.104198041771143,0.936556354250589,1.0524721245179,1.08761011421791,1.13043677471869,1.16711168955597,1.27790633985428
Zachodniopomorskie,2021-08-24,,estimate,1.10857444182921,1.11045091479445,0.103101460018686,0.938524256173143,1.05441443288005,1.08854001366257,1.13117933149443,1.1679771422022,1.27507747540797
Zachodniopomorskie,2021-08-25,,estimate,1.10934944373785,1.11175955747019,0.102154779402421,0.945969830167442,1.05505560096185,1.08926467151753,1.1321677624051,1.16979250791302,1.27819718756427
Zachodniopomorskie,2021-08-26,,estimate,1.11049844359579,1.11318140192852,0.101365445596242,0.948559614295327,1.05567632317871,1.08993355497606,1.13336428452001,1.17234068006791,1.27925643160478
Zachodniopomorskie,2021-08-27,,estimate,1.11196913471236,1.11468065502006,0.100724642737829,0.954881321382004,1.05592002267212,1.09196411741671,1.13390292514012,1.17151432943041,1.28177384071669
Zachodniopomorskie,2021-08-28,,estimate,1.11183455729191,1.11621478616347,0.100202104019922,0.959094051236501,1.05834454340649,1.09292806491907,1.134988339116,1.17233823126751,1.27874287492431
Zachodniopomorskie,2021-08-29,,estimate,1.11409706335671,1.11773742955193,0.0997527652639386,0.96001993845574,1.06027015923738,1.09359091312971,1.13447187772958,1.17274861599683,1.27830469737213
Zachodniopomorskie,2021-08-30,,estimate,1.11442813860753,1.11920185948806,0.099329732869866,0.961363305115953,1.06116766677811,1.09463847885766,1.13602425259724,1.17362142938573,1.28189903129665
Zachodniopomorskie,2021-08-31,,estimate,1.11555856753639,1.12056442146865,0.0988959634669786,0.966242355590138,1.06268251456118,1.09674069637555,1.13700934786502,1.17448439275406,1.286345276384
Zachodniopomorskie,2021-09-01,,estimate,1.11653409027201,1.12178738864842,0.0984310768369983,0.970897065948502,1.06451023646563,1.09740207705232,1.13733835365918,1.17405531471716,1.28714788757009
Zachodniopomorskie,2021-09-02,,estimate,1.11659002095895,1.12284091903143,0.0979352948169795,0.976697227937601,1.06635710986507,1.09723254675629,1.13976333202467,1.17540368242404,1.28353305719874
Zachodniopomorskie,2021-09-03,,estimate,1.11696563986689,1.12370398167585,0.0974327445771982,0.977812229912972,1.06677146531083,1.09852221856255,1.14083167898045,1.17379436316932,1.28645686951743
Zachodniopomorskie,2021-09-04,,estimate,1.11838909065161,1.12436424881792,0.0969717496867847,0.977666603333174,1.06818675373366,1.0989139826748,1.13926678241632,1.17445773295352,1.28592537015484
Zachodniopomorskie,2021-09-05,,estimate,1.11946970331366,1.12481708624681,0.096617435720472,0.981450074951665,1.06929352668112,1.10030450072882,1.13984478859337,1.17438486566147,1.28487930954727
Zachodniopomorskie,2021-09-06,,estimate,1.12057509090533,1.12506397155924,0.096435726140214,0.98239001768354,1.06960442634172,1.09998477386385,1.13964917585019,1.17558517512565,1.28329933807657
Zachodniopomorskie,2021-09-07,,estimate,1.11960893859876,1.12511084541228,0.0964737451568672,0.98449009592574,1.06894346972737,1.10144149379181,1.14074231184671,1.1741259158238,1.2833749992753
Zachodniopomorskie,2021-09-08,,estimate,1.11999772154072,1.12496689983588,0.096744132726517,0.982868308508397,1.06828513451973,1.10218090941548,1.14035470389234,1.17458936267883,1.28063749147429
Zachodniopomorskie,2021-09-09,,estimate,1.12061801143873,1.12464407452808,0.0972181907751728,0.982116100499341,1.06900483409004,1.10176761347882,1.13991185743455,1.17329039230792,1.28287683312831
Zachodniopomorskie,2021-09-10,,estimate,1.11991807746553,1.12415718723083,0.0978279631722718,0.979085865024068,1.06940143718023,1.10113586560303,1.13867422616577,1.17291495292481,1.28114007608812
Zachodniopomorskie,2021-09-11,,estimate,1.11892942431814,1.12352437845405,0.0984748219780264,0.978717827437427,1.06781935833989,1.10138317782305,1.13895672781724,1.17337026832499,1.28011502158945
Zachodniopomorskie,2021-09-12,,estimate,1.11953509599913,1.12276753780905,0.0990436364620278,0.980296347522584,1.06779881891821,1.10069137710599,1.13743163416309,1.17253157532784,1.27809208352719
Zachodniopomorskie,2021-09-13,,estimate,1.11865984768564,1.12191254886155,0.0994232724727389,0.976349955704789,1.06776605957463,1.10059871736347,1.13696324388418,1.17098236265133,1.27002392908701
Zachodniopomorskie,2021-09-14,,estimate,1.11883385554171,1.12098936579444,0.0995310234165386,0.977651570768929,1.06743971750852,1.10019358970849,1.13546178462592,1.16814621599437,1.26789485675728
Zachodniopomorskie,2021-09-15,,estimate,1.11809032131305,1.12003199296816,0.099332483440518,0.975670459877143,1.06668874151987,1.09962332878161,1.13572027193948,1.16833013199707,1.26343330912971
Zachodniopomorskie,2021-09-16,,estimate,1.116473326144,1.11907840471119,0.0988472992059372,0.97504067034736,1.06686221290147,1.09837529274821,1.13539355736433,1.16876449496073,1.26616659199129
Zachodniopomorskie,2021-09-17,,estimate,1.11569359699431,1.11817040902928,0.0981393130539047,0.971294488694619,1.06515696092223,1.09724130228074,1.13560652745992,1.16765602425631,1.26669796154202
Zachodniopomorskie,2021-09-18,,estimate,1.11523615245839,1.11735343105889,0.0973010672927482,0.969361201023537,1.0635601101626,1.09651970620389,1.13547102566437,1.16814752067162,1.26994658952094
Zachodniopomorskie,2021-09-19,,estimate,1.11538108068564,1.1166760881811,0.0964464864884951,0.966889669075634,1.06275311687913,1.09587851041507,1.13589859377334,1.16685798302074,1.2664573610723
Zachodniopomorskie,2021-09-20,,estimate,1.11589265981259,1.11618924453016,0.0957162952482403,0.965496789739488,1.06329347327906,1.09588113652472,1.13578401188032,1.16659127097227,1.26786557791958
Zachodniopomorskie,2021-09-21,,estimate,1.11489981507278,1.11594414956123,0.0952859696650531,0.962434368469822,1.06200410061278,1.09590933601491,1.13661542421936,1.1690242019685,1.26741047621615
Zachodniopomorskie,2021-09-22,,estimate,1.11476717379771,1.11598949970186,0.0953611128816291,0.964099128236914,1.06095194866637,1.0960279596106,1.13536292129192,1.17019152083339,1.27407012055187
Zachodniopomorskie,2021-09-23,,estimate,1.11535140267926,1.11636777911743,0.0961558529418995,0.958794297565917,1.06213911723868,1.09637613179115,1.13607506604792,1.17088793681203,1.2762921831718
Zachodniopomorskie,2021-09-24,,estimate,1.11765228929914,1.11711169729152,0.0978641855764076,0.960189921853588,1.06235316994262,1.09589828743655,1.1369418117906,1.17220952653677,1.27610889582045
Zachodniopomorskie,2021-09-25,,estimate,1.11779202804231,1.11824160995556,0.100637503682854,0.954677703567804,1.06363373888125,1.09718740430047,1.13709043065594,1.17440442213992,1.28179849876419
Zachodniopomorskie,2021-09-26,,estimate,1.11953178392446,1.11976445780798,0.104574145624003,0.951509233960435,1.06232558769485,1.09698298481901,1.13960861862723,1.17779444709381,1.29153301903717
Zachodniopomorskie,2021-09-27,,estimate,1.1209031831235,1.12167423400736,0.109718939268442,0.943114595255449,1.06230648740963,1.09716933193187,1.14178163001392,1.18179365959471,1.30408551829327
Zachodniopomorskie,2021-09-28,,estimate,1.12345040300288,1.12395356995163,0.116067675395548,0.93647522062304,1.06130813493214,1.09856775262965,1.14462990694443,1.1884838269313,1.3135100049676
Zachodniopomorskie,2021-09-29,,estimate,1.12533498343037,1.12657585061918,0.123572001168467,0.927726467415375,1.06044111287585,1.09884430814892,1.14907569758196,1.19254429010768,1.32897586534178
Zachodniopomorskie,2021-09-30,,estimate,1.1273416142936,1.12950735049061,0.132143565971946,0.922797323349659,1.05954372373638,1.10139193939118,1.15195627186987,1.19829413308125,1.34412257162621
Zachodniopomorskie,2021-10-01,,estimate based on partial data,1.12910618333046,1.13270913791867,0.141661366857441,0.91906620792066,1.05813539598962,1.10321659164034,1.15535653614743,1.20408345147107,1.36219923696457
Zachodniopomorskie,2021-10-02,,estimate based on partial data,1.13026676722982,1.13613877495499,0.151988332614812,0.907655404914041,1.05679780089004,1.10294518981398,1.15867479362954,1.20723015625843,1.38179345128318
Zachodniopomorskie,2021-10-03,,estimate based on partial data,1.13278751277916,1.13975199121035,0.162997917593465,0.89581595137,1.0547553388859,1.10391706298245,1.16297520925952,1.21070403422927,1.40276375145694
Zachodniopomorskie,2021-10-04,,estimate based on partial data,1.13364822781384,1.14350449441509,0.174602058061885,0.882473789129843,1.05404086255038,1.10459786633051,1.16493117912963,1.21731965699937,1.44483537385439
Zachodniopomorskie,2021-10-05,,estimate based on partial data,1.133320886966,1.1473539741847,0.18676740704903,0.876564332260092,1.05403073388755,1.10402453983028,1.16579983151388,1.222701780544,1.46638362574594
Zachodniopomorskie,2021-10-06,,estimate based on partial data,1.13274809216548,1.1512622443973,0.19951269701114,0.869970792506445,1.05037704363094,1.10393655552413,1.16656014109675,1.22928682033992,1.49346244297575
Zachodniopomorskie,2021-10-07,,estimate based on partial data,1.13272437143853,1.15519736196269,0.212891710280734,0.859414258987038,1.04870383610488,1.10317881997147,1.16819911207127,1.23202884246971,1.52161324462988
Zachodniopomorskie,2021-10-08,,estimate based on partial data,1.13319904018301,1.15913543418103,0.226973414047782,0.849105032965076,1.04761106952201,1.10255165660702,1.1699627123644,1.23716994106824,1.5454892132292
Zachodniopomorskie,2021-10-09,,estimate based on partial data,1.13375883584978,1.16306173032837,0.241828079123143,0.846754065719298,1.04651124453987,1.10263020308612,1.16934010518348,1.2397208247164,1.57422465970562
Zachodniopomorskie,2021-10-10,,estimate based on partial data,1.13428098869012,1.16697075358427,0.257520173831514,0.834755576786309,1.04485225375683,1.10041564213369,1.17171138781943,1.24321302529495,1.61928879376076
Zachodniopomorskie,2021-10-11,,estimate based on partial data,1.13434796562739,1.17086515851993,0.274103743774227,0.821880228373852,1.04374205815722,1.1002771382497,1.17360314101491,1.24355820928774,1.65761468946592
Zachodniopomorskie,2021-10-12,,estimate based on partial data,1.13498903797672,1.17475374040671,0.291617164836558,0.819046445014609,1.04135854452313,1.09916622957396,1.17425866759359,1.24681212340333,1.67598427003471
Zachodniopomorskie,2021-10-13,,estimate based on partial data,1.1347430553076,1.17864903166898,0.310078643297702,0.807328107256172,1.03962987433712,1.09855837027319,1.17427877285543,1.25344664276381,1.69353973207482
Zachodniopomorskie,2021-10-14,,estimate based on partial data,1.13495259912423,1.18256520120098,0.329487119642211,0.787722266345314,1.03885510145842,1.09794786523861,1.17387980906971,1.2592434087249,1.73303775850069
Zachodniopomorskie,2021-10-15,,estimate based on partial data,1.13432136283164,1.18651688449994,0.349832684471083,0.777713927038095,1.03441078713457,1.09796745721393,1.17353029306105,1.26465119977775,1.76459811494815
Zachodniopomorskie,2021-10-16,,estimate based on partial data,1.13313654168123,1.19051921046591,0.371115825757826,0.770606578724494,1.03244259079673,1.09649371858552,1.17383276946405,1.26858005125354,1.79192033593764
Zachodniopomorskie,2021-10-17,,estimate based on partial data,1.13302841600501,1.19458865502906,0.393367899897201,0.748609859321218,1.02805244376892,1.09706071444225,1.17429839878801,1.27275147897511,1.83653916027301
Zachodniopomorskie,2021-10-18,,estimate based on partial data,1.13367289236831,1.19874368688075,0.416661223856382,0.726998460740594,1.0258519720158,1.09612653181704,1.17530447924069,1.27573668547659,1.85760574376688
Zachodniopomorskie,2021-10-19,,forecast,1.13367289236831,1.19874368688075,0.416661223856382,0.726998460740594,1.0258519720158,1.09612653181704,1.17530447924069,1.27573668547659,1.85760574376688
Zachodniopomorskie,2021-10-20,,forecast,1.13367289236831,1.19874368688075,0.416661223856382,0.726998460740594,1.0258519720158,1.09612653181704,1.17530447924069,1.27573668547659,1.85760574376688
Zachodniopomorskie,2021-10-21,,forecast,1.13367289236831,1.19874368688075,0.416661223856382,0.726998460740594,1.0258519720158,1.09612653181704,1.17530447924069,1.27573668547659,1.85760574376688
Zachodniopomorskie,2021-10-22,,forecast,1.13367289236831,1.19874368688075,0.416661223856382,0.726998460740594,1.0258519720158,1.09612653181704,1.17530447924069,1.27573668547659,1.85760574376688
Zachodniopomorskie,2021-10-23,,forecast,1.13367289236831,1.19874368688075,0.416661223856382,0.726998460740594,1.0258519720158,1.09612653181704,1.17530447924069,1.27573668547659,1.85760574376688
Zachodniopomorskie,2021-10-24,,forecast,1.13367289236831,1.19874368688075,0.416661223856382,0.726998460740594,1.0258519720158,1.09612653181704,1.17530447924069,1.27573668547659,1.85760574376688
Zachodniopomorskie,2021-10-25,,forecast,1.13367289236831,1.19874368688075,0.416661223856382,0.726998460740594,1.0258519720158,1.09612653181704,1.17530447924069,1.27573668547659,1.85760574376688
Zachodniopomorskie,2021-10-26,,forecast,1.13367289236831,1.19874368688075,0.416661223856382,0.726998460740594,1.0258519720158,1.09612653181704,1.17530447924069,1.27573668547659,1.85760574376688
Zachodniopomorskie,2021-10-27,,forecast,1.13367289236831,1.19874368688075,0.416661223856382,0.726998460740594,1.0258519720158,1.09612653181704,1.17530447924069,1.27573668547659,1.85760574376688
Zachodniopomorskie,2021-10-28,,forecast,1.13367289236831,1.19874368688075,0.416661223856382,0.726998460740594,1.0258519720158,1.09612653181704,1.17530447924069,1.27573668547659,1.85760574376688
Zachodniopomorskie,2021-10-29,,forecast,1.13367289236831,1.19874368688075,0.416661223856382,0.726998460740594,1.0258519720158,1.09612653181704,1.17530447924069,1.27573668547659,1.85760574376688
Zachodniopomorskie,2021-10-30,,forecast,1.13367289236831,1.19874368688075,0.416661223856382,0.726998460740594,1.0258519720158,1.09612653181704,1.17530447924069,1.27573668547659,1.85760574376688
Zachodniopomorskie,2021-10-31,,forecast,1.13367289236831,1.19874368688075,0.416661223856382,0.726998460740594,1.0258519720158,1.09612653181704,1.17530447924069,1.27573668547659,1.85760574376688
Zachodniopomorskie,2021-11-01,,forecast,1.13367289236831,1.19874368688075,0.416661223856382,0.726998460740594,1.0258519720158,1.09612653181704,1.17530447924069,1.27573668547659,1.85760574376688
Zachodniopomorskie,2021-11-02,,forecast,1.13367289236831,1.19874368688075,0.416661223856382,0.726998460740594,1.0258519720158,1.09612653181704,1.17530447924069,1.27573668547659,1.85760574376688
Zachodniopomorskie,2021-11-03,,forecast,1.13367289236831,1.19874368688075,0.416661223856382,0.726998460740594,1.0258519720158,1.09612653181704,1.17530447924069,1.27573668547659,1.85760574376688
Zachodniopomorskie,2021-11-04,,forecast,1.13367289236831,1.19874368688075,0.416661223856382,0.726998460740594,1.0258519720158,1.09612653181704,1.17530447924069,1.27573668547659,1.85760574376688
Zachodniopomorskie,2021-11-05,,forecast,1.13367289236831,1.19874368688075,0.416661223856382,0.726998460740594,1.0258519720158,1.09612653181704,1.17530447924069,1.27573668547659,1.85760574376688
Zachodniopomorskie,2021-11-06,,forecast,1.13367289236831,1.19874368688075,0.416661223856382,0.726998460740594,1.0258519720158,1.09612653181704,1.17530447924069,1.27573668547659,1.85760574376688
Zachodniopomorskie,2021-11-07,,forecast,1.13367289236831,1.19874368688075,0.416661223856382,0.726998460740594,1.0258519720158,1.09612653181704,1.17530447924069,1.27573668547659,1.85760574376688
Zachodniopomorskie,2021-11-08,,forecast,1.13367289236831,1.19874368688075,0.416661223856382,0.726998460740594,1.0258519720158,1.09612653181704,1.17530447924069,1.27573668547659,1.85760574376688
Zachodniopomorskie,2021-11-09,,forecast,1.13367289236831,1.19874368688075,0.416661223856382,0.726998460740594,1.0258519720158,1.09612653181704,1.17530447924069,1.27573668547659,1.85760574376688
Zachodniopomorskie,2021-11-10,,forecast,1.13367289236831,1.19874368688075,0.416661223856382,0.726998460740594,1.0258519720158,1.09612653181704,1.17530447924069,1.27573668547659,1.85760574376688
Zachodniopomorskie,2021-11-11,,forecast,1.13367289236831,1.19874368688075,0.416661223856382,0.726998460740594,1.0258519720158,1.09612653181704,1.17530447924069,1.27573668547659,1.85760574376688
Zachodniopomorskie,2021-11-12,,forecast,1.13367289236831,1.19874368688075,0.416661223856382,0.726998460740594,1.0258519720158,1.09612653181704,1.17530447924069,1.27573668547659,1.85760574376688
Zachodniopomorskie,2021-11-13,,forecast,1.13367289236831,1.19874368688075,0.416661223856382,0.726998460740594,1.0258519720158,1.09612653181704,1.17530447924069,1.27573668547659,1.85760574376688
Zachodniopomorskie,2021-11-14,,forecast,1.13367289236831,1.19874368688075,0.416661223856382,0.726998460740594,1.0258519720158,1.09612653181704,1.17530447924069,1.27573668547659,1.85760574376688
Zachodniopomorskie,2021-11-15,,forecast,1.13367289236831,1.19874368688075,0.416661223856382,0.726998460740594,1.0258519720158,1.09612653181704,1.17530447924069,1.27573668547659,1.85760574376688
Zachodniopomorskie,2021-11-16,,forecast,1.13367289236831,1.19874368688075,0.416661223856382,0.726998460740594,1.0258519720158,1.09612653181704,1.17530447924069,1.27573668547659,1.85760574376688
Zachodniopomorskie,2021-11-17,,forecast,1.13367289236831,1.19874368688075,0.416661223856382,0.726998460740594,1.0258519720158,1.09612653181704,1.17530447924069,1.27573668547659,1.85760574376688
Łódzkie,2021-07-28,,estimate,1.17639083986622,1.18460117293865,0.157496122789786,0.939016094135983,1.08857243531517,1.14631016135869,1.21443888678234,1.27247627103864,1.45195488895923
Łódzkie,2021-07-29,,estimate,1.18449227465614,1.19134884741626,0.151881437334618,0.954412591053254,1.09713611649506,1.15103434316271,1.2182395670723,1.27718216714742,1.45005643594617
Łódzkie,2021-07-30,,estimate,1.18893550007488,1.19902096130536,0.14875339608336,0.963300943852899,1.10665687156256,1.15696434761744,1.22373353829213,1.28356575133933,1.45854737047094
Łódzkie,2021-07-31,,estimate,1.19439870169273,1.20753548076719,0.147831299104869,0.978233090789062,1.11853930977287,1.16376634310157,1.2290930318552,1.29271067178652,1.46725180963178
Łódzkie,2021-08-01,,estimate,1.20084705435139,1.21679328601997,0.14878789913937,0.995112380256405,1.12504599845284,1.16933613357323,1.23380446150037,1.29988176797477,1.48488082271902
Łódzkie,2021-08-02,,estimate,1.20876641208438,1.22667922276076,0.151267638524712,1.01008595133561,1.13155623877021,1.17745377992667,1.24151885351964,1.30871800441505,1.49664167533032
Łódzkie,2021-08-03,,estimate,1.21582148659447,1.23706344274793,0.154907090849519,1.02480824999195,1.13963192364656,1.18435245323001,1.24944810061492,1.31379059420174,1.51573726488678
Łódzkie,2021-08-04,,estimate,1.22332424857726,1.24780334049,0.159363420407811,1.03380874444437,1.14760429754179,1.19186128024605,1.25650523432533,1.32438699945831,1.53451987554066
Łódzkie,2021-08-05,,estimate,1.22852762038719,1.25874603687283,0.164348284585535,1.04458341238749,1.15275486234705,1.19795733372969,1.26496739237466,1.33346779086298,1.55825070312873
Łódzkie,2021-08-06,,estimate,1.23463434388134,1.26973081146464,0.169652602815174,1.05810996271397,1.15929415525516,1.20722457313497,1.2720945091025,1.34605294579612,1.58764620214887
Łódzkie,2021-08-07,,estimate,1.24536851197194,1.28059069590247,0.175148669642254,1.06891169927524,1.16597308058701,1.21486028620695,1.28099903671358,1.3613157796955,1.61143788584855
Łódzkie,2021-08-08,,estimate,1.25307341513893,1.29115281440292,0.180769470046771,1.07926262171042,1.17035500347694,1.22025408450681,1.2907982435703,1.3703214165112,1.63544736084234
Łódzkie,2021-08-09,,estimate,1.26003737726244,1.30123771278199,0.186476213787653,1.08552041576037,1.17390833815375,1.22601922206054,1.30359270515181,1.38376528116997,1.66554361170768
Łódzkie,2021-08-10,,estimate,1.26786149816946,1.31065842510397,0.192226635260576,1.09014242815658,1.17639892708689,1.22881104626571,1.31242865798482,1.395603153797,1.68586024073213
Łódzkie,2021-08-11,,estimate,1.27178889624451,1.31922015217145,0.197952706800682,1.0970363450653,1.18088195199772,1.23331361928561,1.31611262894811,1.40672747866215,1.70265697060571
Łódzkie,2021-08-12,,estimate,1.2745331255792,1.32672118282384,0.203550668031936,1.10389453370232,1.18328217854378,1.23530400681487,1.32324106934774,1.41463548298736,1.73326046534514
Łódzkie,2021-08-13,,estimate,1.2789020208756,1.33295527048501,0.208878237884656,1.10860393756411,1.18384245294581,1.23805419697504,1.328709200644,1.42454989189068,1.74057705911883
Łódzkie,2021-08-14,,estimate,1.28107045737836,1.33771541261341,0.21374727762042,1.1091410727645,1.18505677351999,1.24045990850753,1.3339728572529,1.42940709880071,1.75067016358755
Łódzkie,2021-08-15,,estimate,1.28321588503295,1.34079917694509,0.217903777575488,1.1110484936256,1.1854488906064,1.24176102979507,1.33557370950392,1.43772380153429,1.75233602922613
Łódzkie,2021-08-16,,estimate,1.28544001763759,1.34201632012749,0.221003689388666,1.11159092844093,1.18691498910097,1.24019192852835,1.33756700067788,1.44394957706871,1.74843807371073
Łódzkie,2021-08-17,,estimate,1.2827407831697,1.34119984874862,0.222611338070102,1.11126809557233,1.18493425992874,1.23833161565434,1.33718435372719,1.44148845888064,1.73374390015608
Łódzkie,2021-08-18,,estimate,1.27673570470337,1.33822109328852,0.222247471758923,1.11094831332663,1.18451509343517,1.2354291514075,1.33203305717776,1.44083579311876,1.72687612465496
Łódzkie,2021-08-19,,estimate,1.27021802356516,1.33300757204792,0.219488597029077,1.10630619406424,1.18180102182341,1.23264238637486,1.3246519415127,1.42904309202805,1.7230285563622
Łódzkie,2021-08-20,,estimate,1.26713426963772,1.32556016140841,0.214085499595114,1.10509188783653,1.17962030376428,1.22975604009255,1.31558972704706,1.41901715602863,1.71593078485782
Łódzkie,2021-08-21,,estimate,1.26098087419997,1.31596470987367,0.206054957923769,1.10449971891347,1.1762493585118,1.22430088729481,1.30524186344182,1.40106658129841,1.70492246808985
Łódzkie,2021-08-22,,estimate,1.25395419282452,1.3043938013481,0.195712996388714,1.10246890576555,1.17052147031256,1.22004878667989,1.29473674135977,1.38633463707303,1.67392847287493
Łódzkie,2021-08-23,,estimate,1.24630397501702,1.29109696505085,0.183642904013361,1.09742510311027,1.16806669382623,1.2121376136715,1.28229287980989,1.36473628440142,1.63419748575727
Łódzkie,2021-08-24,,estimate,1.23531100211916,1.27638121573391,0.17060923167136,1.09189776221004,1.16456566872632,1.20528302015368,1.26842764434422,1.3418050890904,1.59890724612119
Łódzkie,2021-08-25,,estimate,1.22468893909603,1.26058671215234,0.15744100426957,1.08664347606412,1.15805645437971,1.19628778401041,1.25642328199075,1.3212052487561,1.55918619559816
Łódzkie,2021-08-26,,estimate,1.21380715099986,1.2440631145456,0.144917466854487,1.07766906786642,1.15192478566894,1.18823238620309,1.24459921485103,1.30360353615296,1.51707879592031
Łódzkie,2021-08-27,,estimate,1.20202219896255,1.22715065710006,0.133688011383959,1.06385932010466,1.14463648226519,1.17868492459882,1.22894148116226,1.28359313348527,1.47587604596885
Łódzkie,2021-08-28,,estimate,1.19077872134836,1.21016720038584,0.124235810789138,1.0430036030568,1.13734928046057,1.16994580065768,1.2161959265879,1.26582532166448,1.4342036452505
Łódzkie,2021-08-29,,estimate,1.18002725377859,1.19340031294449,0.116867552494943,1.01892649906327,1.12952168934238,1.16012687330288,1.20260151597854,1.24720890450466,1.39887870288979
Łódzkie,2021-08-30,,estimate,1.17139725217486,1.17710272992625,0.111707193819023,0.993832033963377,1.11879207725918,1.15111525783847,1.19205942052356,1.23207156229914,1.36672611949715
Łódzkie,2021-08-31,,estimate,1.16068332783937,1.16149005571959,0.108693125661126,0.972126470127784,1.10923935418938,1.14266141039953,1.18231510652093,1.2190875045215,1.33267099692155
Łódzkie,2021-09-01,,estimate,1.15266478150366,1.14674034582493,0.107596416814983,0.957548931106233,1.09286683546403,1.1346493318541,1.17165849602571,1.20774020882134,1.3048960112762
Łódzkie,2021-09-02,,estimate,1.14576851801008,1.13299552264146,0.108069128974286,0.93339436424102,1.07865909898231,1.1265116985892,1.16401875152557,1.19780920348651,1.28491847203286
Łódzkie,2021-09-03,,estimate,1.13838549667634,1.12036442001137,0.109708724713729,0.91354908309638,1.06308904797405,1.11624763512277,1.15792728543209,1.18915950100021,1.27079592471572
Łódzkie,2021-09-04,,estimate,1.13157735788197,1.10892697723619,0.112114930927814,0.895565248713911,1.05131974544021,1.106637205583,1.15202788032837,1.18098736953635,1.2558655424389
Łódzkie,2021-09-05,,estimate,1.12475118754675,1.09873902904683,0.114924690121857,0.877513404384641,1.04041718137551,1.09481348298962,1.14558161133902,1.1760150701051,1.24528086667146
Łódzkie,2021-09-06,,estimate,1.11876993395159,1.08983730307498,0.117825137713366,0.861633966689545,1.0235263574767,1.08824196181176,1.14164171765283,1.1702506748012,1.23839136096695
Łódzkie,2021-09-07,,estimate,1.11118044897531,1.08224445015612,0.120553171520234,0.843902181797153,1.01317863660976,1.08035046940625,1.13538729499731,1.16711665806494,1.23373962695995
Łódzkie,2021-09-08,,estimate,1.1056563749122,1.0759739722061,0.122891541435741,0.833367608911426,1.00611433420803,1.07318676443666,1.1313673168727,1.16491803409514,1.23049541233435
Łódzkie,2021-09-09,,estimate,1.10229962562654,1.07103472422627,0.124667600655585,0.823297806994129,0.999611544435085,1.06626745520125,1.12880005082782,1.16203594430563,1.22520694264698
Łódzkie,2021-09-10,,estimate,1.09789348516266,1.06743442422821,0.125755210237035,0.816863468608219,0.994450493166681,1.06150526264622,1.12607936859613,1.15973025950538,1.22139516832023
Łódzkie,2021-09-11,,estimate,1.09618818647217,1.06518156217805,0.12607651086838,0.814997984829734,0.99057064550085,1.05781341434831,1.12548070024608,1.15803041776854,1.21985284444262
Łódzkie,2021-09-12,,estimate,1.0947781887545,1.06428537116715,0.125600455183496,0.817871109375339,0.988435980048312,1.05639745096513,1.12449315685333,1.15716420464844,1.21981045154927
Łódzkie,2021-09-13,,estimate,1.09453400914113,1.06475398818172,0.124338094381469,0.817875165196153,0.990667397425954,1.05589468308332,1.12504691891132,1.15590428887923,1.21985229151745
Łódzkie,2021-09-14,,estimate,1.09537512155952,1.06659133108219,0.122337657928992,0.82744529510128,0.995799873650068,1.05782224202563,1.12531160443477,1.15643281406409,1.21806788882233
Łódzkie,2021-09-15,,estimate,1.09768509490391,1.06979335773296,0.119683037770357,0.837292321838802,0.997807310328578,1.06398691873001,1.12445645691619,1.15750704263405,1.21713229409002
Łódzkie,2021-09-16,,estimate,1.10258549829267,1.07434424694003,0.116497134524473,0.850697327890318,1.00375197510253,1.06987034966736,1.12613284288468,1.15893743826989,1.21964799264391
Łódzkie,2021-09-17,,estimate,1.10761280247261,1.08021281231063,0.112948512698556,0.864504627003452,1.01208972416169,1.07476535478476,1.12903651343267,1.16088106202037,1.22148294423158
Łódzkie,2021-09-18,,estimate,1.1130677212651,1.08734932509988,0.109258368955954,0.880462532742141,1.02241684781846,1.08117576854275,1.13235271385407,1.16373862421741,1.22949835667751
Łódzkie,2021-09-19,,estimate,1.11615932744353,1.09568295906383,0.105705596456571,0.899850563697427,1.03548315301605,1.08957400163229,1.13659019678838,1.16596182479262,1.23550307456747
Łódzkie,2021-09-20,,estimate,1.1207354616813,1.10512019126827,0.102628473637871,0.918881005557893,1.0486835128463,1.09671872368745,1.14171774781375,1.17061191885762,1.24625454581462
Łódzkie,2021-09-21,,estimate,1.1269551146879,1.115544531694,0.100418805930767,0.937548094694669,1.05951418276634,1.10595943042709,1.14723970733001,1.1775100578029,1.25778539038309
Łódzkie,2021-09-22,,estimate,1.13504685092499,1.12681781776798,0.0994980575870964,0.95287299270356,1.07126910684975,1.11422791814896,1.15457084967385,1.1850003763505,1.27331910471506
Łódzkie,2021-09-23,,estimate,1.14198957643967,1.13878306592739,0.10026266165408,0.969326785118926,1.08369464459017,1.12293574034288,1.16088888162296,1.19540016492237,1.29118890422797
Łódzkie,2021-09-24,,estimate,1.15014419398882,1.15126871026114,0.102999885773187,0.981669836682283,1.09119597037727,1.13022303972872,1.16938005320055,1.20488719016833,1.32350314358917
Łódzkie,2021-09-25,,estimate,1.15880694494747,1.16409414184405,0.107806342327629,0.994679014541249,1.10229256808748,1.13887308762736,1.17776702454509,1.21505504600062,1.35581839649285
Łódzkie,2021-09-26,,estimate,1.16678044713207,1.17707676955971,0.114559598742567,1.01067626943263,1.11271452078628,1.14667691393056,1.18692821343111,1.22660776747561,1.37790399998727
Łódzkie,2021-09-27,,estimate,1.17408926665649,1.19004107908805,0.122969988505045,1.01720126450977,1.11966666799596,1.15530786735298,1.19740770012683,1.24450929865722,1.41301238310363
Łódzkie,2021-09-28,,estimate,1.18286616068662,1.2028299432419,0.132693536388904,1.02451825622157,1.12591004912744,1.1616220489507,1.20875250421125,1.26251174377352,1.44965585334924
Łódzkie,2021-09-29,,estimate,1.18978508565092,1.21531743363892,0.143461546667991,1.02570529303679,1.13191968026432,1.16624154941124,1.21823231681452,1.27767593711907,1.49386189245114
Łódzkie,2021-09-30,,estimate,1.19594930705126,1.22742079747858,0.155184103165264,1.0182481797719,1.13476485898199,1.17117954045206,1.23157068370835,1.30103889376589,1.5163439619561
Łódzkie,2021-10-01,,estimate based on partial data,1.20320664114742,1.23910797059399,0.167991915659842,1.01658472190711,1.13721140400559,1.17391418844133,1.23837673087714,1.3236070649404,1.55199058734812
Łódzkie,2021-10-02,,estimate based on partial data,1.20876647507043,1.2503971824607,0.182192431840594,1.00924444603722,1.13785077188809,1.17889579567661,1.25025038854361,1.34354510212135,1.60426960190906
Łódzkie,2021-10-03,,estimate based on partial data,1.21227338223637,1.26134741787198,0.198149092252073,1.00116777858832,1.13757121550556,1.1805646985437,1.26029714690789,1.36187494037319,1.64140274811879
Łódzkie,2021-10-04,,estimate based on partial data,1.21546306881733,1.27204188178416,0.216138780944997,0.997824054658574,1.13688321757861,1.18065352522779,1.26875851625886,1.37981783756328,1.7003175294889
Łódzkie,2021-10-05,,estimate based on partial data,1.21829601097569,1.28256929869726,0.236259029298868,0.988613702597173,1.13436321027876,1.18199273596527,1.2735103356593,1.39868417182257,1.7548079349837
Łódzkie,2021-10-06,,estimate based on partial data,1.2218007048687,1.29300838513492,0.258420674931648,0.978589326782669,1.13386396163177,1.18303636707947,1.27765311345099,1.41767892877705,1.82405416457511
Łódzkie,2021-10-07,,estimate based on partial data,1.22276399329561,1.30341913783523,0.282408344444659,0.962588109630902,1.1315687008901,1.18288080320439,1.28192594165536,1.43186650654737,1.87892056464226
Łódzkie,2021-10-08,,estimate based on partial data,1.22430790819656,1.31384184511215,0.307967131551299,0.954612163486456,1.12878995348063,1.18395650252214,1.28426847745308,1.44045565574736,1.95578607106694
Łódzkie,2021-10-09,,estimate based on partial data,1.22495062269044,1.32430225231116,0.334883265240883,0.940492384540962,1.1284316586948,1.18239126375888,1.28813266421041,1.4525579557915,2.01447886582577
Łódzkie,2021-10-10,,estimate based on partial data,1.22603477796532,1.33481983602539,0.363043564113839,0.925869970287927,1.12573623083398,1.18332714363157,1.2900271934847,1.46253977405166,2.07702584697352
Łódzkie,2021-10-11,,estimate based on partial data,1.22455902209903,1.3454158811682,0.392466878801392,0.902089465542871,1.12405271015367,1.18399678806566,1.29266746356504,1.47650066769907,2.14244413404236
Łódzkie,2021-10-12,,estimate based on partial data,1.226192277459,1.35611895436098,0.42330440108789,0.889386618106291,1.12214385984088,1.1818471100586,1.292565034027,1.4829513114608,2.22562432861761
Łódzkie,2021-10-13,,estimate based on partial data,1.22585269790926,1.36696711153876,0.455814134086296,0.870749112366136,1.1198801817065,1.18180533186457,1.29321663582396,1.49121419661838,2.30324790278155
Łódzkie,2021-10-14,,estimate based on partial data,1.2257673350719,1.37800804213143,0.490328409105923,0.856047378178718,1.11942278612878,1.18114590735423,1.29891231209596,1.50288265495389,2.36711431351901
Łódzkie,2021-10-15,,estimate based on partial data,1.22356002128323,1.38929932085696,0.527240919469444,0.84477976583295,1.11644804803947,1.18089874268322,1.30123004136907,1.50741978452672,2.42757675154367
Łódzkie,2021-10-16,,estimate based on partial data,1.22281306589972,1.40091032676409,0.567029451495144,0.827584807147902,1.11666971883852,1.17733247597238,1.30587418516786,1.5114897986887,2.47771825329624
Łódzkie,2021-10-17,,estimate based on partial data,1.22412216371001,1.41292556891603,0.610305421874813,0.813763075391503,1.11715687615895,1.1737328450374,1.30668386956695,1.52883471426027,2.53737572343607
Łódzkie,2021-10-18,,estimate based on partial data,1.22626376307291,1.42544753520933,0.657861962880576,0.80846185449613,1.11223023740904,1.17542390914472,1.30938471428806,1.54489477485905,2.60359843852905
Łódzkie,2021-10-19,,forecast,1.22626376307291,1.42544753520933,0.657861962880576,0.80846185449613,1.11223023740904,1.17542390914472,1.30938471428806,1.54489477485905,2.60359843852905
Łódzkie,2021-10-20,,forecast,1.22626376307291,1.42544753520933,0.657861962880576,0.80846185449613,1.11223023740904,1.17542390914472,1.30938471428806,1.54489477485905,2.60359843852905
Łódzkie,2021-10-21,,forecast,1.22626376307291,1.42544753520933,0.657861962880576,0.80846185449613,1.11223023740904,1.17542390914472,1.30938471428806,1.54489477485905,2.60359843852905
Łódzkie,2021-10-22,,forecast,1.22626376307291,1.42544753520933,0.657861962880576,0.80846185449613,1.11223023740904,1.17542390914472,1.30938471428806,1.54489477485905,2.60359843852905
Łódzkie,2021-10-23,,forecast,1.22626376307291,1.42544753520933,0.657861962880576,0.80846185449613,1.11223023740904,1.17542390914472,1.30938471428806,1.54489477485905,2.60359843852905
Łódzkie,2021-10-24,,forecast,1.22626376307291,1.42544753520933,0.657861962880576,0.80846185449613,1.11223023740904,1.17542390914472,1.30938471428806,1.54489477485905,2.60359843852905
Łódzkie,2021-10-25,,forecast,1.22626376307291,1.42544753520933,0.657861962880576,0.80846185449613,1.11223023740904,1.17542390914472,1.30938471428806,1.54489477485905,2.60359843852905
Łódzkie,2021-10-26,,forecast,1.22626376307291,1.42544753520933,0.657861962880576,0.80846185449613,1.11223023740904,1.17542390914472,1.30938471428806,1.54489477485905,2.60359843852905
Łódzkie,2021-10-27,,forecast,1.22626376307291,1.42544753520933,0.657861962880576,0.80846185449613,1.11223023740904,1.17542390914472,1.30938471428806,1.54489477485905,2.60359843852905
Łódzkie,2021-10-28,,forecast,1.22626376307291,1.42544753520933,0.657861962880576,0.80846185449613,1.11223023740904,1.17542390914472,1.30938471428806,1.54489477485905,2.60359843852905
Łódzkie,2021-10-29,,forecast,1.22626376307291,1.42544753520933,0.657861962880576,0.80846185449613,1.11223023740904,1.17542390914472,1.30938471428806,1.54489477485905,2.60359843852905
Łódzkie,2021-10-30,,forecast,1.22626376307291,1.42544753520933,0.657861962880576,0.80846185449613,1.11223023740904,1.17542390914472,1.30938471428806,1.54489477485905,2.60359843852905
Łódzkie,2021-10-31,,forecast,1.22626376307291,1.42544753520933,0.657861962880576,0.80846185449613,1.11223023740904,1.17542390914472,1.30938471428806,1.54489477485905,2.60359843852905
Łódzkie,2021-11-01,,forecast,1.22626376307291,1.42544753520933,0.657861962880576,0.80846185449613,1.11223023740904,1.17542390914472,1.30938471428806,1.54489477485905,2.60359843852905
Łódzkie,2021-11-02,,forecast,1.22626376307291,1.42544753520933,0.657861962880576,0.80846185449613,1.11223023740904,1.17542390914472,1.30938471428806,1.54489477485905,2.60359843852905
Łódzkie,2021-11-03,,forecast,1.22626376307291,1.42544753520933,0.657861962880576,0.80846185449613,1.11223023740904,1.17542390914472,1.30938471428806,1.54489477485905,2.60359843852905
Łódzkie,2021-11-04,,forecast,1.22626376307291,1.42544753520933,0.657861962880576,0.80846185449613,1.11223023740904,1.17542390914472,1.30938471428806,1.54489477485905,2.60359843852905
Łódzkie,2021-11-05,,forecast,1.22626376307291,1.42544753520933,0.657861962880576,0.80846185449613,1.11223023740904,1.17542390914472,1.30938471428806,1.54489477485905,2.60359843852905
Łódzkie,2021-11-06,,forecast,1.22626376307291,1.42544753520933,0.657861962880576,0.80846185449613,1.11223023740904,1.17542390914472,1.30938471428806,1.54489477485905,2.60359843852905
Łódzkie,2021-11-07,,forecast,1.22626376307291,1.42544753520933,0.657861962880576,0.80846185449613,1.11223023740904,1.17542390914472,1.30938471428806,1.54489477485905,2.60359843852905
Łódzkie,2021-11-08,,forecast,1.22626376307291,1.42544753520933,0.657861962880576,0.80846185449613,1.11223023740904,1.17542390914472,1.30938471428806,1.54489477485905,2.60359843852905
Łódzkie,2021-11-09,,forecast,1.22626376307291,1.42544753520933,0.657861962880576,0.80846185449613,1.11223023740904,1.17542390914472,1.30938471428806,1.54489477485905,2.60359843852905
Łódzkie,2021-11-10,,forecast,1.22626376307291,1.42544753520933,0.657861962880576,0.80846185449613,1.11223023740904,1.17542390914472,1.30938471428806,1.54489477485905,2.60359843852905
Łódzkie,2021-11-11,,forecast,1.22626376307291,1.42544753520933,0.657861962880576,0.80846185449613,1.11223023740904,1.17542390914472,1.30938471428806,1.54489477485905,2.60359843852905
Łódzkie,2021-11-12,,forecast,1.22626376307291,1.42544753520933,0.657861962880576,0.80846185449613,1.11223023740904,1.17542390914472,1.30938471428806,1.54489477485905,2.60359843852905
Łódzkie,2021-11-13,,forecast,1.22626376307291,1.42544753520933,0.657861962880576,0.80846185449613,1.11223023740904,1.17542390914472,1.30938471428806,1.54489477485905,2.60359843852905
Łódzkie,2021-11-14,,forecast,1.22626376307291,1.42544753520933,0.657861962880576,0.80846185449613,1.11223023740904,1.17542390914472,1.30938471428806,1.54489477485905,2.60359843852905
Łódzkie,2021-11-15,,forecast,1.22626376307291,1.42544753520933,0.657861962880576,0.80846185449613,1.11223023740904,1.17542390914472,1.30938471428806,1.54489477485905,2.60359843852905
Łódzkie,2021-11-16,,forecast,1.22626376307291,1.42544753520933,0.657861962880576,0.80846185449613,1.11223023740904,1.17542390914472,1.30938471428806,1.54489477485905,2.60359843852905
Łódzkie,2021-11-17,,forecast,1.22626376307291,1.42544753520933,0.657861962880576,0.80846185449613,1.11223023740904,1.17542390914472,1.30938471428806,1.54489477485905,2.60359843852905
Śląskie,2021-07-26,,estimate,1.0783604919582,1.08039338259489,0.127677736132935,0.87687799121195,0.995848169201689,1.04790271543494,1.10667691328329,1.15069355011705,1.29646694101796
Śląskie,2021-07-27,,estimate,1.07742867980595,1.07829036257506,0.122363808397877,0.88182026948386,0.996826219784277,1.04747398363421,1.10585957869559,1.14675269047307,1.2842524206734
Śląskie,2021-07-28,,estimate,1.07701945930404,1.07631743127546,0.118210216987631,0.887262190432584,0.99914313873644,1.04485756486205,1.1010045018985,1.1448575184227,1.26861253543585
Śląskie,2021-07-29,,estimate,1.07497144225552,1.07446569368581,0.115059956450188,0.889509519054556,0.998805196578079,1.04481067122591,1.09993808482124,1.1421895113774,1.25896266418977
Śląskie,2021-07-30,,estimate,1.07277641136213,1.07271376594065,0.112723148041118,0.89395451727421,0.998254800926059,1.04266381991793,1.09838109530716,1.14059819413625,1.24942335995063
Śląskie,2021-07-31,,estimate,1.07168207470148,1.07102913339654,0.111000272085972,0.891551126038811,0.998352232452294,1.0417501631271,1.09631068279629,1.13765783893596,1.24623751172687
Śląskie,2021-08-01,,estimate,1.06985270927788,1.06937071405905,0.109697699667871,0.897640626545947,0.997249038339585,1.0394179892712,1.09451987501068,1.13812754904624,1.24094572030287
Śląskie,2021-08-02,,estimate,1.06702677494377,1.06769257394771,0.1086331494105,0.898301543981078,0.999343672835478,1.03907977248969,1.09323999371213,1.13296281346015,1.23202839700835
Śląskie,2021-08-03,,estimate,1.0645378872631,1.06594888791784,0.107638936049573,0.895751151476967,0.998304119422411,1.03860975101635,1.09098884337292,1.13024912336339,1.22631706547538
Śląskie,2021-08-04,,estimate,1.06336700223855,1.06410001540213,0.106575029735093,0.895666045890931,0.997826085304298,1.03867031202113,1.09001586435899,1.12728883757028,1.22330749095003
Śląskie,2021-08-05,,estimate,1.06448249715109,1.06211898337479,0.105356178610408,0.896047659833893,0.996041720481206,1.03804260458863,1.08806165000104,1.12445794664476,1.22289059156008
Śląskie,2021-08-06,,estimate,1.06201710967217,1.05999705396941,0.103980662655527,0.897556237237808,0.992966861001552,1.03529465769606,1.08708761249316,1.12336113364084,1.22075243818117
Śląskie,2021-08-07,,estimate,1.06245461300899,1.05774688377585,0.102536404621228,0.891272781113672,0.990909074478542,1.03429609169329,1.08649045210325,1.12131172541401,1.21654506497998
Śląskie,2021-08-08,,estimate,1.06291273997171,1.05540236347665,0.10116807629521,0.889288087360048,0.988077570243219,1.03313416722591,1.0866104623552,1.11931268662955,1.21098525702835
Śląskie,2021-08-09,,estimate,1.06176262628443,1.0530153623299,0.100015933075542,0.888390528336108,0.98721302311384,1.03429815984844,1.08517133747029,1.11858649384433,1.2072102602866
Śląskie,2021-08-10,,estimate,1.05961963522883,1.05065062972529,0.0991612112756242,0.883127057110002,0.986238911081739,1.03355814918055,1.08322143871405,1.1175470434389,1.19982038220549
Śląskie,2021-08-11,,estimate,1.05864317202701,1.04838039843113,0.0986090379147055,0.878721380814015,0.985561804389527,1.03178838005151,1.08158018777764,1.11437506618285,1.19021652548799
Śląskie,2021-08-12,,estimate,1.05649387626263,1.04627972668625,0.0983099378351164,0.874812906910357,0.985836480022859,1.0301997691379,1.07946787558455,1.11403635885321,1.18873344991483
Śląskie,2021-08-13,,estimate,1.05544142398378,1.04442281983886,0.0981951823578935,0.871062209239081,0.98534897897255,1.02981452570903,1.07932839999314,1.11096431540018,1.18499482034964
Śląskie,2021-08-14,,estimate,1.0553148764443,1.0428800693959,0.0982017575291403,0.868624468194137,0.986304889811619,1.02881500554478,1.07680158051561,1.11055789976754,1.18193667391587
Śląskie,2021-08-15,,estimate,1.05323662745921,1.04171551894073,0.098281064843653,0.865140674756951,0.987338401602702,1.02845837584663,1.07599584664896,1.11007386450995,1.17755758934543
Śląskie,2021-08-16,,estimate,1.05247461486556,1.04098468020671,0.0983995597247459,0.863816056095513,0.985223074349772,1.02901098201003,1.07552512779464,1.10979767597894,1.17629159720653
Śląskie,2021-08-17,,estimate,1.05350121838328,1.04073277088257,0.0985395893542434,0.862384237999426,0.985629439291918,1.02862820843122,1.07593717335085,1.11097650644845,1.17421116386493
Śląskie,2021-08-18,,estimate,1.054912997105,1.04099343114593,0.0987007517886851,0.856919494553112,0.9860405721031,1.03048966919571,1.07579575149461,1.1111028871379,1.17371088598208
Śląskie,2021-08-19,,estimate,1.05702824050701,1.04178792452182,0.0988962869216043,0.856558669863563,0.988288753217382,1.03345658211282,1.07717962853186,1.11081491177592,1.17416361153024
Śląskie,2021-08-20,,estimate,1.05938872023427,1.04312491035185,0.0991398936832781,0.848768223057476,0.99176658520426,1.03718058334392,1.07966244917183,1.11144329843827,1.17754485545085
Śląskie,2021-08-21,,estimate,1.06173380414458,1.04500112350311,0.0994242099422187,0.848893457633138,0.996178151448314,1.0400951438337,1.08084214562613,1.11221486994024,1.17776459879245
Śląskie,2021-08-22,,estimate,1.06523639958622,1.04740354184278,0.0996992875603492,0.847279301606012,1.00094489156223,1.04348970135109,1.08311894161845,1.11399308317896,1.17748736581664
Śląskie,2021-08-23,,estimate,1.06862314834804,1.05031355505459,0.0998643332373214,0.849210538306607,1.00551466959138,1.04823876382852,1.08676259332714,1.11654007188813,1.1783790682338
Śląskie,2021-08-24,,estimate,1.07284167251026,1.05371302327745,0.0997842515610427,0.854373898370245,1.01141912788459,1.0511212364097,1.08956670787736,1.11859331636966,1.17949925831168
Śląskie,2021-08-25,,estimate,1.07590387539414,1.05759103721066,0.0993303786312633,0.860108935149057,1.01514007078786,1.05444876923235,1.0940232578113,1.12105800856026,1.17943765222428
Śląskie,2021-08-26,,estimate,1.07877017021289,1.06194926784153,0.0984273788682582,0.870540409675094,1.02232400532957,1.05869392652733,1.09825477850844,1.12483759611357,1.18281337428927
Śląskie,2021-08-27,,estimate,1.08279243309036,1.06680380194097,0.0970808738715384,0.877249133230273,1.02781607714871,1.06319366730817,1.1022202514652,1.12852423723626,1.18735142719612
Śląskie,2021-08-28,,estimate,1.08770559871535,1.07218254320247,0.0953727224954985,0.890709348887639,1.03411032559067,1.06861009155738,1.10587282271005,1.13252305748832,1.19027893787008
Śląskie,2021-08-29,,estimate,1.09254300594025,1.07811895728456,0.0934330035718367,0.904580608237098,1.04026854553898,1.07418923858282,1.10995429704966,1.13670310329418,1.19549778400601
Śląskie,2021-08-30,,estimate,1.09835665180058,1.08464409527187,0.0914099626376471,0.915894453033712,1.04794823903733,1.0789709187009,1.11389733942605,1.14047633976025,1.20226752396073
Śląskie,2021-08-31,,estimate,1.10406483438259,1.09177889608623,0.0894537989817322,0.931499290443895,1.05536676980541,1.08660006759225,1.11892159582559,1.14455075064393,1.21128390343188
Śląskie,2021-09-01,,estimate,1.10989647494922,1.09952803121271,0.0877162264896553,0.939713847579931,1.06233749946192,1.09318515727503,1.1240972189351,1.14941079090395,1.22142886651831
Śląskie,2021-09-02,,estimate,1.11647145223402,1.10787567948824,0.0863572003069974,0.952061432921327,1.07012025390289,1.10113393873752,1.13002079474838,1.15580611780603,1.22885517270199
Śląskie,2021-09-03,,estimate,1.12186848446857,1.11678305887409,0.0855473035852284,0.965235149849322,1.07850349240199,1.10800370982921,1.13678322300289,1.16396624055361,1.24159587282602
Śląskie,2021-09-04,,estimate,1.12876454396893,1.12618735974098,0.0854574673430727,0.98025649449551,1.08676073238119,1.11355821661474,1.14436344150892,1.17099462961854,1.25736235064659
Śląskie,2021-09-05,,estimate,1.13536606540147,1.13600176752117,0.0862348588727308,0.99395795799103,1.09344876199165,1.11949783825212,1.15130266608639,1.17755273217914,1.27879065124429
Śląskie,2021-09-06,,estimate,1.14179117832483,1.14611637403963,0.0879726572496248,1.00799782330758,1.10013024948368,1.12524615376629,1.15820186713486,1.18394328158204,1.29746587122469
Śląskie,2021-09-07,,estimate,1.14804978924224,1.15639988000192,0.0906871971759797,1.0254482775438,1.10798151602415,1.13147670091341,1.16455690419807,1.19368744547037,1.32008835355832
Śląskie,2021-09-08,,estimate,1.15481838798529,1.16670207319136,0.0943129759473141,1.0386032794699,1.11374037762362,1.13875412990986,1.17165931653625,1.20260371305548,1.33917475443077
Śląskie,2021-09-09,,estimate,1.16087498131874,1.17685713322952,0.0987147636266451,1.05173787061641,1.11922252229421,1.14495886078972,1.17875089242641,1.2143263938362,1.36158032880682
Śląskie,2021-09-10,,estimate,1.16774878412567,1.1866878620895,0.103705348383397,1.06135778635666,1.1267634862786,1.15208063278623,1.18665025849338,1.22409090420437,1.37921712624323
Śląskie,2021-09-11,,estimate,1.17568701552077,1.19601096374568,0.109056065515314,1.07007713356108,1.12925401498556,1.15812292365414,1.19459628728485,1.23496673099681,1.39975797954452
Śląskie,2021-09-12,,estimate,1.18173104878349,1.20464349775273,0.114495616485867,1.07470828695137,1.13260729081675,1.16293204332131,1.2024808286334,1.24399967015682,1.42443090901908
Śląskie,2021-09-13,,estimate,1.18679534297519,1.21241060198167,0.119704481948655,1.07987773450491,1.13659167274774,1.16714871897979,1.2097012447888,1.25419628749893,1.46553578472092
Śląskie,2021-09-14,,estimate,1.19182469877531,1.2191544535538,0.124320276126827,1.08292812844125,1.13857072274249,1.17105569173638,1.21385521782566,1.26428990497067,1.46062399500713
Śląskie,2021-09-15,,estimate,1.19545251375915,1.2247440919703,0.127968418855674,1.08548321822602,1.14185862668066,1.17341578651082,1.21867005150747,1.27092748507639,1.46966890691859
Śląskie,2021-09-16,,estimate,1.19952139543788,1.22908512056389,0.130321121674828,1.08786355386631,1.14467967744991,1.17635079241432,1.22319454080464,1.27753971385316,1.47878746783461
Śląskie,2021-09-17,,estimate,1.20258299178601,1.23212765105045,0.13117099542224,1.08830269634901,1.14752347091699,1.17937578180792,1.22588103657979,1.28302824496835,1.48031728221624
Śląskie,2021-09-18,,estimate,1.20541100463255,1.23387062800942,0.130493817178619,1.08844159665511,1.14961499932331,1.18176276510814,1.22829618541878,1.2846527994456,1.46592456788191
Śląskie,2021-09-19,,estimate,1.20771374013361,1.23436124561988,0.128476294821489,1.08970525841448,1.14996127013604,1.18373618952416,1.23062651906563,1.28642116347722,1.47065670886839
Śląskie,2021-09-20,,estimate,1.20879905008211,1.23368944595013,0.125498420753575,1.08823829411914,1.15011769524978,1.18648429588791,1.23501695281402,1.285201665662,1.47012652288679
Śląskie,2021-09-21,,estimate,1.20867321427166,1.23197884623408,0.12207728880256,1.08635776944519,1.14964165730517,1.18775630824201,1.23565755345928,1.28399586190383,1.45988473097677
Śląskie,2021-09-22,,estimate,1.20936786440056,1.22937616930474,0.118789941041198,1.0835753308648,1.14782825765966,1.18723645597272,1.23291839828856,1.28466476461182,1.44918417568778
Śląskie,2021-09-23,,estimate,1.20811455783146,1.22604106241128,0.116193199533762,1.07706749382933,1.14656629774426,1.18580912524109,1.23327249736604,1.28533633626697,1.43814456634645
Śląskie,2021-09-24,,estimate,1.20668280802953,1.22213738310089,0.114752954894418,1.06767406049515,1.14477801552986,1.18115045151689,1.23191001214817,1.28143502697714,1.42880770791034
Śląskie,2021-09-25,,estimate,1.20364699487386,1.21782618803761,0.114791116566149,1.05968140015045,1.13900511919843,1.17710538052683,1.23011970982234,1.28231422050369,1.42688908329005
Śląskie,2021-09-26,,estimate,1.19909546121815,1.21326021144881,0.116457614631886,1.04928315393213,1.1353008293564,1.17432188828934,1.23031317038779,1.27803608050272,1.4185242069565
Śląskie,2021-09-27,,estimate,1.19692813217401,1.20857962435169,0.119733218501256,1.04187175489106,1.13216861882515,1.1690121799633,1.22882653716487,1.27524008708115,1.41673418537348
Śląskie,2021-09-28,,estimate,1.19548786292799,1.20390909415168,0.124462465639767,1.02273562348422,1.12702884864519,1.16594896099036,1.22521382368692,1.2725214445262,1.41538642700431
Śląskie,2021-09-29,,estimate,1.19198816902109,1.19935632051362,0.130407390870395,1.01349733313965,1.12274842709015,1.16251708919533,1.22149577632342,1.27242195508437,1.42226969754793
Śląskie,2021-09-30,,estimate,1.18686125285078,1.19501212973099,0.13730797129651,0.997171897289033,1.11709394047923,1.16045711892722,1.21748263410533,1.2708804449358,1.42535067032599
Śląskie,2021-10-01,,estimate based on partial data,1.18649186395387,1.19095187771773,0.14493571686484,0.973567867072613,1.11285747905109,1.15738330824333,1.21600818434911,1.27136674786968,1.42905949921136
Śląskie,2021-10-02,,estimate based on partial data,1.18465101251854,1.18723751423834,0.153129887670951,0.951180858292432,1.10830046106511,1.154991114804,1.21551953457431,1.27163605796945,1.43035678367524
Śląskie,2021-10-03,,estimate based on partial data,1.18068799338555,1.18391943790758,0.161810011545672,0.930079219632514,1.10250821777251,1.15251552403403,1.21394785125948,1.27134288536663,1.44019783173141
Śląskie,2021-10-04,,estimate based on partial data,1.17690146067022,1.18103739644754,0.170964517281361,0.908227469280328,1.09877804539339,1.14960294646188,1.21248251391927,1.27514184062591,1.45463335828698
Śląskie,2021-10-05,,estimate based on partial data,1.17640557824462,1.17862015208894,0.180622567078904,0.885120443441307,1.09495243238918,1.14615336966815,1.20924756888242,1.27669778152174,1.46951820196825
Śląskie,2021-10-06,,estimate based on partial data,1.17505838168911,1.17668423679804,0.190820794216813,0.867671208327575,1.08928398629938,1.14232167679736,1.20755280469101,1.27809487347409,1.4795644193217
Śląskie,2021-10-07,,estimate based on partial data,1.17266028219058,1.17523259373234,0.201575660027227,0.845188321929209,1.08327912381296,1.13729947392197,1.20692598722424,1.27764556074074,1.4917380929153
Śląskie,2021-10-08,,estimate based on partial data,1.17064561138271,1.17425406279137,0.212867068883452,0.820941441276416,1.07707267673091,1.13503740010831,1.20658398479888,1.27844195641531,1.5171080592157
Śląskie,2021-10-09,,estimate based on partial data,1.1688425689873,1.17372450969422,0.224634139420528,0.803659383400101,1.07162001573511,1.13450074594384,1.20740930667177,1.28151631445612,1.5329768179888
Śląskie,2021-10-10,,estimate based on partial data,1.16876061680844,1.17361001692012,0.236782186702868,0.786545002928249,1.06450316718793,1.13375890574021,1.20520842523241,1.28033430944107,1.55463634939505
Śląskie,2021-10-11,,estimate based on partial data,1.16785374439681,1.1738720571376,0.249199936981328,0.772287478946069,1.05970563960644,1.13274431830855,1.20409560678746,1.28414921904383,1.57042984912952
Śląskie,2021-10-12,,estimate based on partial data,1.16537872125412,1.17447403781377,0.261785443183001,0.757020249315528,1.0556222404921,1.13200701262529,1.20300204888223,1.28696815370331,1.58799908283519
Śląskie,2021-10-13,,estimate based on partial data,1.16553276910951,1.17538813055514,0.274477165848629,0.741018386583953,1.05250046796604,1.12999177101403,1.20307355150437,1.28659674611131,1.60951361224395
Śląskie,2021-10-14,,estimate based on partial data,1.16466926861542,1.17660100630272,0.287283988758478,0.726769405046091,1.05095529389362,1.12777046057147,1.20118364778879,1.29087869879708,1.62905279414546
Śląskie,2021-10-15,,estimate based on partial data,1.16227535625972,1.17811712384646,0.300306073293431,0.709391828671957,1.04695084315647,1.12691310821888,1.20057960215946,1.29317385181675,1.65362930743112
Śląskie,2021-10-16,,estimate based on partial data,1.15985505918371,1.17995864227428,0.313739059876047,0.69540175848158,1.04455231736835,1.12355334690301,1.2005466144243,1.2949477714827,1.68480731559915
Śląskie,2021-10-17,,estimate based on partial data,1.15954280429223,1.18216178976473,0.327858176055671,0.677069000698738,1.04022011253145,1.12266390923118,1.2026182554173,1.29818620918343,1.70772564267121
Śląskie,2021-10-18,,estimate based on partial data,1.15757109282145,1.18477039077745,0.342985340848041,0.662515994805828,1.0371699638086,1.12207746122651,1.20236457286496,1.29804258581644,1.7257580762668
Śląskie,2021-10-19,,forecast,1.15757109282145,1.18477039077745,0.342985340848041,0.662515994805828,1.0371699638086,1.12207746122651,1.20236457286496,1.29804258581644,1.7257580762668
Śląskie,2021-10-20,,forecast,1.15757109282145,1.18477039077745,0.342985340848041,0.662515994805828,1.0371699638086,1.12207746122651,1.20236457286496,1.29804258581644,1.7257580762668
Śląskie,2021-10-21,,forecast,1.15757109282145,1.18477039077745,0.342985340848041,0.662515994805828,1.0371699638086,1.12207746122651,1.20236457286496,1.29804258581644,1.7257580762668
Śląskie,2021-10-22,,forecast,1.15757109282145,1.18477039077745,0.342985340848041,0.662515994805828,1.0371699638086,1.12207746122651,1.20236457286496,1.29804258581644,1.7257580762668
Śląskie,2021-10-23,,forecast,1.15757109282145,1.18477039077745,0.342985340848041,0.662515994805828,1.0371699638086,1.12207746122651,1.20236457286496,1.29804258581644,1.7257580762668
Śląskie,2021-10-24,,forecast,1.15757109282145,1.18477039077745,0.342985340848041,0.662515994805828,1.0371699638086,1.12207746122651,1.20236457286496,1.29804258581644,1.7257580762668
Śląskie,2021-10-25,,forecast,1.15757109282145,1.18477039077745,0.342985340848041,0.662515994805828,1.0371699638086,1.12207746122651,1.20236457286496,1.29804258581644,1.7257580762668
Śląskie,2021-10-26,,forecast,1.15757109282145,1.18477039077745,0.342985340848041,0.662515994805828,1.0371699638086,1.12207746122651,1.20236457286496,1.29804258581644,1.7257580762668
Śląskie,2021-10-27,,forecast,1.15757109282145,1.18477039077745,0.342985340848041,0.662515994805828,1.0371699638086,1.12207746122651,1.20236457286496,1.29804258581644,1.7257580762668
Śląskie,2021-10-28,,forecast,1.15757109282145,1.18477039077745,0.342985340848041,0.662515994805828,1.0371699638086,1.12207746122651,1.20236457286496,1.29804258581644,1.7257580762668
Śląskie,2021-10-29,,forecast,1.15757109282145,1.18477039077745,0.342985340848041,0.662515994805828,1.0371699638086,1.12207746122651,1.20236457286496,1.29804258581644,1.7257580762668
Śląskie,2021-10-30,,forecast,1.15757109282145,1.18477039077745,0.342985340848041,0.662515994805828,1.0371699638086,1.12207746122651,1.20236457286496,1.29804258581644,1.7257580762668
Śląskie,2021-10-31,,forecast,1.15757109282145,1.18477039077745,0.342985340848041,0.662515994805828,1.0371699638086,1.12207746122651,1.20236457286496,1.29804258581644,1.7257580762668
Śląskie,2021-11-01,,forecast,1.15757109282145,1.18477039077745,0.342985340848041,0.662515994805828,1.0371699638086,1.12207746122651,1.20236457286496,1.29804258581644,1.7257580762668
Śląskie,2021-11-02,,forecast,1.15757109282145,1.18477039077745,0.342985340848041,0.662515994805828,1.0371699638086,1.12207746122651,1.20236457286496,1.29804258581644,1.7257580762668
Śląskie,2021-11-03,,forecast,1.15757109282145,1.18477039077745,0.342985340848041,0.662515994805828,1.0371699638086,1.12207746122651,1.20236457286496,1.29804258581644,1.7257580762668
Śląskie,2021-11-04,,forecast,1.15757109282145,1.18477039077745,0.342985340848041,0.662515994805828,1.0371699638086,1.12207746122651,1.20236457286496,1.29804258581644,1.7257580762668
Śląskie,2021-11-05,,forecast,1.15757109282145,1.18477039077745,0.342985340848041,0.662515994805828,1.0371699638086,1.12207746122651,1.20236457286496,1.29804258581644,1.7257580762668
Śląskie,2021-11-06,,forecast,1.15757109282145,1.18477039077745,0.342985340848041,0.662515994805828,1.0371699638086,1.12207746122651,1.20236457286496,1.29804258581644,1.7257580762668
Śląskie,2021-11-07,,forecast,1.15757109282145,1.18477039077745,0.342985340848041,0.662515994805828,1.0371699638086,1.12207746122651,1.20236457286496,1.29804258581644,1.7257580762668
Śląskie,2021-11-08,,forecast,1.15757109282145,1.18477039077745,0.342985340848041,0.662515994805828,1.0371699638086,1.12207746122651,1.20236457286496,1.29804258581644,1.7257580762668
Śląskie,2021-11-09,,forecast,1.15757109282145,1.18477039077745,0.342985340848041,0.662515994805828,1.0371699638086,1.12207746122651,1.20236457286496,1.29804258581644,1.7257580762668
Śląskie,2021-11-10,,forecast,1.15757109282145,1.18477039077745,0.342985340848041,0.662515994805828,1.0371699638086,1.12207746122651,1.20236457286496,1.29804258581644,1.7257580762668
Śląskie,2021-11-11,,forecast,1.15757109282145,1.18477039077745,0.342985340848041,0.662515994805828,1.0371699638086,1.12207746122651,1.20236457286496,1.29804258581644,1.7257580762668
Śląskie,2021-11-12,,forecast,1.15757109282145,1.18477039077745,0.342985340848041,0.662515994805828,1.0371699638086,1.12207746122651,1.20236457286496,1.29804258581644,1.7257580762668
Śląskie,2021-11-13,,forecast,1.15757109282145,1.18477039077745,0.342985340848041,0.662515994805828,1.0371699638086,1.12207746122651,1.20236457286496,1.29804258581644,1.7257580762668
Śląskie,2021-11-14,,forecast,1.15757109282145,1.18477039077745,0.342985340848041,0.662515994805828,1.0371699638086,1.12207746122651,1.20236457286496,1.29804258581644,1.7257580762668
Śląskie,2021-11-15,,forecast,1.15757109282145,1.18477039077745,0.342985340848041,0.662515994805828,1.0371699638086,1.12207746122651,1.20236457286496,1.29804258581644,1.7257580762668
Śląskie,2021-11-16,,forecast,1.15757109282145,1.18477039077745,0.342985340848041,0.662515994805828,1.0371699638086,1.12207746122651,1.20236457286496,1.29804258581644,1.7257580762668
Śląskie,2021-11-17,,forecast,1.15757109282145,1.18477039077745,0.342985340848041,0.662515994805828,1.0371699638086,1.12207746122651,1.20236457286496,1.29804258581644,1.7257580762668
Świętokrzyskie,2021-08-08,,estimate,1.10132085341377,1.11731227143254,0.148447483442308,0.901315633125664,1.02023460652139,1.06811692743774,1.13549863689013,1.19952769269608,1.38623877695632
Świętokrzyskie,2021-08-09,,estimate,1.10362133008568,1.12028028385051,0.143817354807934,0.907752208749365,1.02630279979955,1.07188929386449,1.1377613366416,1.20171757888344,1.3820054341013
Świętokrzyskie,2021-08-10,,estimate,1.10443661464579,1.12349958463283,0.141683925610645,0.921699481117079,1.0307610824592,1.0757585937122,1.13782618720696,1.20347117770833,1.38978645574617
Świętokrzyskie,2021-08-11,,estimate,1.10611859107126,1.12684353649947,0.141632552429641,0.928878342659959,1.0340801570317,1.07746882548356,1.14110828328993,1.20438423785657,1.38201367495534
Świętokrzyskie,2021-08-12,,estimate,1.10785931556565,1.13017860330629,0.143066386802435,0.933399312797488,1.03490487588033,1.07930290127814,1.14224243743313,1.20700971979775,1.38305877107932
Świętokrzyskie,2021-08-13,,estimate,1.111379140227,1.13337499877324,0.145372589265371,0.937484286910307,1.0366468150392,1.08033684763018,1.14270787927096,1.2083342343952,1.38945663384132
Świętokrzyskie,2021-08-14,,estimate,1.1128922528002,1.13631397042719,0.148054539601464,0.943151771766518,1.03960428705463,1.08229485511514,1.14418204593834,1.21053121573736,1.39629174813212
Świętokrzyskie,2021-08-15,,estimate,1.11396968997557,1.13888979321971,0.15078071467033,0.946153689716762,1.03966542647568,1.08447399427768,1.14517143185725,1.21071331180338,1.41651545226085
Świętokrzyskie,2021-08-16,,estimate,1.11323052768815,1.14100687406727,0.153353301835802,0.946518441743776,1.04034763125223,1.08478041670572,1.14508697003402,1.211674088213,1.42534433921758
Świętokrzyskie,2021-08-17,,estimate,1.11469701240814,1.14257457584949,0.155631333897846,0.949675321633844,1.04257246334273,1.0847294726809,1.14411084348098,1.21291124802705,1.42519779767575
Świętokrzyskie,2021-08-18,,estimate,1.11268036874084,1.14350339292979,0.157454325528391,0.95047178529909,1.04185275514898,1.08373500236394,1.1441090101641,1.21122232897838,1.42655393850029
Świętokrzyskie,2021-08-19,,estimate,1.11239314363873,1.14370534542139,0.15860987156473,0.948524933524492,1.04232995935367,1.08388338749174,1.14457800461831,1.20988208046857,1.43729258086496
Świętokrzyskie,2021-08-20,,estimate,1.11183473196634,1.14309912590635,0.15886666692671,0.951154514259154,1.04334740583371,1.0836849081806,1.14241011867664,1.20901245551157,1.43885095028065
Świętokrzyskie,2021-08-21,,estimate,1.10947989519992,1.14161785391734,0.158051914619186,0.949929370159796,1.04259443966328,1.08296672871838,1.14159385581581,1.20562767143673,1.44467759788749
Świętokrzyskie,2021-08-22,,estimate,1.10734825708772,1.13921602331439,0.156117804052399,0.95084338557662,1.04149848003568,1.08306340477848,1.13921215073371,1.20193520665182,1.44311034969246
Świętokrzyskie,2021-08-23,,estimate,1.10517255378238,1.13587327805396,0.153151963001048,0.949872636152249,1.0407591619923,1.08015104149318,1.135736498229,1.20094400757055,1.42061388871965
Świętokrzyskie,2021-08-24,,estimate,1.10179694768747,1.13159503245495,0.149333983307522,0.950918240638761,1.0393885903938,1.07835358119906,1.12991994164349,1.19507760144264,1.40859388583847
Świętokrzyskie,2021-08-25,,estimate,1.09880125662035,1.12641160056174,0.144876213309138,0.952633468108164,1.0345965068144,1.07612621356694,1.1242386111726,1.18594953220609,1.39945771399928
Świętokrzyskie,2021-08-26,,estimate,1.09438752496276,1.12037733131903,0.139983497703277,0.94914013735448,1.03319809022495,1.07089955147066,1.11993878628097,1.17799305430869,1.37970327599713
Świętokrzyskie,2021-08-27,,estimate,1.08996359469872,1.1135699886088,0.134841221764663,0.944485611120916,1.03110595331564,1.06645330195125,1.11610331557481,1.1698458647796,1.36018045939847
Świętokrzyskie,2021-08-28,,estimate,1.08403399898028,1.1060896566725,0.129623068194787,0.942933505490899,1.02729325245087,1.06276134044557,1.11125577002386,1.1597116118274,1.34580875565483
Świętokrzyskie,2021-08-29,,estimate,1.08057067289428,1.09805641457765,0.124506766509761,0.933676345681689,1.02291777578363,1.05783882951395,1.10554645254109,1.15003350883844,1.32684144916729
Świętokrzyskie,2021-08-30,,estimate,1.07587310067867,1.08960654968048,0.119688857003779,0.923105003086521,1.01896587960181,1.05249564122563,1.09820554860548,1.14191393299933,1.29619384463947
Świętokrzyskie,2021-08-31,,estimate,1.07111171868691,1.08088754447875,0.115390310051313,0.91455856379921,1.0126700480155,1.04841959469333,1.09222004441281,1.13347508287121,1.27267842193457
Świętokrzyskie,2021-09-01,,estimate,1.06582890574814,1.07205221197493,0.111843533626533,0.901446201523245,1.00827138717814,1.04420860758067,1.08627683394693,1.12553604452123,1.25477520853605
Świętokrzyskie,2021-09-02,,estimate,1.06094910353218,1.06325233905777,0.109254160503951,0.890260052234634,1.00198645050341,1.03877378321697,1.08128365562351,1.11818759298851,1.23585476191069
Świętokrzyskie,2021-09-03,,estimate,1.05592299934305,1.0546322916304,0.107744679388709,0.880649021651117,0.997044378996371,1.03317691937603,1.07655993138605,1.11262796456268,1.22514479332267
Świętokrzyskie,2021-09-04,,estimate,1.04945004409119,1.04632327226688,0.107306064482173,0.864718382267598,0.990449391532805,1.02764961416047,1.07083868990569,1.10439498399726,1.21672915971893
Świętokrzyskie,2021-09-05,,estimate,1.04420073076448,1.0384390627911,0.107787947283645,0.847439766660544,0.985247011019155,1.02305575426666,1.06480776019952,1.09926034522406,1.2038037339686
Świętokrzyskie,2021-09-06,,estimate,1.03952149745416,1.03107387956678,0.108936180512151,0.838079853505815,0.979171501364938,1.01762132031167,1.06110689749425,1.09319246895103,1.19136748283301
Świętokrzyskie,2021-09-07,,estimate,1.03632451996867,1.02430242411506,0.110457442386954,0.827053097385531,0.974649966437771,1.01280979218183,1.05536177623942,1.08926927919612,1.17969157735404
Świętokrzyskie,2021-09-08,,estimate,1.03219402483387,1.01818159124324,0.112080775992709,0.809188431355491,0.969584939649552,1.00734655627337,1.05229431864881,1.08439964618163,1.16935968668056
Świętokrzyskie,2021-09-09,,estimate,1.0276898937748,1.0127529116578,0.113597083054398,0.799214287710846,0.963052520858948,1.00309410974977,1.05001813557738,1.0809196298082,1.16353265381431
Świętokrzyskie,2021-09-10,,estimate,1.02364630827476,1.00804483518728,0.114871923994971,0.787090347052573,0.957839360163168,1.0001242485129,1.0471214376093,1.07816526595046,1.1578165672644
Świętokrzyskie,2021-09-11,,estimate,1.02106204422929,1.00407440174081,0.115834810209188,0.779801790805457,0.953000688391248,0.998414285238589,1.04403861527492,1.07572768730803,1.15405744677189
Świętokrzyskie,2021-09-12,,estimate,1.0189965028737,1.00084848314779,0.116453411058524,0.771013395247925,0.949262144448664,0.995682645140496,1.04072350448806,1.07350941411788,1.14819367736019
Świętokrzyskie,2021-09-13,,estimate,1.01706341797078,0.998365186402896,0.116707653837024,0.768237511304726,0.947043308132668,0.993057862552046,1.03821228311437,1.07104050324734,1.14605493232467
Świętokrzyskie,2021-09-14,,estimate,1.01511222598999,0.996615809467831,0.116580829745256,0.77481741391567,0.943993761931942,0.990720492963794,1.03677273846672,1.06959928094192,1.14540757963808
Świętokrzyskie,2021-09-15,,estimate,1.01314801548766,0.995587034383233,0.11607455257017,0.77101166153902,0.939887549008834,0.988054015922624,1.03666083815565,1.06898531611629,1.14415483815613
Świętokrzyskie,2021-09-16,,estimate,1.01188259817181,0.99526246724469,0.115237333564148,0.776783753791972,0.938689825276905,0.986843957692529,1.03398558762911,1.06962236688641,1.14564088121672
Świętokrzyskie,2021-09-17,,estimate,1.01093720486589,0.995622751425771,0.114189150626529,0.783649645847798,0.936831771046456,0.985552480234414,1.03391944730751,1.07024479878369,1.14808094233543
Świętokrzyskie,2021-09-18,,estimate,1.01054357178227,0.996644160252209,0.113131516407477,0.786606050628762,0.936529162387219,0.984407494506286,1.03409048400734,1.06944662770845,1.14912557720756
Świętokrzyskie,2021-09-19,,estimate,1.00898562614937,0.998296221223191,0.112341758352364,0.790587480306933,0.936981217667245,0.985325251214227,1.03521699453702,1.06980265883715,1.15819903019074
Świętokrzyskie,2021-09-20,,estimate,1.00917310357846,1.00053917858544,0.112152217866972,0.796596720957279,0.940530019323433,0.986982805490745,1.035568307169,1.07190499427703,1.15952074972191
Świętokrzyskie,2021-09-21,,estimate,1.01219744324533,1.00332207119783,0.112914191938394,0.805828519052861,0.942601231132796,0.988631209009131,1.03804801961437,1.07432761196862,1.16675797669173
Świętokrzyskie,2021-09-22,,estimate,1.01740242692119,1.00658210120087,0.114949346276504,0.805342603120074,0.945402949838677,0.991363756668141,1.04126695369601,1.07662540734115,1.1734049911136
Świętokrzyskie,2021-09-23,,estimate,1.02052102763039,1.0102458368298,0.11849770931696,0.796539401506159,0.944801269728482,0.9944359259222,1.04719430481974,1.08363474239736,1.18282981110692
Świętokrzyskie,2021-09-24,,estimate,1.0228618993619,1.01423257434325,0.123677243577477,0.791863077617285,0.946161340754001,0.995040442721707,1.04961741601038,1.08988399212593,1.19740029813638
Świętokrzyskie,2021-09-25,,estimate,1.02596664752725,1.01845984724288,0.130471764794616,0.788371223892189,0.94573419380218,0.99560604359835,1.05217186300539,1.09475712748113,1.22357884543472
Świętokrzyskie,2021-09-26,,estimate,1.02865635187024,1.02285055387455,0.138756896663311,0.786332278943321,0.944234392334696,0.997024374395818,1.05600104848298,1.10451973964592,1.24869759421388
Świętokrzyskie,2021-09-27,,estimate,1.0302393064953,1.02734039575934,0.148355112726087,0.787622515008483,0.943626589888424,0.99902417189796,1.05959194251618,1.11048571697266,1.2677389950394
Świętokrzyskie,2021-09-28,,estimate,1.03342406988528,1.0318835009294,0.159091365837841,0.782861553487834,0.944315969459037,1.00139236472845,1.06130287105272,1.11569347044864,1.29817660072168
Świętokrzyskie,2021-09-29,,estimate,1.03438685735043,1.03645400982491,0.170821987861456,0.777809390587881,0.943151199850709,1.00424656284345,1.06469453987477,1.12048270376649,1.31875889104332
Świętokrzyskie,2021-09-30,,estimate,1.03618857185567,1.0410427120569,0.183435022367324,0.767389042688106,0.943819363183407,1.00337442542953,1.06620311913977,1.12495999322769,1.3522014731453
Świętokrzyskie,2021-10-01,,estimate based on partial data,1.03637031827792,1.04565005908517,0.196841300200093,0.756836418920397,0.944319925086277,1.00451537738379,1.0684170905242,1.12843339819759,1.38395520813303
Świętokrzyskie,2021-10-02,,estimate based on partial data,1.0397259149028,1.05027847889693,0.210970266322922,0.742639317935263,0.941404462589475,1.00555128392418,1.07237288900613,1.13260208295705,1.41367298698357
Świętokrzyskie,2021-10-03,,estimate based on partial data,1.04042198378226,1.0549268227602,0.225769224126841,0.727848455399639,0.940292543167669,1.00694837536706,1.07503687158342,1.13590079796924,1.45994229433584
Świętokrzyskie,2021-10-04,,estimate based on partial data,1.04018442949117,1.05958840219286,0.241202016478598,0.716260588953821,0.937939619970272,1.00669750479805,1.07865892972315,1.14063091634469,1.4821395069038
Świętokrzyskie,2021-10-05,,estimate based on partial data,1.04214372047417,1.06425252545735,0.25724907952631,0.704096524994525,0.934528659356372,1.00634401636703,1.0814458963891,1.14446292677729,1.52659603481789
Świętokrzyskie,2021-10-06,,estimate based on partial data,1.04416637266878,1.06890838872247,0.273912141299335,0.690995125355343,0.933834584025591,1.00648112596304,1.08355617828493,1.15155736102624,1.57602804752171
Świętokrzyskie,2021-10-07,,estimate based on partial data,1.04444658609745,1.07354976635388,0.291223592697637,0.677863304986091,0.932710795474421,1.00721977833933,1.08433229895966,1.15500715337827,1.6248150689924
Świętokrzyskie,2021-10-08,,estimate based on partial data,1.04555520204542,1.0781791347643,0.309259380726779,0.66879327451653,0.928027963435461,1.00896632184141,1.08724517552671,1.15784263878513,1.65630374132292
Świętokrzyskie,2021-10-09,,estimate based on partial data,1.04755427527495,1.08281042603861,0.328155565601838,0.653040468477481,0.927293050284379,1.00767345726041,1.08731496052119,1.16410746691254,1.70219519831012
Świętokrzyskie,2021-10-10,,estimate based on partial data,1.04556063135396,1.08747006114418,0.348126318681355,0.640718985903877,0.925349831955468,1.007819004074,1.08810606712104,1.1732676311282,1.70295413247326
Świętokrzyskie,2021-10-11,,estimate based on partial data,1.04522027397853,1.09219583356058,0.369471542618758,0.63458134893532,0.922224977826948,1.00522120218451,1.08739858596117,1.1777751132452,1.72992558503908
Świętokrzyskie,2021-10-12,,estimate based on partial data,1.04662106518371,1.09703273930549,0.392552245288816,0.633643926308685,0.917173489230421,1.00497742457106,1.08915526292029,1.18343756064359,1.7527508545937
Świętokrzyskie,2021-10-13,,estimate based on partial data,1.04644313951897,1.1020247772156,0.417714534722402,0.615213781446048,0.913470867625774,1.00375664195487,1.09035006695063,1.18353601809156,1.80650254698688
Świętokrzyskie,2021-10-14,,estimate based on partial data,1.04514979067449,1.10720288992503,0.445163096631114,0.599840686400608,0.909425986293032,1.0007915692009,1.09042707221715,1.18417815517129,1.84898560922287
Świętokrzyskie,2021-10-15,,estimate based on partial data,1.0463004786914,1.11257149745444,0.474811815255698,0.577943355880664,0.906728344164225,0.997317475859686,1.08997959438561,1.18924052651598,1.88006798579076
Świętokrzyskie,2021-10-16,,estimate based on partial data,1.04394604879799,1.11809828669574,0.506162078881865,0.565462760473096,0.904150844444634,0.995541305451062,1.08923711741025,1.19114123408589,1.90180248676006
Świętokrzyskie,2021-10-17,,estimate based on partial data,1.04265846620265,1.12371251882939,0.538274972253578,0.559277335905714,0.897405894604278,0.993564493270363,1.08955163000011,1.19481946726285,1.8929103538903
Świętokrzyskie,2021-10-18,,estimate based on partial data,1.04095978764606,1.12931523788927,0.569899508681958,0.553682412679063,0.892110538086633,0.992101177092711,1.08877450094812,1.20265057520884,1.92696017312084
Świętokrzyskie,2021-10-19,,forecast,1.04095978764606,1.12931523788927,0.569899508681958,0.553682412679063,0.892110538086633,0.992101177092711,1.08877450094812,1.20265057520884,1.92696017312084
Świętokrzyskie,2021-10-20,,forecast,1.04095978764606,1.12931523788927,0.569899508681958,0.553682412679063,0.892110538086633,0.992101177092711,1.08877450094812,1.20265057520884,1.92696017312084
Świętokrzyskie,2021-10-21,,forecast,1.04095978764606,1.12931523788927,0.569899508681958,0.553682412679063,0.892110538086633,0.992101177092711,1.08877450094812,1.20265057520884,1.92696017312084
Świętokrzyskie,2021-10-22,,forecast,1.04095978764606,1.12931523788927,0.569899508681958,0.553682412679063,0.892110538086633,0.992101177092711,1.08877450094812,1.20265057520884,1.92696017312084
Świętokrzyskie,2021-10-23,,forecast,1.04095978764606,1.12931523788927,0.569899508681958,0.553682412679063,0.892110538086633,0.992101177092711,1.08877450094812,1.20265057520884,1.92696017312084
Świętokrzyskie,2021-10-24,,forecast,1.04095978764606,1.12931523788927,0.569899508681958,0.553682412679063,0.892110538086633,0.992101177092711,1.08877450094812,1.20265057520884,1.92696017312084
Świętokrzyskie,2021-10-25,,forecast,1.04095978764606,1.12931523788927,0.569899508681958,0.553682412679063,0.892110538086633,0.992101177092711,1.08877450094812,1.20265057520884,1.92696017312084
Świętokrzyskie,2021-10-26,,forecast,1.04095978764606,1.12931523788927,0.569899508681958,0.553682412679063,0.892110538086633,0.992101177092711,1.08877450094812,1.20265057520884,1.92696017312084
Świętokrzyskie,2021-10-27,,forecast,1.04095978764606,1.12931523788927,0.569899508681958,0.553682412679063,0.892110538086633,0.992101177092711,1.08877450094812,1.20265057520884,1.92696017312084
Świętokrzyskie,2021-10-28,,forecast,1.04095978764606,1.12931523788927,0.569899508681958,0.553682412679063,0.892110538086633,0.992101177092711,1.08877450094812,1.20265057520884,1.92696017312084
Świętokrzyskie,2021-10-29,,forecast,1.04095978764606,1.12931523788927,0.569899508681958,0.553682412679063,0.892110538086633,0.992101177092711,1.08877450094812,1.20265057520884,1.92696017312084
Świętokrzyskie,2021-10-30,,forecast,1.04095978764606,1.12931523788927,0.569899508681958,0.553682412679063,0.892110538086633,0.992101177092711,1.08877450094812,1.20265057520884,1.92696017312084
Świętokrzyskie,2021-10-31,,forecast,1.04095978764606,1.12931523788927,0.569899508681958,0.553682412679063,0.892110538086633,0.992101177092711,1.08877450094812,1.20265057520884,1.92696017312084
Świętokrzyskie,2021-11-01,,forecast,1.04095978764606,1.12931523788927,0.569899508681958,0.553682412679063,0.892110538086633,0.992101177092711,1.08877450094812,1.20265057520884,1.92696017312084
Świętokrzyskie,2021-11-02,,forecast,1.04095978764606,1.12931523788927,0.569899508681958,0.553682412679063,0.892110538086633,0.992101177092711,1.08877450094812,1.20265057520884,1.92696017312084
Świętokrzyskie,2021-11-03,,forecast,1.04095978764606,1.12931523788927,0.569899508681958,0.553682412679063,0.892110538086633,0.992101177092711,1.08877450094812,1.20265057520884,1.92696017312084
Świętokrzyskie,2021-11-04,,forecast,1.04095978764606,1.12931523788927,0.569899508681958,0.553682412679063,0.892110538086633,0.992101177092711,1.08877450094812,1.20265057520884,1.92696017312084
Świętokrzyskie,2021-11-05,,forecast,1.04095978764606,1.12931523788927,0.569899508681958,0.553682412679063,0.892110538086633,0.992101177092711,1.08877450094812,1.20265057520884,1.92696017312084
Świętokrzyskie,2021-11-06,,forecast,1.04095978764606,1.12931523788927,0.569899508681958,0.553682412679063,0.892110538086633,0.992101177092711,1.08877450094812,1.20265057520884,1.92696017312084
Świętokrzyskie,2021-11-07,,forecast,1.04095978764606,1.12931523788927,0.569899508681958,0.553682412679063,0.892110538086633,0.992101177092711,1.08877450094812,1.20265057520884,1.92696017312084
Świętokrzyskie,2021-11-08,,forecast,1.04095978764606,1.12931523788927,0.569899508681958,0.553682412679063,0.892110538086633,0.992101177092711,1.08877450094812,1.20265057520884,1.92696017312084
Świętokrzyskie,2021-11-09,,forecast,1.04095978764606,1.12931523788927,0.569899508681958,0.553682412679063,0.892110538086633,0.992101177092711,1.08877450094812,1.20265057520884,1.92696017312084
Świętokrzyskie,2021-11-10,,forecast,1.04095978764606,1.12931523788927,0.569899508681958,0.553682412679063,0.892110538086633,0.992101177092711,1.08877450094812,1.20265057520884,1.92696017312084
Świętokrzyskie,2021-11-11,,forecast,1.04095978764606,1.12931523788927,0.569899508681958,0.553682412679063,0.892110538086633,0.992101177092711,1.08877450094812,1.20265057520884,1.92696017312084
Świętokrzyskie,2021-11-12,,forecast,1.04095978764606,1.12931523788927,0.569899508681958,0.553682412679063,0.892110538086633,0.992101177092711,1.08877450094812,1.20265057520884,1.92696017312084
Świętokrzyskie,2021-11-13,,forecast,1.04095978764606,1.12931523788927,0.569899508681958,0.553682412679063,0.892110538086633,0.992101177092711,1.08877450094812,1.20265057520884,1.92696017312084
Świętokrzyskie,2021-11-14,,forecast,1.04095978764606,1.12931523788927,0.569899508681958,0.553682412679063,0.892110538086633,0.992101177092711,1.08877450094812,1.20265057520884,1.92696017312084
Świętokrzyskie,2021-11-15,,forecast,1.04095978764606,1.12931523788927,0.569899508681958,0.553682412679063,0.892110538086633,0.992101177092711,1.08877450094812,1.20265057520884,1.92696017312084
Świętokrzyskie,2021-11-16,,forecast,1.04095978764606,1.12931523788927,0.569899508681958,0.553682412679063,0.892110538086633,0.992101177092711,1.08877450094812,1.20265057520884,1.92696017312084
Świętokrzyskie,2021-11-17,,forecast,1.04095978764606,1.12931523788927,0.569899508681958,0.553682412679063,0.892110538086633,0.992101177092711,1.08877450094812,1.20265057520884,1.92696017312084
