location,location_name,type,quantile,value,target_end_date,forecast_date,target
PL,Poland,point,,5706374,2022-03-05,2022-02-28,1 wk ahead cum case
PL,Poland,quantile,0.01,5695904,2022-03-05,2022-02-28,1 wk ahead cum case
PL,Poland,quantile,0.025,5696384,2022-03-05,2022-02-28,1 wk ahead cum case
PL,Poland,quantile,0.05,5696922,2022-03-05,2022-02-28,1 wk ahead cum case
PL,Poland,quantile,0.1,5698270,2022-03-05,2022-02-28,1 wk ahead cum case
PL,Poland,quantile,0.15,5699544,2022-03-05,2022-02-28,1 wk ahead cum case
PL,Poland,quantile,0.2,5700660,2022-03-05,2022-02-28,1 wk ahead cum case
PL,Poland,quantile,0.25,5701611,2022-03-05,2022-02-28,1 wk ahead cum case
PL,Poland,quantile,0.3,5702669,2022-03-05,2022-02-28,1 wk ahead cum case
PL,Poland,quantile,0.35,5703617,2022-03-05,2022-02-28,1 wk ahead cum case
PL,Poland,quantile,0.4,5704519,2022-03-05,2022-02-28,1 wk ahead cum case
PL,Poland,quantile,0.45,5705458,2022-03-05,2022-02-28,1 wk ahead cum case
PL,Poland,quantile,0.5,5706374,2022-03-05,2022-02-28,1 wk ahead cum case
PL,Poland,quantile,0.55,5707368,2022-03-05,2022-02-28,1 wk ahead cum case
PL,Poland,quantile,0.6,5708451,2022-03-05,2022-02-28,1 wk ahead cum case
PL,Poland,quantile,0.65,5709567,2022-03-05,2022-02-28,1 wk ahead cum case
PL,Poland,quantile,0.7,5710725,2022-03-05,2022-02-28,1 wk ahead cum case
PL,Poland,quantile,0.75,5711880,2022-03-05,2022-02-28,1 wk ahead cum case
PL,Poland,quantile,0.8,5713397,2022-03-05,2022-02-28,1 wk ahead cum case
PL,Poland,quantile,0.85,5714571,2022-03-05,2022-02-28,1 wk ahead cum case
PL,Poland,quantile,0.9,5716448,2022-03-05,2022-02-28,1 wk ahead cum case
PL,Poland,quantile,0.95,5718754,2022-03-05,2022-02-28,1 wk ahead cum case
PL,Poland,quantile,0.975,5719947,2022-03-05,2022-02-28,1 wk ahead cum case
PL,Poland,quantile,0.99,5720703,2022-03-05,2022-02-28,1 wk ahead cum case
PL,Poland,point,,71653,2022-03-05,2022-02-28,1 wk ahead inc case
PL,Poland,quantile,0.01,61183,2022-03-05,2022-02-28,1 wk ahead inc case
PL,Poland,quantile,0.025,61663,2022-03-05,2022-02-28,1 wk ahead inc case
PL,Poland,quantile,0.05,62201,2022-03-05,2022-02-28,1 wk ahead inc case
PL,Poland,quantile,0.1,63549,2022-03-05,2022-02-28,1 wk ahead inc case
PL,Poland,quantile,0.15,64823,2022-03-05,2022-02-28,1 wk ahead inc case
PL,Poland,quantile,0.2,65939,2022-03-05,2022-02-28,1 wk ahead inc case
PL,Poland,quantile,0.25,66890,2022-03-05,2022-02-28,1 wk ahead inc case
PL,Poland,quantile,0.3,67948,2022-03-05,2022-02-28,1 wk ahead inc case
PL,Poland,quantile,0.35,68896,2022-03-05,2022-02-28,1 wk ahead inc case
PL,Poland,quantile,0.4,69798,2022-03-05,2022-02-28,1 wk ahead inc case
PL,Poland,quantile,0.45,70737,2022-03-05,2022-02-28,1 wk ahead inc case
PL,Poland,quantile,0.5,71653,2022-03-05,2022-02-28,1 wk ahead inc case
PL,Poland,quantile,0.55,72647,2022-03-05,2022-02-28,1 wk ahead inc case
PL,Poland,quantile,0.6,73730,2022-03-05,2022-02-28,1 wk ahead inc case
PL,Poland,quantile,0.65,74846,2022-03-05,2022-02-28,1 wk ahead inc case
PL,Poland,quantile,0.7,76004,2022-03-05,2022-02-28,1 wk ahead inc case
PL,Poland,quantile,0.75,77159,2022-03-05,2022-02-28,1 wk ahead inc case
PL,Poland,quantile,0.8,78676,2022-03-05,2022-02-28,1 wk ahead inc case
PL,Poland,quantile,0.85,79850,2022-03-05,2022-02-28,1 wk ahead inc case
PL,Poland,quantile,0.9,81727,2022-03-05,2022-02-28,1 wk ahead inc case
PL,Poland,quantile,0.95,84033,2022-03-05,2022-02-28,1 wk ahead inc case
PL,Poland,quantile,0.975,85226,2022-03-05,2022-02-28,1 wk ahead inc case
PL,Poland,quantile,0.99,85982,2022-03-05,2022-02-28,1 wk ahead inc case
PL,Poland,point,,5746469,2022-03-12,2022-02-28,2 wk ahead cum case
PL,Poland,quantile,0.01,5720110,2022-03-12,2022-02-28,2 wk ahead cum case
PL,Poland,quantile,0.025,5721376,2022-03-12,2022-02-28,2 wk ahead cum case
PL,Poland,quantile,0.05,5722918,2022-03-12,2022-02-28,2 wk ahead cum case
PL,Poland,quantile,0.1,5725713,2022-03-12,2022-02-28,2 wk ahead cum case
PL,Poland,quantile,0.15,5728652,2022-03-12,2022-02-28,2 wk ahead cum case
PL,Poland,quantile,0.2,5731216,2022-03-12,2022-02-28,2 wk ahead cum case
PL,Poland,quantile,0.25,5733847,2022-03-12,2022-02-28,2 wk ahead cum case
PL,Poland,quantile,0.3,5736403,2022-03-12,2022-02-28,2 wk ahead cum case
PL,Poland,quantile,0.35,5738703,2022-03-12,2022-02-28,2 wk ahead cum case
PL,Poland,quantile,0.4,5741256,2022-03-12,2022-02-28,2 wk ahead cum case
PL,Poland,quantile,0.45,5743870,2022-03-12,2022-02-28,2 wk ahead cum case
PL,Poland,quantile,0.5,5746469,2022-03-12,2022-02-28,2 wk ahead cum case
PL,Poland,quantile,0.55,5749289,2022-03-12,2022-02-28,2 wk ahead cum case
PL,Poland,quantile,0.6,5752251,2022-03-12,2022-02-28,2 wk ahead cum case
PL,Poland,quantile,0.65,5755337,2022-03-12,2022-02-28,2 wk ahead cum case
PL,Poland,quantile,0.7,5758437,2022-03-12,2022-02-28,2 wk ahead cum case
PL,Poland,quantile,0.75,5761799,2022-03-12,2022-02-28,2 wk ahead cum case
PL,Poland,quantile,0.8,5765528,2022-03-12,2022-02-28,2 wk ahead cum case
PL,Poland,quantile,0.85,5769143,2022-03-12,2022-02-28,2 wk ahead cum case
PL,Poland,quantile,0.9,5775124,2022-03-12,2022-02-28,2 wk ahead cum case
PL,Poland,quantile,0.95,5782654,2022-03-12,2022-02-28,2 wk ahead cum case
PL,Poland,quantile,0.975,5786470,2022-03-12,2022-02-28,2 wk ahead cum case
PL,Poland,quantile,0.99,5789384,2022-03-12,2022-02-28,2 wk ahead cum case
PL,Poland,point,,40095,2022-03-12,2022-02-28,2 wk ahead inc case
PL,Poland,quantile,0.01,24206,2022-03-12,2022-02-28,2 wk ahead inc case
PL,Poland,quantile,0.025,24992,2022-03-12,2022-02-28,2 wk ahead inc case
PL,Poland,quantile,0.05,25996,2022-03-12,2022-02-28,2 wk ahead inc case
PL,Poland,quantile,0.1,27443,2022-03-12,2022-02-28,2 wk ahead inc case
PL,Poland,quantile,0.15,29108,2022-03-12,2022-02-28,2 wk ahead inc case
PL,Poland,quantile,0.2,30556,2022-03-12,2022-02-28,2 wk ahead inc case
PL,Poland,quantile,0.25,32236,2022-03-12,2022-02-28,2 wk ahead inc case
PL,Poland,quantile,0.3,33734,2022-03-12,2022-02-28,2 wk ahead inc case
PL,Poland,quantile,0.35,35086,2022-03-12,2022-02-28,2 wk ahead inc case
PL,Poland,quantile,0.4,36737,2022-03-12,2022-02-28,2 wk ahead inc case
PL,Poland,quantile,0.45,38412,2022-03-12,2022-02-28,2 wk ahead inc case
PL,Poland,quantile,0.5,40095,2022-03-12,2022-02-28,2 wk ahead inc case
PL,Poland,quantile,0.55,41921,2022-03-12,2022-02-28,2 wk ahead inc case
PL,Poland,quantile,0.6,43800,2022-03-12,2022-02-28,2 wk ahead inc case
PL,Poland,quantile,0.65,45770,2022-03-12,2022-02-28,2 wk ahead inc case
PL,Poland,quantile,0.7,47712,2022-03-12,2022-02-28,2 wk ahead inc case
PL,Poland,quantile,0.75,49919,2022-03-12,2022-02-28,2 wk ahead inc case
PL,Poland,quantile,0.8,52131,2022-03-12,2022-02-28,2 wk ahead inc case
PL,Poland,quantile,0.85,54572,2022-03-12,2022-02-28,2 wk ahead inc case
PL,Poland,quantile,0.9,58676,2022-03-12,2022-02-28,2 wk ahead inc case
PL,Poland,quantile,0.95,63900,2022-03-12,2022-02-28,2 wk ahead inc case
PL,Poland,quantile,0.975,66523,2022-03-12,2022-02-28,2 wk ahead inc case
PL,Poland,quantile,0.99,68681,2022-03-12,2022-02-28,2 wk ahead inc case
PL,Poland,point,,5768041,2022-03-19,2022-02-28,3 wk ahead cum case
PL,Poland,quantile,0.01,5728402,2022-03-19,2022-02-28,3 wk ahead cum case
PL,Poland,quantile,0.025,5730107,2022-03-19,2022-02-28,3 wk ahead cum case
PL,Poland,quantile,0.05,5732277,2022-03-19,2022-02-28,3 wk ahead cum case
PL,Poland,quantile,0.1,5736220,2022-03-19,2022-02-28,3 wk ahead cum case
PL,Poland,quantile,0.15,5740380,2022-03-19,2022-02-28,3 wk ahead cum case
PL,Poland,quantile,0.2,5744158,2022-03-19,2022-02-28,3 wk ahead cum case
PL,Poland,quantile,0.25,5748210,2022-03-19,2022-02-28,3 wk ahead cum case
PL,Poland,quantile,0.3,5752122,2022-03-19,2022-02-28,3 wk ahead cum case
PL,Poland,quantile,0.35,5755751,2022-03-19,2022-02-28,3 wk ahead cum case
PL,Poland,quantile,0.4,5759558,2022-03-19,2022-02-28,3 wk ahead cum case
PL,Poland,quantile,0.45,5763787,2022-03-19,2022-02-28,3 wk ahead cum case
PL,Poland,quantile,0.5,5768041,2022-03-19,2022-02-28,3 wk ahead cum case
PL,Poland,quantile,0.55,5772638,2022-03-19,2022-02-28,3 wk ahead cum case
PL,Poland,quantile,0.6,5777331,2022-03-19,2022-02-28,3 wk ahead cum case
PL,Poland,quantile,0.65,5782471,2022-03-19,2022-02-28,3 wk ahead cum case
PL,Poland,quantile,0.7,5787590,2022-03-19,2022-02-28,3 wk ahead cum case
PL,Poland,quantile,0.75,5793323,2022-03-19,2022-02-28,3 wk ahead cum case
PL,Poland,quantile,0.8,5800727,2022-03-19,2022-02-28,3 wk ahead cum case
PL,Poland,quantile,0.85,5807468,2022-03-19,2022-02-28,3 wk ahead cum case
PL,Poland,quantile,0.9,5818467,2022-03-19,2022-02-28,3 wk ahead cum case
PL,Poland,quantile,0.95,5833309,2022-03-19,2022-02-28,3 wk ahead cum case
PL,Poland,quantile,0.975,5840590,2022-03-19,2022-02-28,3 wk ahead cum case
PL,Poland,quantile,0.99,5846359,2022-03-19,2022-02-28,3 wk ahead cum case
PL,Poland,point,,21572,2022-03-19,2022-02-28,3 wk ahead inc case
PL,Poland,quantile,0.01,8292,2022-03-19,2022-02-28,3 wk ahead inc case
PL,Poland,quantile,0.025,8731,2022-03-19,2022-02-28,3 wk ahead inc case
PL,Poland,quantile,0.05,9359,2022-03-19,2022-02-28,3 wk ahead inc case
PL,Poland,quantile,0.1,10507,2022-03-19,2022-02-28,3 wk ahead inc case
PL,Poland,quantile,0.15,11728,2022-03-19,2022-02-28,3 wk ahead inc case
PL,Poland,quantile,0.2,12942,2022-03-19,2022-02-28,3 wk ahead inc case
PL,Poland,quantile,0.25,14363,2022-03-19,2022-02-28,3 wk ahead inc case
PL,Poland,quantile,0.3,15719,2022-03-19,2022-02-28,3 wk ahead inc case
PL,Poland,quantile,0.35,17048,2022-03-19,2022-02-28,3 wk ahead inc case
PL,Poland,quantile,0.4,18302,2022-03-19,2022-02-28,3 wk ahead inc case
PL,Poland,quantile,0.45,19917,2022-03-19,2022-02-28,3 wk ahead inc case
PL,Poland,quantile,0.5,21572,2022-03-19,2022-02-28,3 wk ahead inc case
PL,Poland,quantile,0.55,23349,2022-03-19,2022-02-28,3 wk ahead inc case
PL,Poland,quantile,0.6,25080,2022-03-19,2022-02-28,3 wk ahead inc case
PL,Poland,quantile,0.65,27134,2022-03-19,2022-02-28,3 wk ahead inc case
PL,Poland,quantile,0.7,29153,2022-03-19,2022-02-28,3 wk ahead inc case
PL,Poland,quantile,0.75,31524,2022-03-19,2022-02-28,3 wk ahead inc case
PL,Poland,quantile,0.8,35199,2022-03-19,2022-02-28,3 wk ahead inc case
PL,Poland,quantile,0.85,38325,2022-03-19,2022-02-28,3 wk ahead inc case
PL,Poland,quantile,0.9,43343,2022-03-19,2022-02-28,3 wk ahead inc case
PL,Poland,quantile,0.95,50655,2022-03-19,2022-02-28,3 wk ahead inc case
PL,Poland,quantile,0.975,54120,2022-03-19,2022-02-28,3 wk ahead inc case
PL,Poland,quantile,0.99,56975,2022-03-19,2022-02-28,3 wk ahead inc case
PL,Poland,point,,5779602,2022-03-26,2022-02-28,4 wk ahead cum case
PL,Poland,quantile,0.01,5731204,2022-03-26,2022-02-28,4 wk ahead cum case
PL,Poland,quantile,0.025,5733088,2022-03-26,2022-02-28,4 wk ahead cum case
PL,Poland,quantile,0.05,5735530,2022-03-26,2022-02-28,4 wk ahead cum case
PL,Poland,quantile,0.1,5740178,2022-03-26,2022-02-28,4 wk ahead cum case
PL,Poland,quantile,0.15,5745032,2022-03-26,2022-02-28,4 wk ahead cum case
PL,Poland,quantile,0.2,5749631,2022-03-26,2022-02-28,4 wk ahead cum case
PL,Poland,quantile,0.25,5754512,2022-03-26,2022-02-28,4 wk ahead cum case
PL,Poland,quantile,0.3,5759234,2022-03-26,2022-02-28,4 wk ahead cum case
PL,Poland,quantile,0.35,5763935,2022-03-26,2022-02-28,4 wk ahead cum case
PL,Poland,quantile,0.4,5768714,2022-03-26,2022-02-28,4 wk ahead cum case
PL,Poland,quantile,0.45,5774047,2022-03-26,2022-02-28,4 wk ahead cum case
PL,Poland,quantile,0.5,5779602,2022-03-26,2022-02-28,4 wk ahead cum case
PL,Poland,quantile,0.55,5785453,2022-03-26,2022-02-28,4 wk ahead cum case
PL,Poland,quantile,0.6,5791709,2022-03-26,2022-02-28,4 wk ahead cum case
PL,Poland,quantile,0.65,5798494,2022-03-26,2022-02-28,4 wk ahead cum case
PL,Poland,quantile,0.7,5805649,2022-03-26,2022-02-28,4 wk ahead cum case
PL,Poland,quantile,0.75,5813640,2022-03-26,2022-02-28,4 wk ahead cum case
PL,Poland,quantile,0.8,5824304,2022-03-26,2022-02-28,4 wk ahead cum case
PL,Poland,quantile,0.85,5834424,2022-03-26,2022-02-28,4 wk ahead cum case
PL,Poland,quantile,0.9,5850059,2022-03-26,2022-02-28,4 wk ahead cum case
PL,Poland,quantile,0.95,5872906,2022-03-26,2022-02-28,4 wk ahead cum case
PL,Poland,quantile,0.975,5884214,2022-03-26,2022-02-28,4 wk ahead cum case
PL,Poland,quantile,0.99,5893402,2022-03-26,2022-02-28,4 wk ahead cum case
PL,Poland,point,,11561,2022-03-26,2022-02-28,4 wk ahead inc case
PL,Poland,quantile,0.01,2802,2022-03-26,2022-02-28,4 wk ahead inc case
PL,Poland,quantile,0.025,2981,2022-03-26,2022-02-28,4 wk ahead inc case
PL,Poland,quantile,0.05,3253,2022-03-26,2022-02-28,4 wk ahead inc case
PL,Poland,quantile,0.1,3958,2022-03-26,2022-02-28,4 wk ahead inc case
PL,Poland,quantile,0.15,4652,2022-03-26,2022-02-28,4 wk ahead inc case
PL,Poland,quantile,0.2,5473,2022-03-26,2022-02-28,4 wk ahead inc case
PL,Poland,quantile,0.25,6302,2022-03-26,2022-02-28,4 wk ahead inc case
PL,Poland,quantile,0.3,7112,2022-03-26,2022-02-28,4 wk ahead inc case
PL,Poland,quantile,0.35,8184,2022-03-26,2022-02-28,4 wk ahead inc case
PL,Poland,quantile,0.4,9156,2022-03-26,2022-02-28,4 wk ahead inc case
PL,Poland,quantile,0.45,10260,2022-03-26,2022-02-28,4 wk ahead inc case
PL,Poland,quantile,0.5,11561,2022-03-26,2022-02-28,4 wk ahead inc case
PL,Poland,quantile,0.55,12815,2022-03-26,2022-02-28,4 wk ahead inc case
PL,Poland,quantile,0.6,14378,2022-03-26,2022-02-28,4 wk ahead inc case
PL,Poland,quantile,0.65,16023,2022-03-26,2022-02-28,4 wk ahead inc case
PL,Poland,quantile,0.7,18059,2022-03-26,2022-02-28,4 wk ahead inc case
PL,Poland,quantile,0.75,20317,2022-03-26,2022-02-28,4 wk ahead inc case
PL,Poland,quantile,0.8,23577,2022-03-26,2022-02-28,4 wk ahead inc case
PL,Poland,quantile,0.85,26956,2022-03-26,2022-02-28,4 wk ahead inc case
PL,Poland,quantile,0.9,31592,2022-03-26,2022-02-28,4 wk ahead inc case
PL,Poland,quantile,0.95,39597,2022-03-26,2022-02-28,4 wk ahead inc case
PL,Poland,quantile,0.975,43624,2022-03-26,2022-02-28,4 wk ahead inc case
PL,Poland,quantile,0.99,47043,2022-03-26,2022-02-28,4 wk ahead inc case
PL72,Dolnośląskie,point,,433949,2022-03-05,2022-02-28,1 wk ahead cum case
PL72,Dolnośląskie,quantile,0.01,432833,2022-03-05,2022-02-28,1 wk ahead cum case
PL72,Dolnośląskie,quantile,0.025,432879,2022-03-05,2022-02-28,1 wk ahead cum case
PL72,Dolnośląskie,quantile,0.05,432970,2022-03-05,2022-02-28,1 wk ahead cum case
PL72,Dolnośląskie,quantile,0.1,433126,2022-03-05,2022-02-28,1 wk ahead cum case
PL72,Dolnośląskie,quantile,0.15,433232,2022-03-05,2022-02-28,1 wk ahead cum case
PL72,Dolnośląskie,quantile,0.2,433350,2022-03-05,2022-02-28,1 wk ahead cum case
PL72,Dolnośląskie,quantile,0.25,433442,2022-03-05,2022-02-28,1 wk ahead cum case
PL72,Dolnośląskie,quantile,0.3,433557,2022-03-05,2022-02-28,1 wk ahead cum case
PL72,Dolnośląskie,quantile,0.35,433661,2022-03-05,2022-02-28,1 wk ahead cum case
PL72,Dolnośląskie,quantile,0.4,433769,2022-03-05,2022-02-28,1 wk ahead cum case
PL72,Dolnośląskie,quantile,0.45,433846,2022-03-05,2022-02-28,1 wk ahead cum case
PL72,Dolnośląskie,quantile,0.5,433949,2022-03-05,2022-02-28,1 wk ahead cum case
PL72,Dolnośląskie,quantile,0.55,434044,2022-03-05,2022-02-28,1 wk ahead cum case
PL72,Dolnośląskie,quantile,0.6,434178,2022-03-05,2022-02-28,1 wk ahead cum case
PL72,Dolnośląskie,quantile,0.65,434312,2022-03-05,2022-02-28,1 wk ahead cum case
PL72,Dolnośląskie,quantile,0.7,434458,2022-03-05,2022-02-28,1 wk ahead cum case
PL72,Dolnośląskie,quantile,0.75,434617,2022-03-05,2022-02-28,1 wk ahead cum case
PL72,Dolnośląskie,quantile,0.8,434776,2022-03-05,2022-02-28,1 wk ahead cum case
PL72,Dolnośląskie,quantile,0.85,434938,2022-03-05,2022-02-28,1 wk ahead cum case
PL72,Dolnośląskie,quantile,0.9,435118,2022-03-05,2022-02-28,1 wk ahead cum case
PL72,Dolnośląskie,quantile,0.95,435327,2022-03-05,2022-02-28,1 wk ahead cum case
PL72,Dolnośląskie,quantile,0.975,435485,2022-03-05,2022-02-28,1 wk ahead cum case
PL72,Dolnośląskie,quantile,0.99,435565,2022-03-05,2022-02-28,1 wk ahead cum case
PL72,Dolnośląskie,point,,5452,2022-03-05,2022-02-28,1 wk ahead inc case
PL72,Dolnośląskie,quantile,0.01,4336,2022-03-05,2022-02-28,1 wk ahead inc case
PL72,Dolnośląskie,quantile,0.025,4382,2022-03-05,2022-02-28,1 wk ahead inc case
PL72,Dolnośląskie,quantile,0.05,4473,2022-03-05,2022-02-28,1 wk ahead inc case
PL72,Dolnośląskie,quantile,0.1,4629,2022-03-05,2022-02-28,1 wk ahead inc case
PL72,Dolnośląskie,quantile,0.15,4735,2022-03-05,2022-02-28,1 wk ahead inc case
PL72,Dolnośląskie,quantile,0.2,4853,2022-03-05,2022-02-28,1 wk ahead inc case
PL72,Dolnośląskie,quantile,0.25,4945,2022-03-05,2022-02-28,1 wk ahead inc case
PL72,Dolnośląskie,quantile,0.3,5060,2022-03-05,2022-02-28,1 wk ahead inc case
PL72,Dolnośląskie,quantile,0.35,5164,2022-03-05,2022-02-28,1 wk ahead inc case
PL72,Dolnośląskie,quantile,0.4,5272,2022-03-05,2022-02-28,1 wk ahead inc case
PL72,Dolnośląskie,quantile,0.45,5349,2022-03-05,2022-02-28,1 wk ahead inc case
PL72,Dolnośląskie,quantile,0.5,5452,2022-03-05,2022-02-28,1 wk ahead inc case
PL72,Dolnośląskie,quantile,0.55,5547,2022-03-05,2022-02-28,1 wk ahead inc case
PL72,Dolnośląskie,quantile,0.6,5681,2022-03-05,2022-02-28,1 wk ahead inc case
PL72,Dolnośląskie,quantile,0.65,5815,2022-03-05,2022-02-28,1 wk ahead inc case
PL72,Dolnośląskie,quantile,0.7,5961,2022-03-05,2022-02-28,1 wk ahead inc case
PL72,Dolnośląskie,quantile,0.75,6120,2022-03-05,2022-02-28,1 wk ahead inc case
PL72,Dolnośląskie,quantile,0.8,6279,2022-03-05,2022-02-28,1 wk ahead inc case
PL72,Dolnośląskie,quantile,0.85,6441,2022-03-05,2022-02-28,1 wk ahead inc case
PL72,Dolnośląskie,quantile,0.9,6621,2022-03-05,2022-02-28,1 wk ahead inc case
PL72,Dolnośląskie,quantile,0.95,6830,2022-03-05,2022-02-28,1 wk ahead inc case
PL72,Dolnośląskie,quantile,0.975,6988,2022-03-05,2022-02-28,1 wk ahead inc case
PL72,Dolnośląskie,quantile,0.99,7068,2022-03-05,2022-02-28,1 wk ahead inc case
PL72,Dolnośląskie,point,,437595,2022-03-12,2022-02-28,2 wk ahead cum case
PL72,Dolnośląskie,quantile,0.01,434805,2022-03-12,2022-02-28,2 wk ahead cum case
PL72,Dolnośląskie,quantile,0.025,434918,2022-03-12,2022-02-28,2 wk ahead cum case
PL72,Dolnośląskie,quantile,0.05,435120,2022-03-12,2022-02-28,2 wk ahead cum case
PL72,Dolnośląskie,quantile,0.1,435458,2022-03-12,2022-02-28,2 wk ahead cum case
PL72,Dolnośląskie,quantile,0.15,435699,2022-03-12,2022-02-28,2 wk ahead cum case
PL72,Dolnośląskie,quantile,0.2,435989,2022-03-12,2022-02-28,2 wk ahead cum case
PL72,Dolnośląskie,quantile,0.25,436232,2022-03-12,2022-02-28,2 wk ahead cum case
PL72,Dolnośląskie,quantile,0.3,436508,2022-03-12,2022-02-28,2 wk ahead cum case
PL72,Dolnośląskie,quantile,0.35,436750,2022-03-12,2022-02-28,2 wk ahead cum case
PL72,Dolnośląskie,quantile,0.4,437008,2022-03-12,2022-02-28,2 wk ahead cum case
PL72,Dolnośląskie,quantile,0.45,437267,2022-03-12,2022-02-28,2 wk ahead cum case
PL72,Dolnośląskie,quantile,0.5,437595,2022-03-12,2022-02-28,2 wk ahead cum case
PL72,Dolnośląskie,quantile,0.55,437898,2022-03-12,2022-02-28,2 wk ahead cum case
PL72,Dolnośląskie,quantile,0.6,438242,2022-03-12,2022-02-28,2 wk ahead cum case
PL72,Dolnośląskie,quantile,0.65,438635,2022-03-12,2022-02-28,2 wk ahead cum case
PL72,Dolnośląskie,quantile,0.7,439024,2022-03-12,2022-02-28,2 wk ahead cum case
PL72,Dolnośląskie,quantile,0.75,439497,2022-03-12,2022-02-28,2 wk ahead cum case
PL72,Dolnośląskie,quantile,0.8,440000,2022-03-12,2022-02-28,2 wk ahead cum case
PL72,Dolnośląskie,quantile,0.85,440498,2022-03-12,2022-02-28,2 wk ahead cum case
PL72,Dolnośląskie,quantile,0.9,441201,2022-03-12,2022-02-28,2 wk ahead cum case
PL72,Dolnośląskie,quantile,0.95,442122,2022-03-12,2022-02-28,2 wk ahead cum case
PL72,Dolnośląskie,quantile,0.975,442744,2022-03-12,2022-02-28,2 wk ahead cum case
PL72,Dolnośląskie,quantile,0.99,443129,2022-03-12,2022-02-28,2 wk ahead cum case
PL72,Dolnośląskie,point,,3646,2022-03-12,2022-02-28,2 wk ahead inc case
PL72,Dolnośląskie,quantile,0.01,1972,2022-03-12,2022-02-28,2 wk ahead inc case
PL72,Dolnośląskie,quantile,0.025,2039,2022-03-12,2022-02-28,2 wk ahead inc case
PL72,Dolnośląskie,quantile,0.05,2150,2022-03-12,2022-02-28,2 wk ahead inc case
PL72,Dolnośląskie,quantile,0.1,2332,2022-03-12,2022-02-28,2 wk ahead inc case
PL72,Dolnośląskie,quantile,0.15,2467,2022-03-12,2022-02-28,2 wk ahead inc case
PL72,Dolnośląskie,quantile,0.2,2639,2022-03-12,2022-02-28,2 wk ahead inc case
PL72,Dolnośląskie,quantile,0.25,2790,2022-03-12,2022-02-28,2 wk ahead inc case
PL72,Dolnośląskie,quantile,0.3,2951,2022-03-12,2022-02-28,2 wk ahead inc case
PL72,Dolnośląskie,quantile,0.35,3089,2022-03-12,2022-02-28,2 wk ahead inc case
PL72,Dolnośląskie,quantile,0.4,3239,2022-03-12,2022-02-28,2 wk ahead inc case
PL72,Dolnośląskie,quantile,0.45,3421,2022-03-12,2022-02-28,2 wk ahead inc case
PL72,Dolnośląskie,quantile,0.5,3646,2022-03-12,2022-02-28,2 wk ahead inc case
PL72,Dolnośląskie,quantile,0.55,3854,2022-03-12,2022-02-28,2 wk ahead inc case
PL72,Dolnośląskie,quantile,0.6,4064,2022-03-12,2022-02-28,2 wk ahead inc case
PL72,Dolnośląskie,quantile,0.65,4323,2022-03-12,2022-02-28,2 wk ahead inc case
PL72,Dolnośląskie,quantile,0.7,4566,2022-03-12,2022-02-28,2 wk ahead inc case
PL72,Dolnośląskie,quantile,0.75,4880,2022-03-12,2022-02-28,2 wk ahead inc case
PL72,Dolnośląskie,quantile,0.8,5224,2022-03-12,2022-02-28,2 wk ahead inc case
PL72,Dolnośląskie,quantile,0.85,5560,2022-03-12,2022-02-28,2 wk ahead inc case
PL72,Dolnośląskie,quantile,0.9,6083,2022-03-12,2022-02-28,2 wk ahead inc case
PL72,Dolnośląskie,quantile,0.95,6795,2022-03-12,2022-02-28,2 wk ahead inc case
PL72,Dolnośląskie,quantile,0.975,7259,2022-03-12,2022-02-28,2 wk ahead inc case
PL72,Dolnośląskie,quantile,0.99,7564,2022-03-12,2022-02-28,2 wk ahead inc case
PL72,Dolnośląskie,point,,440013,2022-03-19,2022-02-28,3 wk ahead cum case
PL72,Dolnośląskie,quantile,0.01,435598,2022-03-19,2022-02-28,3 wk ahead cum case
PL72,Dolnośląskie,quantile,0.025,435762,2022-03-19,2022-02-28,3 wk ahead cum case
PL72,Dolnośląskie,quantile,0.05,436052,2022-03-19,2022-02-28,3 wk ahead cum case
PL72,Dolnośląskie,quantile,0.1,436538,2022-03-19,2022-02-28,3 wk ahead cum case
PL72,Dolnośląskie,quantile,0.15,436907,2022-03-19,2022-02-28,3 wk ahead cum case
PL72,Dolnośląskie,quantile,0.2,437340,2022-03-19,2022-02-28,3 wk ahead cum case
PL72,Dolnośląskie,quantile,0.25,437722,2022-03-19,2022-02-28,3 wk ahead cum case
PL72,Dolnośląskie,quantile,0.3,438124,2022-03-19,2022-02-28,3 wk ahead cum case
PL72,Dolnośląskie,quantile,0.35,438507,2022-03-19,2022-02-28,3 wk ahead cum case
PL72,Dolnośląskie,quantile,0.4,438934,2022-03-19,2022-02-28,3 wk ahead cum case
PL72,Dolnośląskie,quantile,0.45,439421,2022-03-19,2022-02-28,3 wk ahead cum case
PL72,Dolnośląskie,quantile,0.5,440013,2022-03-19,2022-02-28,3 wk ahead cum case
PL72,Dolnośląskie,quantile,0.55,440562,2022-03-19,2022-02-28,3 wk ahead cum case
PL72,Dolnośląskie,quantile,0.6,441119,2022-03-19,2022-02-28,3 wk ahead cum case
PL72,Dolnośląskie,quantile,0.65,441815,2022-03-19,2022-02-28,3 wk ahead cum case
PL72,Dolnośląskie,quantile,0.7,442573,2022-03-19,2022-02-28,3 wk ahead cum case
PL72,Dolnośląskie,quantile,0.75,443534,2022-03-19,2022-02-28,3 wk ahead cum case
PL72,Dolnośląskie,quantile,0.8,444503,2022-03-19,2022-02-28,3 wk ahead cum case
PL72,Dolnośląskie,quantile,0.85,445659,2022-03-19,2022-02-28,3 wk ahead cum case
PL72,Dolnośląskie,quantile,0.9,447171,2022-03-19,2022-02-28,3 wk ahead cum case
PL72,Dolnośląskie,quantile,0.95,449251,2022-03-19,2022-02-28,3 wk ahead cum case
PL72,Dolnośląskie,quantile,0.975,450451,2022-03-19,2022-02-28,3 wk ahead cum case
PL72,Dolnośląskie,quantile,0.99,451459,2022-03-19,2022-02-28,3 wk ahead cum case
PL72,Dolnośląskie,point,,2418,2022-03-19,2022-02-28,3 wk ahead inc case
PL72,Dolnośląskie,quantile,0.01,793,2022-03-19,2022-02-28,3 wk ahead inc case
PL72,Dolnośląskie,quantile,0.025,844,2022-03-19,2022-02-28,3 wk ahead inc case
PL72,Dolnośląskie,quantile,0.05,932,2022-03-19,2022-02-28,3 wk ahead inc case
PL72,Dolnośląskie,quantile,0.1,1080,2022-03-19,2022-02-28,3 wk ahead inc case
PL72,Dolnośląskie,quantile,0.15,1208,2022-03-19,2022-02-28,3 wk ahead inc case
PL72,Dolnośląskie,quantile,0.2,1351,2022-03-19,2022-02-28,3 wk ahead inc case
PL72,Dolnośląskie,quantile,0.25,1490,2022-03-19,2022-02-28,3 wk ahead inc case
PL72,Dolnośląskie,quantile,0.3,1616,2022-03-19,2022-02-28,3 wk ahead inc case
PL72,Dolnośląskie,quantile,0.35,1757,2022-03-19,2022-02-28,3 wk ahead inc case
PL72,Dolnośląskie,quantile,0.4,1926,2022-03-19,2022-02-28,3 wk ahead inc case
PL72,Dolnośląskie,quantile,0.45,2154,2022-03-19,2022-02-28,3 wk ahead inc case
PL72,Dolnośląskie,quantile,0.5,2418,2022-03-19,2022-02-28,3 wk ahead inc case
PL72,Dolnośląskie,quantile,0.55,2664,2022-03-19,2022-02-28,3 wk ahead inc case
PL72,Dolnośląskie,quantile,0.6,2877,2022-03-19,2022-02-28,3 wk ahead inc case
PL72,Dolnośląskie,quantile,0.65,3180,2022-03-19,2022-02-28,3 wk ahead inc case
PL72,Dolnośląskie,quantile,0.7,3549,2022-03-19,2022-02-28,3 wk ahead inc case
PL72,Dolnośląskie,quantile,0.75,4037,2022-03-19,2022-02-28,3 wk ahead inc case
PL72,Dolnośląskie,quantile,0.8,4503,2022-03-19,2022-02-28,3 wk ahead inc case
PL72,Dolnośląskie,quantile,0.85,5161,2022-03-19,2022-02-28,3 wk ahead inc case
PL72,Dolnośląskie,quantile,0.9,5970.00000000001,2022-03-19,2022-02-28,3 wk ahead inc case
PL72,Dolnośląskie,quantile,0.95,7129,2022-03-19,2022-02-28,3 wk ahead inc case
PL72,Dolnośląskie,quantile,0.975,7707,2022-03-19,2022-02-28,3 wk ahead inc case
PL72,Dolnośląskie,quantile,0.99,8330,2022-03-19,2022-02-28,3 wk ahead inc case
PL72,Dolnośląskie,point,,441572,2022-03-26,2022-02-28,4 wk ahead cum case
PL72,Dolnośląskie,quantile,0.01,435918,2022-03-26,2022-02-28,4 wk ahead cum case
PL72,Dolnośląskie,quantile,0.025,436103,2022-03-26,2022-02-28,4 wk ahead cum case
PL72,Dolnośląskie,quantile,0.05,436443,2022-03-26,2022-02-28,4 wk ahead cum case
PL72,Dolnośląskie,quantile,0.1,437027,2022-03-26,2022-02-28,4 wk ahead cum case
PL72,Dolnośląskie,quantile,0.15,437490,2022-03-26,2022-02-28,4 wk ahead cum case
PL72,Dolnośląskie,quantile,0.2,438011,2022-03-26,2022-02-28,4 wk ahead cum case
PL72,Dolnośląskie,quantile,0.25,438498,2022-03-26,2022-02-28,4 wk ahead cum case
PL72,Dolnośląskie,quantile,0.3,439022,2022-03-26,2022-02-28,4 wk ahead cum case
PL72,Dolnośląskie,quantile,0.35,439523,2022-03-26,2022-02-28,4 wk ahead cum case
PL72,Dolnośląskie,quantile,0.4,440087,2022-03-26,2022-02-28,4 wk ahead cum case
PL72,Dolnośląskie,quantile,0.45,440775,2022-03-26,2022-02-28,4 wk ahead cum case
PL72,Dolnośląskie,quantile,0.5,441572,2022-03-26,2022-02-28,4 wk ahead cum case
PL72,Dolnośląskie,quantile,0.55,442346,2022-03-26,2022-02-28,4 wk ahead cum case
PL72,Dolnośląskie,quantile,0.6,443119,2022-03-26,2022-02-28,4 wk ahead cum case
PL72,Dolnośląskie,quantile,0.65,444124,2022-03-26,2022-02-28,4 wk ahead cum case
PL72,Dolnośląskie,quantile,0.7,445371,2022-03-26,2022-02-28,4 wk ahead cum case
PL72,Dolnośląskie,quantile,0.75,446852,2022-03-26,2022-02-28,4 wk ahead cum case
PL72,Dolnośląskie,quantile,0.8,448356,2022-03-26,2022-02-28,4 wk ahead cum case
PL72,Dolnośląskie,quantile,0.85,450160,2022-03-26,2022-02-28,4 wk ahead cum case
PL72,Dolnośląskie,quantile,0.9,452888,2022-03-26,2022-02-28,4 wk ahead cum case
PL72,Dolnośląskie,quantile,0.95,456779,2022-03-26,2022-02-28,4 wk ahead cum case
PL72,Dolnośląskie,quantile,0.975,458847,2022-03-26,2022-02-28,4 wk ahead cum case
PL72,Dolnośląskie,quantile,0.99,460620,2022-03-26,2022-02-28,4 wk ahead cum case
PL72,Dolnośląskie,point,,1559,2022-03-26,2022-02-28,4 wk ahead inc case
PL72,Dolnośląskie,quantile,0.01,320,2022-03-26,2022-02-28,4 wk ahead inc case
PL72,Dolnośląskie,quantile,0.025,341,2022-03-26,2022-02-28,4 wk ahead inc case
PL72,Dolnośląskie,quantile,0.05,391,2022-03-26,2022-02-28,4 wk ahead inc case
PL72,Dolnośląskie,quantile,0.1,489,2022-03-26,2022-02-28,4 wk ahead inc case
PL72,Dolnośląskie,quantile,0.15,583,2022-03-26,2022-02-28,4 wk ahead inc case
PL72,Dolnośląskie,quantile,0.2,671,2022-03-26,2022-02-28,4 wk ahead inc case
PL72,Dolnośląskie,quantile,0.25,776,2022-03-26,2022-02-28,4 wk ahead inc case
PL72,Dolnośląskie,quantile,0.3,898,2022-03-26,2022-02-28,4 wk ahead inc case
PL72,Dolnośląskie,quantile,0.35,1016,2022-03-26,2022-02-28,4 wk ahead inc case
PL72,Dolnośląskie,quantile,0.4,1153,2022-03-26,2022-02-28,4 wk ahead inc case
PL72,Dolnośląskie,quantile,0.45,1354,2022-03-26,2022-02-28,4 wk ahead inc case
PL72,Dolnośląskie,quantile,0.5,1559,2022-03-26,2022-02-28,4 wk ahead inc case
PL72,Dolnośląskie,quantile,0.55,1784,2022-03-26,2022-02-28,4 wk ahead inc case
PL72,Dolnośląskie,quantile,0.6,2000,2022-03-26,2022-02-28,4 wk ahead inc case
PL72,Dolnośląskie,quantile,0.65,2309,2022-03-26,2022-02-28,4 wk ahead inc case
PL72,Dolnośląskie,quantile,0.7,2798,2022-03-26,2022-02-28,4 wk ahead inc case
PL72,Dolnośląskie,quantile,0.75,3318,2022-03-26,2022-02-28,4 wk ahead inc case
PL72,Dolnośląskie,quantile,0.8,3853,2022-03-26,2022-02-28,4 wk ahead inc case
PL72,Dolnośląskie,quantile,0.85,4501,2022-03-26,2022-02-28,4 wk ahead inc case
PL72,Dolnośląskie,quantile,0.9,5717.00000000001,2022-03-26,2022-02-28,4 wk ahead inc case
PL72,Dolnośląskie,quantile,0.95,7528,2022-03-26,2022-02-28,4 wk ahead inc case
PL72,Dolnośląskie,quantile,0.975,8396,2022-03-26,2022-02-28,4 wk ahead inc case
PL72,Dolnośląskie,quantile,0.99,9161,2022-03-26,2022-02-28,4 wk ahead inc case
PL73,Kujawsko-Pomorskie,point,,341686,2022-03-05,2022-02-28,1 wk ahead cum case
PL73,Kujawsko-Pomorskie,quantile,0.01,340411,2022-03-05,2022-02-28,1 wk ahead cum case
PL73,Kujawsko-Pomorskie,quantile,0.025,340489,2022-03-05,2022-02-28,1 wk ahead cum case
PL73,Kujawsko-Pomorskie,quantile,0.05,340593,2022-03-05,2022-02-28,1 wk ahead cum case
PL73,Kujawsko-Pomorskie,quantile,0.1,340772,2022-03-05,2022-02-28,1 wk ahead cum case
PL73,Kujawsko-Pomorskie,quantile,0.15,340880,2022-03-05,2022-02-28,1 wk ahead cum case
PL73,Kujawsko-Pomorskie,quantile,0.2,340994,2022-03-05,2022-02-28,1 wk ahead cum case
PL73,Kujawsko-Pomorskie,quantile,0.25,341118,2022-03-05,2022-02-28,1 wk ahead cum case
PL73,Kujawsko-Pomorskie,quantile,0.3,341235,2022-03-05,2022-02-28,1 wk ahead cum case
PL73,Kujawsko-Pomorskie,quantile,0.35,341359,2022-03-05,2022-02-28,1 wk ahead cum case
PL73,Kujawsko-Pomorskie,quantile,0.4,341468,2022-03-05,2022-02-28,1 wk ahead cum case
PL73,Kujawsko-Pomorskie,quantile,0.45,341564,2022-03-05,2022-02-28,1 wk ahead cum case
PL73,Kujawsko-Pomorskie,quantile,0.5,341686,2022-03-05,2022-02-28,1 wk ahead cum case
PL73,Kujawsko-Pomorskie,quantile,0.55,341818,2022-03-05,2022-02-28,1 wk ahead cum case
PL73,Kujawsko-Pomorskie,quantile,0.6,341937,2022-03-05,2022-02-28,1 wk ahead cum case
PL73,Kujawsko-Pomorskie,quantile,0.65,342066,2022-03-05,2022-02-28,1 wk ahead cum case
PL73,Kujawsko-Pomorskie,quantile,0.7,342199,2022-03-05,2022-02-28,1 wk ahead cum case
PL73,Kujawsko-Pomorskie,quantile,0.75,342356,2022-03-05,2022-02-28,1 wk ahead cum case
PL73,Kujawsko-Pomorskie,quantile,0.8,342510,2022-03-05,2022-02-28,1 wk ahead cum case
PL73,Kujawsko-Pomorskie,quantile,0.85,342688,2022-03-05,2022-02-28,1 wk ahead cum case
PL73,Kujawsko-Pomorskie,quantile,0.9,342859,2022-03-05,2022-02-28,1 wk ahead cum case
PL73,Kujawsko-Pomorskie,quantile,0.95,343080,2022-03-05,2022-02-28,1 wk ahead cum case
PL73,Kujawsko-Pomorskie,quantile,0.975,343234,2022-03-05,2022-02-28,1 wk ahead cum case
PL73,Kujawsko-Pomorskie,quantile,0.99,343313,2022-03-05,2022-02-28,1 wk ahead cum case
PL73,Kujawsko-Pomorskie,point,,7341,2022-03-05,2022-02-28,1 wk ahead inc case
PL73,Kujawsko-Pomorskie,quantile,0.01,6066,2022-03-05,2022-02-28,1 wk ahead inc case
PL73,Kujawsko-Pomorskie,quantile,0.025,6144,2022-03-05,2022-02-28,1 wk ahead inc case
PL73,Kujawsko-Pomorskie,quantile,0.05,6248,2022-03-05,2022-02-28,1 wk ahead inc case
PL73,Kujawsko-Pomorskie,quantile,0.1,6427,2022-03-05,2022-02-28,1 wk ahead inc case
PL73,Kujawsko-Pomorskie,quantile,0.15,6535,2022-03-05,2022-02-28,1 wk ahead inc case
PL73,Kujawsko-Pomorskie,quantile,0.2,6649,2022-03-05,2022-02-28,1 wk ahead inc case
PL73,Kujawsko-Pomorskie,quantile,0.25,6773,2022-03-05,2022-02-28,1 wk ahead inc case
PL73,Kujawsko-Pomorskie,quantile,0.3,6890,2022-03-05,2022-02-28,1 wk ahead inc case
PL73,Kujawsko-Pomorskie,quantile,0.35,7014,2022-03-05,2022-02-28,1 wk ahead inc case
PL73,Kujawsko-Pomorskie,quantile,0.4,7123,2022-03-05,2022-02-28,1 wk ahead inc case
PL73,Kujawsko-Pomorskie,quantile,0.45,7219,2022-03-05,2022-02-28,1 wk ahead inc case
PL73,Kujawsko-Pomorskie,quantile,0.5,7341,2022-03-05,2022-02-28,1 wk ahead inc case
PL73,Kujawsko-Pomorskie,quantile,0.55,7473,2022-03-05,2022-02-28,1 wk ahead inc case
PL73,Kujawsko-Pomorskie,quantile,0.6,7592,2022-03-05,2022-02-28,1 wk ahead inc case
PL73,Kujawsko-Pomorskie,quantile,0.65,7721,2022-03-05,2022-02-28,1 wk ahead inc case
PL73,Kujawsko-Pomorskie,quantile,0.7,7854,2022-03-05,2022-02-28,1 wk ahead inc case
PL73,Kujawsko-Pomorskie,quantile,0.75,8011,2022-03-05,2022-02-28,1 wk ahead inc case
PL73,Kujawsko-Pomorskie,quantile,0.8,8165,2022-03-05,2022-02-28,1 wk ahead inc case
PL73,Kujawsko-Pomorskie,quantile,0.85,8343,2022-03-05,2022-02-28,1 wk ahead inc case
PL73,Kujawsko-Pomorskie,quantile,0.9,8514,2022-03-05,2022-02-28,1 wk ahead inc case
PL73,Kujawsko-Pomorskie,quantile,0.95,8735,2022-03-05,2022-02-28,1 wk ahead inc case
PL73,Kujawsko-Pomorskie,quantile,0.975,8889,2022-03-05,2022-02-28,1 wk ahead inc case
PL73,Kujawsko-Pomorskie,quantile,0.99,8968,2022-03-05,2022-02-28,1 wk ahead inc case
PL73,Kujawsko-Pomorskie,point,,345658,2022-03-12,2022-02-28,2 wk ahead cum case
PL73,Kujawsko-Pomorskie,quantile,0.01,342996,2022-03-12,2022-02-28,2 wk ahead cum case
PL73,Kujawsko-Pomorskie,quantile,0.025,343133,2022-03-12,2022-02-28,2 wk ahead cum case
PL73,Kujawsko-Pomorskie,quantile,0.05,343344,2022-03-12,2022-02-28,2 wk ahead cum case
PL73,Kujawsko-Pomorskie,quantile,0.1,343698,2022-03-12,2022-02-28,2 wk ahead cum case
PL73,Kujawsko-Pomorskie,quantile,0.15,343943,2022-03-12,2022-02-28,2 wk ahead cum case
PL73,Kujawsko-Pomorskie,quantile,0.2,344181,2022-03-12,2022-02-28,2 wk ahead cum case
PL73,Kujawsko-Pomorskie,quantile,0.25,344428,2022-03-12,2022-02-28,2 wk ahead cum case
PL73,Kujawsko-Pomorskie,quantile,0.3,344679,2022-03-12,2022-02-28,2 wk ahead cum case
PL73,Kujawsko-Pomorskie,quantile,0.35,344943,2022-03-12,2022-02-28,2 wk ahead cum case
PL73,Kujawsko-Pomorskie,quantile,0.4,345188,2022-03-12,2022-02-28,2 wk ahead cum case
PL73,Kujawsko-Pomorskie,quantile,0.45,345410,2022-03-12,2022-02-28,2 wk ahead cum case
PL73,Kujawsko-Pomorskie,quantile,0.5,345658,2022-03-12,2022-02-28,2 wk ahead cum case
PL73,Kujawsko-Pomorskie,quantile,0.55,345937,2022-03-12,2022-02-28,2 wk ahead cum case
PL73,Kujawsko-Pomorskie,quantile,0.6,346218,2022-03-12,2022-02-28,2 wk ahead cum case
PL73,Kujawsko-Pomorskie,quantile,0.65,346528,2022-03-12,2022-02-28,2 wk ahead cum case
PL73,Kujawsko-Pomorskie,quantile,0.7,346837,2022-03-12,2022-02-28,2 wk ahead cum case
PL73,Kujawsko-Pomorskie,quantile,0.75,347274,2022-03-12,2022-02-28,2 wk ahead cum case
PL73,Kujawsko-Pomorskie,quantile,0.8,347646,2022-03-12,2022-02-28,2 wk ahead cum case
PL73,Kujawsko-Pomorskie,quantile,0.85,348101,2022-03-12,2022-02-28,2 wk ahead cum case
PL73,Kujawsko-Pomorskie,quantile,0.9,348641,2022-03-12,2022-02-28,2 wk ahead cum case
PL73,Kujawsko-Pomorskie,quantile,0.95,349355,2022-03-12,2022-02-28,2 wk ahead cum case
PL73,Kujawsko-Pomorskie,quantile,0.975,349823,2022-03-12,2022-02-28,2 wk ahead cum case
PL73,Kujawsko-Pomorskie,quantile,0.99,350099,2022-03-12,2022-02-28,2 wk ahead cum case
PL73,Kujawsko-Pomorskie,point,,3972,2022-03-12,2022-02-28,2 wk ahead inc case
PL73,Kujawsko-Pomorskie,quantile,0.01,2585,2022-03-12,2022-02-28,2 wk ahead inc case
PL73,Kujawsko-Pomorskie,quantile,0.025,2644,2022-03-12,2022-02-28,2 wk ahead inc case
PL73,Kujawsko-Pomorskie,quantile,0.05,2751,2022-03-12,2022-02-28,2 wk ahead inc case
PL73,Kujawsko-Pomorskie,quantile,0.1,2926,2022-03-12,2022-02-28,2 wk ahead inc case
PL73,Kujawsko-Pomorskie,quantile,0.15,3063,2022-03-12,2022-02-28,2 wk ahead inc case
PL73,Kujawsko-Pomorskie,quantile,0.2,3187,2022-03-12,2022-02-28,2 wk ahead inc case
PL73,Kujawsko-Pomorskie,quantile,0.25,3310,2022-03-12,2022-02-28,2 wk ahead inc case
PL73,Kujawsko-Pomorskie,quantile,0.3,3444,2022-03-12,2022-02-28,2 wk ahead inc case
PL73,Kujawsko-Pomorskie,quantile,0.35,3584,2022-03-12,2022-02-28,2 wk ahead inc case
PL73,Kujawsko-Pomorskie,quantile,0.4,3720,2022-03-12,2022-02-28,2 wk ahead inc case
PL73,Kujawsko-Pomorskie,quantile,0.45,3846,2022-03-12,2022-02-28,2 wk ahead inc case
PL73,Kujawsko-Pomorskie,quantile,0.5,3972,2022-03-12,2022-02-28,2 wk ahead inc case
PL73,Kujawsko-Pomorskie,quantile,0.55,4119,2022-03-12,2022-02-28,2 wk ahead inc case
PL73,Kujawsko-Pomorskie,quantile,0.6,4281,2022-03-12,2022-02-28,2 wk ahead inc case
PL73,Kujawsko-Pomorskie,quantile,0.65,4462,2022-03-12,2022-02-28,2 wk ahead inc case
PL73,Kujawsko-Pomorskie,quantile,0.7,4638,2022-03-12,2022-02-28,2 wk ahead inc case
PL73,Kujawsko-Pomorskie,quantile,0.75,4918,2022-03-12,2022-02-28,2 wk ahead inc case
PL73,Kujawsko-Pomorskie,quantile,0.8,5136,2022-03-12,2022-02-28,2 wk ahead inc case
PL73,Kujawsko-Pomorskie,quantile,0.85,5413,2022-03-12,2022-02-28,2 wk ahead inc case
PL73,Kujawsko-Pomorskie,quantile,0.9,5782,2022-03-12,2022-02-28,2 wk ahead inc case
PL73,Kujawsko-Pomorskie,quantile,0.95,6275,2022-03-12,2022-02-28,2 wk ahead inc case
PL73,Kujawsko-Pomorskie,quantile,0.975,6589,2022-03-12,2022-02-28,2 wk ahead inc case
PL73,Kujawsko-Pomorskie,quantile,0.99,6786,2022-03-12,2022-02-28,2 wk ahead inc case
PL73,Kujawsko-Pomorskie,point,,347764,2022-03-19,2022-02-28,3 wk ahead cum case
PL73,Kujawsko-Pomorskie,quantile,0.01,344006,2022-03-19,2022-02-28,3 wk ahead cum case
PL73,Kujawsko-Pomorskie,quantile,0.025,344178,2022-03-19,2022-02-28,3 wk ahead cum case
PL73,Kujawsko-Pomorskie,quantile,0.05,344461,2022-03-19,2022-02-28,3 wk ahead cum case
PL73,Kujawsko-Pomorskie,quantile,0.1,344905,2022-03-19,2022-02-28,3 wk ahead cum case
PL73,Kujawsko-Pomorskie,quantile,0.15,345263,2022-03-19,2022-02-28,3 wk ahead cum case
PL73,Kujawsko-Pomorskie,quantile,0.2,345620,2022-03-19,2022-02-28,3 wk ahead cum case
PL73,Kujawsko-Pomorskie,quantile,0.25,345950,2022-03-19,2022-02-28,3 wk ahead cum case
PL73,Kujawsko-Pomorskie,quantile,0.3,346305,2022-03-19,2022-02-28,3 wk ahead cum case
PL73,Kujawsko-Pomorskie,quantile,0.35,346698,2022-03-19,2022-02-28,3 wk ahead cum case
PL73,Kujawsko-Pomorskie,quantile,0.4,347068,2022-03-19,2022-02-28,3 wk ahead cum case
PL73,Kujawsko-Pomorskie,quantile,0.45,347414,2022-03-19,2022-02-28,3 wk ahead cum case
PL73,Kujawsko-Pomorskie,quantile,0.5,347764,2022-03-19,2022-02-28,3 wk ahead cum case
PL73,Kujawsko-Pomorskie,quantile,0.55,348180,2022-03-19,2022-02-28,3 wk ahead cum case
PL73,Kujawsko-Pomorskie,quantile,0.6,348598,2022-03-19,2022-02-28,3 wk ahead cum case
PL73,Kujawsko-Pomorskie,quantile,0.65,349077,2022-03-19,2022-02-28,3 wk ahead cum case
PL73,Kujawsko-Pomorskie,quantile,0.7,349594,2022-03-19,2022-02-28,3 wk ahead cum case
PL73,Kujawsko-Pomorskie,quantile,0.75,350270,2022-03-19,2022-02-28,3 wk ahead cum case
PL73,Kujawsko-Pomorskie,quantile,0.8,350916,2022-03-19,2022-02-28,3 wk ahead cum case
PL73,Kujawsko-Pomorskie,quantile,0.85,351741,2022-03-19,2022-02-28,3 wk ahead cum case
PL73,Kujawsko-Pomorskie,quantile,0.9,352726,2022-03-19,2022-02-28,3 wk ahead cum case
PL73,Kujawsko-Pomorskie,quantile,0.95,353908,2022-03-19,2022-02-28,3 wk ahead cum case
PL73,Kujawsko-Pomorskie,quantile,0.975,354700,2022-03-19,2022-02-28,3 wk ahead cum case
PL73,Kujawsko-Pomorskie,quantile,0.99,355267,2022-03-19,2022-02-28,3 wk ahead cum case
PL73,Kujawsko-Pomorskie,point,,2106,2022-03-19,2022-02-28,3 wk ahead inc case
PL73,Kujawsko-Pomorskie,quantile,0.01,1010,2022-03-19,2022-02-28,3 wk ahead inc case
PL73,Kujawsko-Pomorskie,quantile,0.025,1045,2022-03-19,2022-02-28,3 wk ahead inc case
PL73,Kujawsko-Pomorskie,quantile,0.05,1117,2022-03-19,2022-02-28,3 wk ahead inc case
PL73,Kujawsko-Pomorskie,quantile,0.1,1207,2022-03-19,2022-02-28,3 wk ahead inc case
PL73,Kujawsko-Pomorskie,quantile,0.15,1320,2022-03-19,2022-02-28,3 wk ahead inc case
PL73,Kujawsko-Pomorskie,quantile,0.2,1439,2022-03-19,2022-02-28,3 wk ahead inc case
PL73,Kujawsko-Pomorskie,quantile,0.25,1522,2022-03-19,2022-02-28,3 wk ahead inc case
PL73,Kujawsko-Pomorskie,quantile,0.3,1626,2022-03-19,2022-02-28,3 wk ahead inc case
PL73,Kujawsko-Pomorskie,quantile,0.35,1755,2022-03-19,2022-02-28,3 wk ahead inc case
PL73,Kujawsko-Pomorskie,quantile,0.4,1880,2022-03-19,2022-02-28,3 wk ahead inc case
PL73,Kujawsko-Pomorskie,quantile,0.45,2004,2022-03-19,2022-02-28,3 wk ahead inc case
PL73,Kujawsko-Pomorskie,quantile,0.5,2106,2022-03-19,2022-02-28,3 wk ahead inc case
PL73,Kujawsko-Pomorskie,quantile,0.55,2243,2022-03-19,2022-02-28,3 wk ahead inc case
PL73,Kujawsko-Pomorskie,quantile,0.6,2380,2022-03-19,2022-02-28,3 wk ahead inc case
PL73,Kujawsko-Pomorskie,quantile,0.65,2549,2022-03-19,2022-02-28,3 wk ahead inc case
PL73,Kujawsko-Pomorskie,quantile,0.7,2757,2022-03-19,2022-02-28,3 wk ahead inc case
PL73,Kujawsko-Pomorskie,quantile,0.75,2996,2022-03-19,2022-02-28,3 wk ahead inc case
PL73,Kujawsko-Pomorskie,quantile,0.8,3270,2022-03-19,2022-02-28,3 wk ahead inc case
PL73,Kujawsko-Pomorskie,quantile,0.85,3640,2022-03-19,2022-02-28,3 wk ahead inc case
PL73,Kujawsko-Pomorskie,quantile,0.9,4085,2022-03-19,2022-02-28,3 wk ahead inc case
PL73,Kujawsko-Pomorskie,quantile,0.95,4553,2022-03-19,2022-02-28,3 wk ahead inc case
PL73,Kujawsko-Pomorskie,quantile,0.975,4877,2022-03-19,2022-02-28,3 wk ahead inc case
PL73,Kujawsko-Pomorskie,quantile,0.99,5168,2022-03-19,2022-02-28,3 wk ahead inc case
PL73,Kujawsko-Pomorskie,point,,348867,2022-03-26,2022-02-28,4 wk ahead cum case
PL73,Kujawsko-Pomorskie,quantile,0.01,344391,2022-03-26,2022-02-28,4 wk ahead cum case
PL73,Kujawsko-Pomorskie,quantile,0.025,344582,2022-03-26,2022-02-28,4 wk ahead cum case
PL73,Kujawsko-Pomorskie,quantile,0.05,344896,2022-03-26,2022-02-28,4 wk ahead cum case
PL73,Kujawsko-Pomorskie,quantile,0.1,345405,2022-03-26,2022-02-28,4 wk ahead cum case
PL73,Kujawsko-Pomorskie,quantile,0.15,345833,2022-03-26,2022-02-28,4 wk ahead cum case
PL73,Kujawsko-Pomorskie,quantile,0.2,346245,2022-03-26,2022-02-28,4 wk ahead cum case
PL73,Kujawsko-Pomorskie,quantile,0.25,346647,2022-03-26,2022-02-28,4 wk ahead cum case
PL73,Kujawsko-Pomorskie,quantile,0.3,347072,2022-03-26,2022-02-28,4 wk ahead cum case
PL73,Kujawsko-Pomorskie,quantile,0.35,347536,2022-03-26,2022-02-28,4 wk ahead cum case
PL73,Kujawsko-Pomorskie,quantile,0.4,347997,2022-03-26,2022-02-28,4 wk ahead cum case
PL73,Kujawsko-Pomorskie,quantile,0.45,348427,2022-03-26,2022-02-28,4 wk ahead cum case
PL73,Kujawsko-Pomorskie,quantile,0.5,348867,2022-03-26,2022-02-28,4 wk ahead cum case
PL73,Kujawsko-Pomorskie,quantile,0.55,349385,2022-03-26,2022-02-28,4 wk ahead cum case
PL73,Kujawsko-Pomorskie,quantile,0.6,349915,2022-03-26,2022-02-28,4 wk ahead cum case
PL73,Kujawsko-Pomorskie,quantile,0.65,350518,2022-03-26,2022-02-28,4 wk ahead cum case
PL73,Kujawsko-Pomorskie,quantile,0.7,351214,2022-03-26,2022-02-28,4 wk ahead cum case
PL73,Kujawsko-Pomorskie,quantile,0.75,352085,2022-03-26,2022-02-28,4 wk ahead cum case
PL73,Kujawsko-Pomorskie,quantile,0.8,352994,2022-03-26,2022-02-28,4 wk ahead cum case
PL73,Kujawsko-Pomorskie,quantile,0.85,354113,2022-03-26,2022-02-28,4 wk ahead cum case
PL73,Kujawsko-Pomorskie,quantile,0.9,355469,2022-03-26,2022-02-28,4 wk ahead cum case
PL73,Kujawsko-Pomorskie,quantile,0.95,357202,2022-03-26,2022-02-28,4 wk ahead cum case
PL73,Kujawsko-Pomorskie,quantile,0.975,358326,2022-03-26,2022-02-28,4 wk ahead cum case
PL73,Kujawsko-Pomorskie,quantile,0.99,359088,2022-03-26,2022-02-28,4 wk ahead cum case
PL73,Kujawsko-Pomorskie,point,,1103,2022-03-26,2022-02-28,4 wk ahead inc case
PL73,Kujawsko-Pomorskie,quantile,0.01,385,2022-03-26,2022-02-28,4 wk ahead inc case
PL73,Kujawsko-Pomorskie,quantile,0.025,404,2022-03-26,2022-02-28,4 wk ahead inc case
PL73,Kujawsko-Pomorskie,quantile,0.05,435,2022-03-26,2022-02-28,4 wk ahead inc case
PL73,Kujawsko-Pomorskie,quantile,0.1,500,2022-03-26,2022-02-28,4 wk ahead inc case
PL73,Kujawsko-Pomorskie,quantile,0.15,570,2022-03-26,2022-02-28,4 wk ahead inc case
PL73,Kujawsko-Pomorskie,quantile,0.2,625,2022-03-26,2022-02-28,4 wk ahead inc case
PL73,Kujawsko-Pomorskie,quantile,0.25,697,2022-03-26,2022-02-28,4 wk ahead inc case
PL73,Kujawsko-Pomorskie,quantile,0.3,767,2022-03-26,2022-02-28,4 wk ahead inc case
PL73,Kujawsko-Pomorskie,quantile,0.35,838,2022-03-26,2022-02-28,4 wk ahead inc case
PL73,Kujawsko-Pomorskie,quantile,0.4,929,2022-03-26,2022-02-28,4 wk ahead inc case
PL73,Kujawsko-Pomorskie,quantile,0.45,1013,2022-03-26,2022-02-28,4 wk ahead inc case
PL73,Kujawsko-Pomorskie,quantile,0.5,1103,2022-03-26,2022-02-28,4 wk ahead inc case
PL73,Kujawsko-Pomorskie,quantile,0.55,1205,2022-03-26,2022-02-28,4 wk ahead inc case
PL73,Kujawsko-Pomorskie,quantile,0.6,1317,2022-03-26,2022-02-28,4 wk ahead inc case
PL73,Kujawsko-Pomorskie,quantile,0.65,1441,2022-03-26,2022-02-28,4 wk ahead inc case
PL73,Kujawsko-Pomorskie,quantile,0.7,1620,2022-03-26,2022-02-28,4 wk ahead inc case
PL73,Kujawsko-Pomorskie,quantile,0.75,1815,2022-03-26,2022-02-28,4 wk ahead inc case
PL73,Kujawsko-Pomorskie,quantile,0.8,2078,2022-03-26,2022-02-28,4 wk ahead inc case
PL73,Kujawsko-Pomorskie,quantile,0.85,2372,2022-03-26,2022-02-28,4 wk ahead inc case
PL73,Kujawsko-Pomorskie,quantile,0.9,2743,2022-03-26,2022-02-28,4 wk ahead inc case
PL73,Kujawsko-Pomorskie,quantile,0.95,3294,2022-03-26,2022-02-28,4 wk ahead inc case
PL73,Kujawsko-Pomorskie,quantile,0.975,3626,2022-03-26,2022-02-28,4 wk ahead inc case
PL73,Kujawsko-Pomorskie,quantile,0.99,3821,2022-03-26,2022-02-28,4 wk ahead inc case
PL74,Łódzkie,point,,349836,2022-03-05,2022-02-28,1 wk ahead cum case
PL74,Łódzkie,quantile,0.01,349154,2022-03-05,2022-02-28,1 wk ahead cum case
PL74,Łódzkie,quantile,0.025,349176,2022-03-05,2022-02-28,1 wk ahead cum case
PL74,Łódzkie,quantile,0.05,349220,2022-03-05,2022-02-28,1 wk ahead cum case
PL74,Łódzkie,quantile,0.1,349303,2022-03-05,2022-02-28,1 wk ahead cum case
PL74,Łódzkie,quantile,0.15,349379,2022-03-05,2022-02-28,1 wk ahead cum case
PL74,Łódzkie,quantile,0.2,349439,2022-03-05,2022-02-28,1 wk ahead cum case
PL74,Łódzkie,quantile,0.25,349515,2022-03-05,2022-02-28,1 wk ahead cum case
PL74,Łódzkie,quantile,0.3,349583,2022-03-05,2022-02-28,1 wk ahead cum case
PL74,Łódzkie,quantile,0.35,349638,2022-03-05,2022-02-28,1 wk ahead cum case
PL74,Łódzkie,quantile,0.4,349700,2022-03-05,2022-02-28,1 wk ahead cum case
PL74,Łódzkie,quantile,0.45,349765,2022-03-05,2022-02-28,1 wk ahead cum case
PL74,Łódzkie,quantile,0.5,349836,2022-03-05,2022-02-28,1 wk ahead cum case
PL74,Łódzkie,quantile,0.55,349897,2022-03-05,2022-02-28,1 wk ahead cum case
PL74,Łódzkie,quantile,0.6,349967,2022-03-05,2022-02-28,1 wk ahead cum case
PL74,Łódzkie,quantile,0.65,350039,2022-03-05,2022-02-28,1 wk ahead cum case
PL74,Łódzkie,quantile,0.7,350109,2022-03-05,2022-02-28,1 wk ahead cum case
PL74,Łódzkie,quantile,0.75,350196,2022-03-05,2022-02-28,1 wk ahead cum case
PL74,Łódzkie,quantile,0.8,350291,2022-03-05,2022-02-28,1 wk ahead cum case
PL74,Łódzkie,quantile,0.85,350384,2022-03-05,2022-02-28,1 wk ahead cum case
PL74,Łódzkie,quantile,0.9,350505,2022-03-05,2022-02-28,1 wk ahead cum case
PL74,Łódzkie,quantile,0.95,350669,2022-03-05,2022-02-28,1 wk ahead cum case
PL74,Łódzkie,quantile,0.975,350764,2022-03-05,2022-02-28,1 wk ahead cum case
PL74,Łódzkie,quantile,0.99,350832,2022-03-05,2022-02-28,1 wk ahead cum case
PL74,Łódzkie,point,,3652,2022-03-05,2022-02-28,1 wk ahead inc case
PL74,Łódzkie,quantile,0.01,2970,2022-03-05,2022-02-28,1 wk ahead inc case
PL74,Łódzkie,quantile,0.025,2992,2022-03-05,2022-02-28,1 wk ahead inc case
PL74,Łódzkie,quantile,0.05,3036,2022-03-05,2022-02-28,1 wk ahead inc case
PL74,Łódzkie,quantile,0.1,3119,2022-03-05,2022-02-28,1 wk ahead inc case
PL74,Łódzkie,quantile,0.15,3195,2022-03-05,2022-02-28,1 wk ahead inc case
PL74,Łódzkie,quantile,0.2,3255,2022-03-05,2022-02-28,1 wk ahead inc case
PL74,Łódzkie,quantile,0.25,3331,2022-03-05,2022-02-28,1 wk ahead inc case
PL74,Łódzkie,quantile,0.3,3399,2022-03-05,2022-02-28,1 wk ahead inc case
PL74,Łódzkie,quantile,0.35,3454,2022-03-05,2022-02-28,1 wk ahead inc case
PL74,Łódzkie,quantile,0.4,3516,2022-03-05,2022-02-28,1 wk ahead inc case
PL74,Łódzkie,quantile,0.45,3581,2022-03-05,2022-02-28,1 wk ahead inc case
PL74,Łódzkie,quantile,0.5,3652,2022-03-05,2022-02-28,1 wk ahead inc case
PL74,Łódzkie,quantile,0.55,3713,2022-03-05,2022-02-28,1 wk ahead inc case
PL74,Łódzkie,quantile,0.6,3783,2022-03-05,2022-02-28,1 wk ahead inc case
PL74,Łódzkie,quantile,0.65,3855,2022-03-05,2022-02-28,1 wk ahead inc case
PL74,Łódzkie,quantile,0.7,3925,2022-03-05,2022-02-28,1 wk ahead inc case
PL74,Łódzkie,quantile,0.75,4012,2022-03-05,2022-02-28,1 wk ahead inc case
PL74,Łódzkie,quantile,0.8,4107,2022-03-05,2022-02-28,1 wk ahead inc case
PL74,Łódzkie,quantile,0.85,4200,2022-03-05,2022-02-28,1 wk ahead inc case
PL74,Łódzkie,quantile,0.9,4321,2022-03-05,2022-02-28,1 wk ahead inc case
PL74,Łódzkie,quantile,0.95,4485,2022-03-05,2022-02-28,1 wk ahead inc case
PL74,Łódzkie,quantile,0.975,4580,2022-03-05,2022-02-28,1 wk ahead inc case
PL74,Łódzkie,quantile,0.99,4648,2022-03-05,2022-02-28,1 wk ahead inc case
PL74,Łódzkie,point,,351686,2022-03-12,2022-02-28,2 wk ahead cum case
PL74,Łódzkie,quantile,0.01,350221,2022-03-12,2022-02-28,2 wk ahead cum case
PL74,Łódzkie,quantile,0.025,350277,2022-03-12,2022-02-28,2 wk ahead cum case
PL74,Łódzkie,quantile,0.05,350375,2022-03-12,2022-02-28,2 wk ahead cum case
PL74,Łódzkie,quantile,0.1,350525,2022-03-12,2022-02-28,2 wk ahead cum case
PL74,Łódzkie,quantile,0.15,350678,2022-03-12,2022-02-28,2 wk ahead cum case
PL74,Łódzkie,quantile,0.2,350822,2022-03-12,2022-02-28,2 wk ahead cum case
PL74,Łódzkie,quantile,0.25,350986,2022-03-12,2022-02-28,2 wk ahead cum case
PL74,Łódzkie,quantile,0.3,351126,2022-03-12,2022-02-28,2 wk ahead cum case
PL74,Łódzkie,quantile,0.35,351258,2022-03-12,2022-02-28,2 wk ahead cum case
PL74,Łódzkie,quantile,0.4,351390,2022-03-12,2022-02-28,2 wk ahead cum case
PL74,Łódzkie,quantile,0.45,351538,2022-03-12,2022-02-28,2 wk ahead cum case
PL74,Łódzkie,quantile,0.5,351686,2022-03-12,2022-02-28,2 wk ahead cum case
PL74,Łódzkie,quantile,0.55,351837,2022-03-12,2022-02-28,2 wk ahead cum case
PL74,Łódzkie,quantile,0.6,352034,2022-03-12,2022-02-28,2 wk ahead cum case
PL74,Łódzkie,quantile,0.65,352222,2022-03-12,2022-02-28,2 wk ahead cum case
PL74,Łódzkie,quantile,0.7,352392,2022-03-12,2022-02-28,2 wk ahead cum case
PL74,Łódzkie,quantile,0.75,352617,2022-03-12,2022-02-28,2 wk ahead cum case
PL74,Łódzkie,quantile,0.8,352833,2022-03-12,2022-02-28,2 wk ahead cum case
PL74,Łódzkie,quantile,0.85,353151,2022-03-12,2022-02-28,2 wk ahead cum case
PL74,Łódzkie,quantile,0.9,353509,2022-03-12,2022-02-28,2 wk ahead cum case
PL74,Łódzkie,quantile,0.95,354048,2022-03-12,2022-02-28,2 wk ahead cum case
PL74,Łódzkie,quantile,0.975,354328,2022-03-12,2022-02-28,2 wk ahead cum case
PL74,Łódzkie,quantile,0.99,354573,2022-03-12,2022-02-28,2 wk ahead cum case
PL74,Łódzkie,point,,1850,2022-03-12,2022-02-28,2 wk ahead inc case
PL74,Łódzkie,quantile,0.01,1067,2022-03-12,2022-02-28,2 wk ahead inc case
PL74,Łódzkie,quantile,0.025,1101,2022-03-12,2022-02-28,2 wk ahead inc case
PL74,Łódzkie,quantile,0.05,1155,2022-03-12,2022-02-28,2 wk ahead inc case
PL74,Łódzkie,quantile,0.1,1222,2022-03-12,2022-02-28,2 wk ahead inc case
PL74,Łódzkie,quantile,0.15,1299,2022-03-12,2022-02-28,2 wk ahead inc case
PL74,Łódzkie,quantile,0.2,1383,2022-03-12,2022-02-28,2 wk ahead inc case
PL74,Łódzkie,quantile,0.25,1471,2022-03-12,2022-02-28,2 wk ahead inc case
PL74,Łódzkie,quantile,0.3,1543,2022-03-12,2022-02-28,2 wk ahead inc case
PL74,Łódzkie,quantile,0.35,1620,2022-03-12,2022-02-28,2 wk ahead inc case
PL74,Łódzkie,quantile,0.4,1690,2022-03-12,2022-02-28,2 wk ahead inc case
PL74,Łódzkie,quantile,0.45,1773,2022-03-12,2022-02-28,2 wk ahead inc case
PL74,Łódzkie,quantile,0.5,1850,2022-03-12,2022-02-28,2 wk ahead inc case
PL74,Łódzkie,quantile,0.55,1940,2022-03-12,2022-02-28,2 wk ahead inc case
PL74,Łódzkie,quantile,0.6,2067,2022-03-12,2022-02-28,2 wk ahead inc case
PL74,Łódzkie,quantile,0.65,2183,2022-03-12,2022-02-28,2 wk ahead inc case
PL74,Łódzkie,quantile,0.7,2283,2022-03-12,2022-02-28,2 wk ahead inc case
PL74,Łódzkie,quantile,0.75,2421,2022-03-12,2022-02-28,2 wk ahead inc case
PL74,Łódzkie,quantile,0.8,2542,2022-03-12,2022-02-28,2 wk ahead inc case
PL74,Łódzkie,quantile,0.85,2767,2022-03-12,2022-02-28,2 wk ahead inc case
PL74,Łódzkie,quantile,0.9,3004,2022-03-12,2022-02-28,2 wk ahead inc case
PL74,Łódzkie,quantile,0.95,3379,2022-03-12,2022-02-28,2 wk ahead inc case
PL74,Łódzkie,quantile,0.975,3564,2022-03-12,2022-02-28,2 wk ahead inc case
PL74,Łódzkie,quantile,0.99,3741,2022-03-12,2022-02-28,2 wk ahead inc case
PL74,Łódzkie,point,,352621,2022-03-19,2022-02-28,3 wk ahead cum case
PL74,Łódzkie,quantile,0.01,350540,2022-03-19,2022-02-28,3 wk ahead cum case
PL74,Łódzkie,quantile,0.025,350617,2022-03-19,2022-02-28,3 wk ahead cum case
PL74,Łódzkie,quantile,0.05,350745,2022-03-19,2022-02-28,3 wk ahead cum case
PL74,Łódzkie,quantile,0.1,350936,2022-03-19,2022-02-28,3 wk ahead cum case
PL74,Łódzkie,quantile,0.15,351144,2022-03-19,2022-02-28,3 wk ahead cum case
PL74,Łódzkie,quantile,0.2,351354,2022-03-19,2022-02-28,3 wk ahead cum case
PL74,Łódzkie,quantile,0.25,351579,2022-03-19,2022-02-28,3 wk ahead cum case
PL74,Łódzkie,quantile,0.3,351774,2022-03-19,2022-02-28,3 wk ahead cum case
PL74,Łódzkie,quantile,0.35,351971,2022-03-19,2022-02-28,3 wk ahead cum case
PL74,Łódzkie,quantile,0.4,352173,2022-03-19,2022-02-28,3 wk ahead cum case
PL74,Łódzkie,quantile,0.45,352400,2022-03-19,2022-02-28,3 wk ahead cum case
PL74,Łódzkie,quantile,0.5,352621,2022-03-19,2022-02-28,3 wk ahead cum case
PL74,Łódzkie,quantile,0.55,352859,2022-03-19,2022-02-28,3 wk ahead cum case
PL74,Łódzkie,quantile,0.6,353144,2022-03-19,2022-02-28,3 wk ahead cum case
PL74,Łódzkie,quantile,0.65,353426,2022-03-19,2022-02-28,3 wk ahead cum case
PL74,Łódzkie,quantile,0.7,353735,2022-03-19,2022-02-28,3 wk ahead cum case
PL74,Łódzkie,quantile,0.75,354083,2022-03-19,2022-02-28,3 wk ahead cum case
PL74,Łódzkie,quantile,0.8,354469,2022-03-19,2022-02-28,3 wk ahead cum case
PL74,Łódzkie,quantile,0.85,355008,2022-03-19,2022-02-28,3 wk ahead cum case
PL74,Łódzkie,quantile,0.9,355700,2022-03-19,2022-02-28,3 wk ahead cum case
PL74,Łódzkie,quantile,0.95,356646,2022-03-19,2022-02-28,3 wk ahead cum case
PL74,Łódzkie,quantile,0.975,357273,2022-03-19,2022-02-28,3 wk ahead cum case
PL74,Łódzkie,quantile,0.99,357745,2022-03-19,2022-02-28,3 wk ahead cum case
PL74,Łódzkie,point,,935,2022-03-19,2022-02-28,3 wk ahead inc case
PL74,Łódzkie,quantile,0.01,319,2022-03-19,2022-02-28,3 wk ahead inc case
PL74,Łódzkie,quantile,0.025,340,2022-03-19,2022-02-28,3 wk ahead inc case
PL74,Łódzkie,quantile,0.05,370,2022-03-19,2022-02-28,3 wk ahead inc case
PL74,Łódzkie,quantile,0.1,411,2022-03-19,2022-02-28,3 wk ahead inc case
PL74,Łódzkie,quantile,0.15,466,2022-03-19,2022-02-28,3 wk ahead inc case
PL74,Łódzkie,quantile,0.2,532,2022-03-19,2022-02-28,3 wk ahead inc case
PL74,Łódzkie,quantile,0.25,593,2022-03-19,2022-02-28,3 wk ahead inc case
PL74,Łódzkie,quantile,0.3,648,2022-03-19,2022-02-28,3 wk ahead inc case
PL74,Łódzkie,quantile,0.35,713,2022-03-19,2022-02-28,3 wk ahead inc case
PL74,Łódzkie,quantile,0.4,783,2022-03-19,2022-02-28,3 wk ahead inc case
PL74,Łódzkie,quantile,0.45,862,2022-03-19,2022-02-28,3 wk ahead inc case
PL74,Łódzkie,quantile,0.5,935,2022-03-19,2022-02-28,3 wk ahead inc case
PL74,Łódzkie,quantile,0.55,1022,2022-03-19,2022-02-28,3 wk ahead inc case
PL74,Łódzkie,quantile,0.6,1110,2022-03-19,2022-02-28,3 wk ahead inc case
PL74,Łódzkie,quantile,0.65,1204,2022-03-19,2022-02-28,3 wk ahead inc case
PL74,Łódzkie,quantile,0.7,1343,2022-03-19,2022-02-28,3 wk ahead inc case
PL74,Łódzkie,quantile,0.75,1466,2022-03-19,2022-02-28,3 wk ahead inc case
PL74,Łódzkie,quantile,0.8,1636,2022-03-19,2022-02-28,3 wk ahead inc case
PL74,Łódzkie,quantile,0.85,1857,2022-03-19,2022-02-28,3 wk ahead inc case
PL74,Łódzkie,quantile,0.9,2191,2022-03-19,2022-02-28,3 wk ahead inc case
PL74,Łódzkie,quantile,0.95,2598,2022-03-19,2022-02-28,3 wk ahead inc case
PL74,Łódzkie,quantile,0.975,2945,2022-03-19,2022-02-28,3 wk ahead inc case
PL74,Łódzkie,quantile,0.99,3172,2022-03-19,2022-02-28,3 wk ahead inc case
PL74,Łódzkie,point,,353077,2022-03-26,2022-02-28,4 wk ahead cum case
PL74,Łódzkie,quantile,0.01,350629,2022-03-26,2022-02-28,4 wk ahead cum case
PL74,Łódzkie,quantile,0.025,350712,2022-03-26,2022-02-28,4 wk ahead cum case
PL74,Łódzkie,quantile,0.05,350853,2022-03-26,2022-02-28,4 wk ahead cum case
PL74,Łódzkie,quantile,0.1,351071,2022-03-26,2022-02-28,4 wk ahead cum case
PL74,Łódzkie,quantile,0.15,351309,2022-03-26,2022-02-28,4 wk ahead cum case
PL74,Łódzkie,quantile,0.2,351551,2022-03-26,2022-02-28,4 wk ahead cum case
PL74,Łódzkie,quantile,0.25,351809,2022-03-26,2022-02-28,4 wk ahead cum case
PL74,Łódzkie,quantile,0.3,352039,2022-03-26,2022-02-28,4 wk ahead cum case
PL74,Łódzkie,quantile,0.35,352284,2022-03-26,2022-02-28,4 wk ahead cum case
PL74,Łódzkie,quantile,0.4,352530,2022-03-26,2022-02-28,4 wk ahead cum case
PL74,Łódzkie,quantile,0.45,352799,2022-03-26,2022-02-28,4 wk ahead cum case
PL74,Łódzkie,quantile,0.5,353077,2022-03-26,2022-02-28,4 wk ahead cum case
PL74,Łódzkie,quantile,0.55,353377,2022-03-26,2022-02-28,4 wk ahead cum case
PL74,Łódzkie,quantile,0.6,353735,2022-03-26,2022-02-28,4 wk ahead cum case
PL74,Łódzkie,quantile,0.65,354104,2022-03-26,2022-02-28,4 wk ahead cum case
PL74,Łódzkie,quantile,0.7,354500,2022-03-26,2022-02-28,4 wk ahead cum case
PL74,Łódzkie,quantile,0.75,354985,2022-03-26,2022-02-28,4 wk ahead cum case
PL74,Łódzkie,quantile,0.8,355512,2022-03-26,2022-02-28,4 wk ahead cum case
PL74,Łódzkie,quantile,0.85,356267,2022-03-26,2022-02-28,4 wk ahead cum case
PL74,Łódzkie,quantile,0.9,357231,2022-03-26,2022-02-28,4 wk ahead cum case
PL74,Łódzkie,quantile,0.95,358685,2022-03-26,2022-02-28,4 wk ahead cum case
PL74,Łódzkie,quantile,0.975,359685,2022-03-26,2022-02-28,4 wk ahead cum case
PL74,Łódzkie,quantile,0.99,360399,2022-03-26,2022-02-28,4 wk ahead cum case
PL74,Łódzkie,point,,456,2022-03-26,2022-02-28,4 wk ahead inc case
PL74,Łódzkie,quantile,0.01,89,2022-03-26,2022-02-28,4 wk ahead inc case
PL74,Łódzkie,quantile,0.025,95,2022-03-26,2022-02-28,4 wk ahead inc case
PL74,Łódzkie,quantile,0.05,108,2022-03-26,2022-02-28,4 wk ahead inc case
PL74,Łódzkie,quantile,0.1,135,2022-03-26,2022-02-28,4 wk ahead inc case
PL74,Łódzkie,quantile,0.15,165,2022-03-26,2022-02-28,4 wk ahead inc case
PL74,Łódzkie,quantile,0.2,197,2022-03-26,2022-02-28,4 wk ahead inc case
PL74,Łódzkie,quantile,0.25,230,2022-03-26,2022-02-28,4 wk ahead inc case
PL74,Łódzkie,quantile,0.3,265,2022-03-26,2022-02-28,4 wk ahead inc case
PL74,Łódzkie,quantile,0.35,313,2022-03-26,2022-02-28,4 wk ahead inc case
PL74,Łódzkie,quantile,0.4,357,2022-03-26,2022-02-28,4 wk ahead inc case
PL74,Łódzkie,quantile,0.45,399,2022-03-26,2022-02-28,4 wk ahead inc case
PL74,Łódzkie,quantile,0.5,456,2022-03-26,2022-02-28,4 wk ahead inc case
PL74,Łódzkie,quantile,0.55,518,2022-03-26,2022-02-28,4 wk ahead inc case
PL74,Łódzkie,quantile,0.6,591,2022-03-26,2022-02-28,4 wk ahead inc case
PL74,Łódzkie,quantile,0.65,678,2022-03-26,2022-02-28,4 wk ahead inc case
PL74,Łódzkie,quantile,0.7,765,2022-03-26,2022-02-28,4 wk ahead inc case
PL74,Łódzkie,quantile,0.75,902.000000000001,2022-03-26,2022-02-28,4 wk ahead inc case
PL74,Łódzkie,quantile,0.8,1043,2022-03-26,2022-02-28,4 wk ahead inc case
PL74,Łódzkie,quantile,0.85,1259,2022-03-26,2022-02-28,4 wk ahead inc case
PL74,Łódzkie,quantile,0.9,1531,2022-03-26,2022-02-28,4 wk ahead inc case
PL74,Łódzkie,quantile,0.95,2039,2022-03-26,2022-02-28,4 wk ahead inc case
PL74,Łódzkie,quantile,0.975,2412,2022-03-26,2022-02-28,4 wk ahead inc case
PL74,Łódzkie,quantile,0.99,2654,2022-03-26,2022-02-28,4 wk ahead inc case
PL75,Lubelskie,point,,291972,2022-03-05,2022-02-28,1 wk ahead cum case
PL75,Lubelskie,quantile,0.01,291172,2022-03-05,2022-02-28,1 wk ahead cum case
PL75,Lubelskie,quantile,0.025,291187,2022-03-05,2022-02-28,1 wk ahead cum case
PL75,Lubelskie,quantile,0.05,291245,2022-03-05,2022-02-28,1 wk ahead cum case
PL75,Lubelskie,quantile,0.1,291342,2022-03-05,2022-02-28,1 wk ahead cum case
PL75,Lubelskie,quantile,0.15,291455,2022-03-05,2022-02-28,1 wk ahead cum case
PL75,Lubelskie,quantile,0.2,291529,2022-03-05,2022-02-28,1 wk ahead cum case
PL75,Lubelskie,quantile,0.25,291601,2022-03-05,2022-02-28,1 wk ahead cum case
PL75,Lubelskie,quantile,0.3,291685,2022-03-05,2022-02-28,1 wk ahead cum case
PL75,Lubelskie,quantile,0.35,291748,2022-03-05,2022-02-28,1 wk ahead cum case
PL75,Lubelskie,quantile,0.4,291821,2022-03-05,2022-02-28,1 wk ahead cum case
PL75,Lubelskie,quantile,0.45,291896,2022-03-05,2022-02-28,1 wk ahead cum case
PL75,Lubelskie,quantile,0.5,291972,2022-03-05,2022-02-28,1 wk ahead cum case
PL75,Lubelskie,quantile,0.55,292043,2022-03-05,2022-02-28,1 wk ahead cum case
PL75,Lubelskie,quantile,0.6,292113,2022-03-05,2022-02-28,1 wk ahead cum case
PL75,Lubelskie,quantile,0.65,292188,2022-03-05,2022-02-28,1 wk ahead cum case
PL75,Lubelskie,quantile,0.7,292271,2022-03-05,2022-02-28,1 wk ahead cum case
PL75,Lubelskie,quantile,0.75,292361,2022-03-05,2022-02-28,1 wk ahead cum case
PL75,Lubelskie,quantile,0.8,292473,2022-03-05,2022-02-28,1 wk ahead cum case
PL75,Lubelskie,quantile,0.85,292571,2022-03-05,2022-02-28,1 wk ahead cum case
PL75,Lubelskie,quantile,0.9,292687,2022-03-05,2022-02-28,1 wk ahead cum case
PL75,Lubelskie,quantile,0.95,292898,2022-03-05,2022-02-28,1 wk ahead cum case
PL75,Lubelskie,quantile,0.975,293006,2022-03-05,2022-02-28,1 wk ahead cum case
PL75,Lubelskie,quantile,0.99,293094,2022-03-05,2022-02-28,1 wk ahead cum case
PL75,Lubelskie,point,,3874,2022-03-05,2022-02-28,1 wk ahead inc case
PL75,Lubelskie,quantile,0.01,3074,2022-03-05,2022-02-28,1 wk ahead inc case
PL75,Lubelskie,quantile,0.025,3089,2022-03-05,2022-02-28,1 wk ahead inc case
PL75,Lubelskie,quantile,0.05,3147,2022-03-05,2022-02-28,1 wk ahead inc case
PL75,Lubelskie,quantile,0.1,3244,2022-03-05,2022-02-28,1 wk ahead inc case
PL75,Lubelskie,quantile,0.15,3357,2022-03-05,2022-02-28,1 wk ahead inc case
PL75,Lubelskie,quantile,0.2,3431,2022-03-05,2022-02-28,1 wk ahead inc case
PL75,Lubelskie,quantile,0.25,3503,2022-03-05,2022-02-28,1 wk ahead inc case
PL75,Lubelskie,quantile,0.3,3587,2022-03-05,2022-02-28,1 wk ahead inc case
PL75,Lubelskie,quantile,0.35,3650,2022-03-05,2022-02-28,1 wk ahead inc case
PL75,Lubelskie,quantile,0.4,3723,2022-03-05,2022-02-28,1 wk ahead inc case
PL75,Lubelskie,quantile,0.45,3798,2022-03-05,2022-02-28,1 wk ahead inc case
PL75,Lubelskie,quantile,0.5,3874,2022-03-05,2022-02-28,1 wk ahead inc case
PL75,Lubelskie,quantile,0.55,3945,2022-03-05,2022-02-28,1 wk ahead inc case
PL75,Lubelskie,quantile,0.6,4015,2022-03-05,2022-02-28,1 wk ahead inc case
PL75,Lubelskie,quantile,0.65,4090,2022-03-05,2022-02-28,1 wk ahead inc case
PL75,Lubelskie,quantile,0.7,4173,2022-03-05,2022-02-28,1 wk ahead inc case
PL75,Lubelskie,quantile,0.75,4263,2022-03-05,2022-02-28,1 wk ahead inc case
PL75,Lubelskie,quantile,0.8,4375,2022-03-05,2022-02-28,1 wk ahead inc case
PL75,Lubelskie,quantile,0.85,4473,2022-03-05,2022-02-28,1 wk ahead inc case
PL75,Lubelskie,quantile,0.9,4589,2022-03-05,2022-02-28,1 wk ahead inc case
PL75,Lubelskie,quantile,0.95,4800,2022-03-05,2022-02-28,1 wk ahead inc case
PL75,Lubelskie,quantile,0.975,4908,2022-03-05,2022-02-28,1 wk ahead inc case
PL75,Lubelskie,quantile,0.99,4996,2022-03-05,2022-02-28,1 wk ahead inc case
PL75,Lubelskie,point,,294444,2022-03-12,2022-02-28,2 wk ahead cum case
PL75,Lubelskie,quantile,0.01,292515,2022-03-12,2022-02-28,2 wk ahead cum case
PL75,Lubelskie,quantile,0.025,292573,2022-03-12,2022-02-28,2 wk ahead cum case
PL75,Lubelskie,quantile,0.05,292683,2022-03-12,2022-02-28,2 wk ahead cum case
PL75,Lubelskie,quantile,0.1,292906,2022-03-12,2022-02-28,2 wk ahead cum case
PL75,Lubelskie,quantile,0.15,293134,2022-03-12,2022-02-28,2 wk ahead cum case
PL75,Lubelskie,quantile,0.2,293311,2022-03-12,2022-02-28,2 wk ahead cum case
PL75,Lubelskie,quantile,0.25,293479,2022-03-12,2022-02-28,2 wk ahead cum case
PL75,Lubelskie,quantile,0.3,293668,2022-03-12,2022-02-28,2 wk ahead cum case
PL75,Lubelskie,quantile,0.35,293844,2022-03-12,2022-02-28,2 wk ahead cum case
PL75,Lubelskie,quantile,0.4,294031,2022-03-12,2022-02-28,2 wk ahead cum case
PL75,Lubelskie,quantile,0.45,294246,2022-03-12,2022-02-28,2 wk ahead cum case
PL75,Lubelskie,quantile,0.5,294444,2022-03-12,2022-02-28,2 wk ahead cum case
PL75,Lubelskie,quantile,0.55,294622,2022-03-12,2022-02-28,2 wk ahead cum case
PL75,Lubelskie,quantile,0.6,294825,2022-03-12,2022-02-28,2 wk ahead cum case
PL75,Lubelskie,quantile,0.65,295101,2022-03-12,2022-02-28,2 wk ahead cum case
PL75,Lubelskie,quantile,0.7,295362,2022-03-12,2022-02-28,2 wk ahead cum case
PL75,Lubelskie,quantile,0.75,295713,2022-03-12,2022-02-28,2 wk ahead cum case
PL75,Lubelskie,quantile,0.8,296026,2022-03-12,2022-02-28,2 wk ahead cum case
PL75,Lubelskie,quantile,0.85,296421,2022-03-12,2022-02-28,2 wk ahead cum case
PL75,Lubelskie,quantile,0.9,296867,2022-03-12,2022-02-28,2 wk ahead cum case
PL75,Lubelskie,quantile,0.95,297514,2022-03-12,2022-02-28,2 wk ahead cum case
PL75,Lubelskie,quantile,0.975,297937,2022-03-12,2022-02-28,2 wk ahead cum case
PL75,Lubelskie,quantile,0.99,298199,2022-03-12,2022-02-28,2 wk ahead cum case
PL75,Lubelskie,point,,2472,2022-03-12,2022-02-28,2 wk ahead inc case
PL75,Lubelskie,quantile,0.01,1343,2022-03-12,2022-02-28,2 wk ahead inc case
PL75,Lubelskie,quantile,0.025,1386,2022-03-12,2022-02-28,2 wk ahead inc case
PL75,Lubelskie,quantile,0.05,1438,2022-03-12,2022-02-28,2 wk ahead inc case
PL75,Lubelskie,quantile,0.1,1564,2022-03-12,2022-02-28,2 wk ahead inc case
PL75,Lubelskie,quantile,0.15,1679,2022-03-12,2022-02-28,2 wk ahead inc case
PL75,Lubelskie,quantile,0.2,1782,2022-03-12,2022-02-28,2 wk ahead inc case
PL75,Lubelskie,quantile,0.25,1878,2022-03-12,2022-02-28,2 wk ahead inc case
PL75,Lubelskie,quantile,0.3,1983,2022-03-12,2022-02-28,2 wk ahead inc case
PL75,Lubelskie,quantile,0.35,2096,2022-03-12,2022-02-28,2 wk ahead inc case
PL75,Lubelskie,quantile,0.4,2210,2022-03-12,2022-02-28,2 wk ahead inc case
PL75,Lubelskie,quantile,0.45,2350,2022-03-12,2022-02-28,2 wk ahead inc case
PL75,Lubelskie,quantile,0.5,2472,2022-03-12,2022-02-28,2 wk ahead inc case
PL75,Lubelskie,quantile,0.55,2579,2022-03-12,2022-02-28,2 wk ahead inc case
PL75,Lubelskie,quantile,0.6,2712,2022-03-12,2022-02-28,2 wk ahead inc case
PL75,Lubelskie,quantile,0.65,2913,2022-03-12,2022-02-28,2 wk ahead inc case
PL75,Lubelskie,quantile,0.7,3091,2022-03-12,2022-02-28,2 wk ahead inc case
PL75,Lubelskie,quantile,0.75,3352,2022-03-12,2022-02-28,2 wk ahead inc case
PL75,Lubelskie,quantile,0.8,3553,2022-03-12,2022-02-28,2 wk ahead inc case
PL75,Lubelskie,quantile,0.85,3850,2022-03-12,2022-02-28,2 wk ahead inc case
PL75,Lubelskie,quantile,0.9,4180,2022-03-12,2022-02-28,2 wk ahead inc case
PL75,Lubelskie,quantile,0.95,4616,2022-03-12,2022-02-28,2 wk ahead inc case
PL75,Lubelskie,quantile,0.975,4931,2022-03-12,2022-02-28,2 wk ahead inc case
PL75,Lubelskie,quantile,0.99,5105,2022-03-12,2022-02-28,2 wk ahead inc case
PL75,Lubelskie,point,,295992,2022-03-19,2022-02-28,3 wk ahead cum case
PL75,Lubelskie,quantile,0.01,293017,2022-03-19,2022-02-28,3 wk ahead cum case
PL75,Lubelskie,quantile,0.025,293100,2022-03-19,2022-02-28,3 wk ahead cum case
PL75,Lubelskie,quantile,0.05,293257,2022-03-19,2022-02-28,3 wk ahead cum case
PL75,Lubelskie,quantile,0.1,293581,2022-03-19,2022-02-28,3 wk ahead cum case
PL75,Lubelskie,quantile,0.15,293901,2022-03-19,2022-02-28,3 wk ahead cum case
PL75,Lubelskie,quantile,0.2,294170,2022-03-19,2022-02-28,3 wk ahead cum case
PL75,Lubelskie,quantile,0.25,294411,2022-03-19,2022-02-28,3 wk ahead cum case
PL75,Lubelskie,quantile,0.3,294690,2022-03-19,2022-02-28,3 wk ahead cum case
PL75,Lubelskie,quantile,0.35,294973,2022-03-19,2022-02-28,3 wk ahead cum case
PL75,Lubelskie,quantile,0.4,295281,2022-03-19,2022-02-28,3 wk ahead cum case
PL75,Lubelskie,quantile,0.45,295630,2022-03-19,2022-02-28,3 wk ahead cum case
PL75,Lubelskie,quantile,0.5,295992,2022-03-19,2022-02-28,3 wk ahead cum case
PL75,Lubelskie,quantile,0.55,296315,2022-03-19,2022-02-28,3 wk ahead cum case
PL75,Lubelskie,quantile,0.6,296703,2022-03-19,2022-02-28,3 wk ahead cum case
PL75,Lubelskie,quantile,0.65,297204,2022-03-19,2022-02-28,3 wk ahead cum case
PL75,Lubelskie,quantile,0.7,297683,2022-03-19,2022-02-28,3 wk ahead cum case
PL75,Lubelskie,quantile,0.75,298355,2022-03-19,2022-02-28,3 wk ahead cum case
PL75,Lubelskie,quantile,0.8,298976,2022-03-19,2022-02-28,3 wk ahead cum case
PL75,Lubelskie,quantile,0.85,299781,2022-03-19,2022-02-28,3 wk ahead cum case
PL75,Lubelskie,quantile,0.9,300846,2022-03-19,2022-02-28,3 wk ahead cum case
PL75,Lubelskie,quantile,0.95,302272,2022-03-19,2022-02-28,3 wk ahead cum case
PL75,Lubelskie,quantile,0.975,303100,2022-03-19,2022-02-28,3 wk ahead cum case
PL75,Lubelskie,quantile,0.99,303725,2022-03-19,2022-02-28,3 wk ahead cum case
PL75,Lubelskie,point,,1548,2022-03-19,2022-02-28,3 wk ahead inc case
PL75,Lubelskie,quantile,0.01,502,2022-03-19,2022-02-28,3 wk ahead inc case
PL75,Lubelskie,quantile,0.025,527,2022-03-19,2022-02-28,3 wk ahead inc case
PL75,Lubelskie,quantile,0.05,574,2022-03-19,2022-02-28,3 wk ahead inc case
PL75,Lubelskie,quantile,0.1,675,2022-03-19,2022-02-28,3 wk ahead inc case
PL75,Lubelskie,quantile,0.15,767,2022-03-19,2022-02-28,3 wk ahead inc case
PL75,Lubelskie,quantile,0.2,859,2022-03-19,2022-02-28,3 wk ahead inc case
PL75,Lubelskie,quantile,0.25,932,2022-03-19,2022-02-28,3 wk ahead inc case
PL75,Lubelskie,quantile,0.3,1022,2022-03-19,2022-02-28,3 wk ahead inc case
PL75,Lubelskie,quantile,0.35,1129,2022-03-19,2022-02-28,3 wk ahead inc case
PL75,Lubelskie,quantile,0.4,1250,2022-03-19,2022-02-28,3 wk ahead inc case
PL75,Lubelskie,quantile,0.45,1384,2022-03-19,2022-02-28,3 wk ahead inc case
PL75,Lubelskie,quantile,0.5,1548,2022-03-19,2022-02-28,3 wk ahead inc case
PL75,Lubelskie,quantile,0.55,1693,2022-03-19,2022-02-28,3 wk ahead inc case
PL75,Lubelskie,quantile,0.6,1878,2022-03-19,2022-02-28,3 wk ahead inc case
PL75,Lubelskie,quantile,0.65,2103,2022-03-19,2022-02-28,3 wk ahead inc case
PL75,Lubelskie,quantile,0.7,2321,2022-03-19,2022-02-28,3 wk ahead inc case
PL75,Lubelskie,quantile,0.75,2642,2022-03-19,2022-02-28,3 wk ahead inc case
PL75,Lubelskie,quantile,0.8,2950,2022-03-19,2022-02-28,3 wk ahead inc case
PL75,Lubelskie,quantile,0.85,3360.00000000001,2022-03-19,2022-02-28,3 wk ahead inc case
PL75,Lubelskie,quantile,0.9,3979,2022-03-19,2022-02-28,3 wk ahead inc case
PL75,Lubelskie,quantile,0.95,4758,2022-03-19,2022-02-28,3 wk ahead inc case
PL75,Lubelskie,quantile,0.975,5163,2022-03-19,2022-02-28,3 wk ahead inc case
PL75,Lubelskie,quantile,0.99,5526,2022-03-19,2022-02-28,3 wk ahead inc case
PL75,Lubelskie,point,,296966,2022-03-26,2022-02-28,4 wk ahead cum case
PL75,Lubelskie,quantile,0.01,293203,2022-03-26,2022-02-28,4 wk ahead cum case
PL75,Lubelskie,quantile,0.025,293302,2022-03-26,2022-02-28,4 wk ahead cum case
PL75,Lubelskie,quantile,0.05,293483,2022-03-26,2022-02-28,4 wk ahead cum case
PL75,Lubelskie,quantile,0.1,293864,2022-03-26,2022-02-28,4 wk ahead cum case
PL75,Lubelskie,quantile,0.15,294238,2022-03-26,2022-02-28,4 wk ahead cum case
PL75,Lubelskie,quantile,0.2,294572,2022-03-26,2022-02-28,4 wk ahead cum case
PL75,Lubelskie,quantile,0.25,294877,2022-03-26,2022-02-28,4 wk ahead cum case
PL75,Lubelskie,quantile,0.3,295221,2022-03-26,2022-02-28,4 wk ahead cum case
PL75,Lubelskie,quantile,0.35,295591,2022-03-26,2022-02-28,4 wk ahead cum case
PL75,Lubelskie,quantile,0.4,295982,2022-03-26,2022-02-28,4 wk ahead cum case
PL75,Lubelskie,quantile,0.45,296465,2022-03-26,2022-02-28,4 wk ahead cum case
PL75,Lubelskie,quantile,0.5,296966,2022-03-26,2022-02-28,4 wk ahead cum case
PL75,Lubelskie,quantile,0.55,297429,2022-03-26,2022-02-28,4 wk ahead cum case
PL75,Lubelskie,quantile,0.6,297978,2022-03-26,2022-02-28,4 wk ahead cum case
PL75,Lubelskie,quantile,0.65,298699,2022-03-26,2022-02-28,4 wk ahead cum case
PL75,Lubelskie,quantile,0.7,299418,2022-03-26,2022-02-28,4 wk ahead cum case
PL75,Lubelskie,quantile,0.75,300417,2022-03-26,2022-02-28,4 wk ahead cum case
PL75,Lubelskie,quantile,0.8,301432,2022-03-26,2022-02-28,4 wk ahead cum case
PL75,Lubelskie,quantile,0.85,302781,2022-03-26,2022-02-28,4 wk ahead cum case
PL75,Lubelskie,quantile,0.9,304623,2022-03-26,2022-02-28,4 wk ahead cum case
PL75,Lubelskie,quantile,0.95,307171,2022-03-26,2022-02-28,4 wk ahead cum case
PL75,Lubelskie,quantile,0.975,308570,2022-03-26,2022-02-28,4 wk ahead cum case
PL75,Lubelskie,quantile,0.99,309685,2022-03-26,2022-02-28,4 wk ahead cum case
PL75,Lubelskie,point,,974,2022-03-26,2022-02-28,4 wk ahead inc case
PL75,Lubelskie,quantile,0.01,186,2022-03-26,2022-02-28,4 wk ahead inc case
PL75,Lubelskie,quantile,0.025,202,2022-03-26,2022-02-28,4 wk ahead inc case
PL75,Lubelskie,quantile,0.05,226,2022-03-26,2022-02-28,4 wk ahead inc case
PL75,Lubelskie,quantile,0.1,283,2022-03-26,2022-02-28,4 wk ahead inc case
PL75,Lubelskie,quantile,0.15,337,2022-03-26,2022-02-28,4 wk ahead inc case
PL75,Lubelskie,quantile,0.2,402,2022-03-26,2022-02-28,4 wk ahead inc case
PL75,Lubelskie,quantile,0.25,466,2022-03-26,2022-02-28,4 wk ahead inc case
PL75,Lubelskie,quantile,0.3,531,2022-03-26,2022-02-28,4 wk ahead inc case
PL75,Lubelskie,quantile,0.35,618,2022-03-26,2022-02-28,4 wk ahead inc case
PL75,Lubelskie,quantile,0.4,701,2022-03-26,2022-02-28,4 wk ahead inc case
PL75,Lubelskie,quantile,0.45,835,2022-03-26,2022-02-28,4 wk ahead inc case
PL75,Lubelskie,quantile,0.5,974,2022-03-26,2022-02-28,4 wk ahead inc case
PL75,Lubelskie,quantile,0.55,1114,2022-03-26,2022-02-28,4 wk ahead inc case
PL75,Lubelskie,quantile,0.6,1275,2022-03-26,2022-02-28,4 wk ahead inc case
PL75,Lubelskie,quantile,0.65,1495,2022-03-26,2022-02-28,4 wk ahead inc case
PL75,Lubelskie,quantile,0.7,1735,2022-03-26,2022-02-28,4 wk ahead inc case
PL75,Lubelskie,quantile,0.75,2062,2022-03-26,2022-02-28,4 wk ahead inc case
PL75,Lubelskie,quantile,0.8,2456,2022-03-26,2022-02-28,4 wk ahead inc case
PL75,Lubelskie,quantile,0.85,3000,2022-03-26,2022-02-28,4 wk ahead inc case
PL75,Lubelskie,quantile,0.9,3777,2022-03-26,2022-02-28,4 wk ahead inc case
PL75,Lubelskie,quantile,0.95,4899,2022-03-26,2022-02-28,4 wk ahead inc case
PL75,Lubelskie,quantile,0.975,5470,2022-03-26,2022-02-28,4 wk ahead inc case
PL75,Lubelskie,quantile,0.99,5960,2022-03-26,2022-02-28,4 wk ahead inc case
PL76,Lubuskie,point,,143406,2022-03-05,2022-02-28,1 wk ahead cum case
PL76,Lubuskie,quantile,0.01,142737,2022-03-05,2022-02-28,1 wk ahead cum case
PL76,Lubuskie,quantile,0.025,142765,2022-03-05,2022-02-28,1 wk ahead cum case
PL76,Lubuskie,quantile,0.05,142803,2022-03-05,2022-02-28,1 wk ahead cum case
PL76,Lubuskie,quantile,0.1,142894,2022-03-05,2022-02-28,1 wk ahead cum case
PL76,Lubuskie,quantile,0.15,142976,2022-03-05,2022-02-28,1 wk ahead cum case
PL76,Lubuskie,quantile,0.2,143038,2022-03-05,2022-02-28,1 wk ahead cum case
PL76,Lubuskie,quantile,0.25,143105,2022-03-05,2022-02-28,1 wk ahead cum case
PL76,Lubuskie,quantile,0.3,143164,2022-03-05,2022-02-28,1 wk ahead cum case
PL76,Lubuskie,quantile,0.35,143233,2022-03-05,2022-02-28,1 wk ahead cum case
PL76,Lubuskie,quantile,0.4,143297,2022-03-05,2022-02-28,1 wk ahead cum case
PL76,Lubuskie,quantile,0.45,143347,2022-03-05,2022-02-28,1 wk ahead cum case
PL76,Lubuskie,quantile,0.5,143406,2022-03-05,2022-02-28,1 wk ahead cum case
PL76,Lubuskie,quantile,0.55,143466,2022-03-05,2022-02-28,1 wk ahead cum case
PL76,Lubuskie,quantile,0.6,143529,2022-03-05,2022-02-28,1 wk ahead cum case
PL76,Lubuskie,quantile,0.65,143590,2022-03-05,2022-02-28,1 wk ahead cum case
PL76,Lubuskie,quantile,0.7,143664,2022-03-05,2022-02-28,1 wk ahead cum case
PL76,Lubuskie,quantile,0.75,143742,2022-03-05,2022-02-28,1 wk ahead cum case
PL76,Lubuskie,quantile,0.8,143815,2022-03-05,2022-02-28,1 wk ahead cum case
PL76,Lubuskie,quantile,0.85,143912,2022-03-05,2022-02-28,1 wk ahead cum case
PL76,Lubuskie,quantile,0.9,144035,2022-03-05,2022-02-28,1 wk ahead cum case
PL76,Lubuskie,quantile,0.95,144146,2022-03-05,2022-02-28,1 wk ahead cum case
PL76,Lubuskie,quantile,0.975,144215,2022-03-05,2022-02-28,1 wk ahead cum case
PL76,Lubuskie,quantile,0.99,144267,2022-03-05,2022-02-28,1 wk ahead cum case
PL76,Lubuskie,point,,3764,2022-03-05,2022-02-28,1 wk ahead inc case
PL76,Lubuskie,quantile,0.01,3095,2022-03-05,2022-02-28,1 wk ahead inc case
PL76,Lubuskie,quantile,0.025,3123,2022-03-05,2022-02-28,1 wk ahead inc case
PL76,Lubuskie,quantile,0.05,3161,2022-03-05,2022-02-28,1 wk ahead inc case
PL76,Lubuskie,quantile,0.1,3252,2022-03-05,2022-02-28,1 wk ahead inc case
PL76,Lubuskie,quantile,0.15,3334,2022-03-05,2022-02-28,1 wk ahead inc case
PL76,Lubuskie,quantile,0.2,3396,2022-03-05,2022-02-28,1 wk ahead inc case
PL76,Lubuskie,quantile,0.25,3463,2022-03-05,2022-02-28,1 wk ahead inc case
PL76,Lubuskie,quantile,0.3,3522,2022-03-05,2022-02-28,1 wk ahead inc case
PL76,Lubuskie,quantile,0.35,3591,2022-03-05,2022-02-28,1 wk ahead inc case
PL76,Lubuskie,quantile,0.4,3655,2022-03-05,2022-02-28,1 wk ahead inc case
PL76,Lubuskie,quantile,0.45,3705,2022-03-05,2022-02-28,1 wk ahead inc case
PL76,Lubuskie,quantile,0.5,3764,2022-03-05,2022-02-28,1 wk ahead inc case
PL76,Lubuskie,quantile,0.55,3824,2022-03-05,2022-02-28,1 wk ahead inc case
PL76,Lubuskie,quantile,0.6,3887,2022-03-05,2022-02-28,1 wk ahead inc case
PL76,Lubuskie,quantile,0.65,3948,2022-03-05,2022-02-28,1 wk ahead inc case
PL76,Lubuskie,quantile,0.7,4022,2022-03-05,2022-02-28,1 wk ahead inc case
PL76,Lubuskie,quantile,0.75,4100,2022-03-05,2022-02-28,1 wk ahead inc case
PL76,Lubuskie,quantile,0.8,4173,2022-03-05,2022-02-28,1 wk ahead inc case
PL76,Lubuskie,quantile,0.85,4270,2022-03-05,2022-02-28,1 wk ahead inc case
PL76,Lubuskie,quantile,0.9,4393,2022-03-05,2022-02-28,1 wk ahead inc case
PL76,Lubuskie,quantile,0.95,4504,2022-03-05,2022-02-28,1 wk ahead inc case
PL76,Lubuskie,quantile,0.975,4573,2022-03-05,2022-02-28,1 wk ahead inc case
PL76,Lubuskie,quantile,0.99,4625,2022-03-05,2022-02-28,1 wk ahead inc case
PL76,Lubuskie,point,,146217,2022-03-12,2022-02-28,2 wk ahead cum case
PL76,Lubuskie,quantile,0.01,144447,2022-03-12,2022-02-28,2 wk ahead cum case
PL76,Lubuskie,quantile,0.025,144535,2022-03-12,2022-02-28,2 wk ahead cum case
PL76,Lubuskie,quantile,0.05,144646,2022-03-12,2022-02-28,2 wk ahead cum case
PL76,Lubuskie,quantile,0.1,144844,2022-03-12,2022-02-28,2 wk ahead cum case
PL76,Lubuskie,quantile,0.15,145050,2022-03-12,2022-02-28,2 wk ahead cum case
PL76,Lubuskie,quantile,0.2,145229,2022-03-12,2022-02-28,2 wk ahead cum case
PL76,Lubuskie,quantile,0.25,145389,2022-03-12,2022-02-28,2 wk ahead cum case
PL76,Lubuskie,quantile,0.3,145554,2022-03-12,2022-02-28,2 wk ahead cum case
PL76,Lubuskie,quantile,0.35,145731,2022-03-12,2022-02-28,2 wk ahead cum case
PL76,Lubuskie,quantile,0.4,145898,2022-03-12,2022-02-28,2 wk ahead cum case
PL76,Lubuskie,quantile,0.45,146053,2022-03-12,2022-02-28,2 wk ahead cum case
PL76,Lubuskie,quantile,0.5,146217,2022-03-12,2022-02-28,2 wk ahead cum case
PL76,Lubuskie,quantile,0.55,146390,2022-03-12,2022-02-28,2 wk ahead cum case
PL76,Lubuskie,quantile,0.6,146611,2022-03-12,2022-02-28,2 wk ahead cum case
PL76,Lubuskie,quantile,0.65,146817,2022-03-12,2022-02-28,2 wk ahead cum case
PL76,Lubuskie,quantile,0.7,147037,2022-03-12,2022-02-28,2 wk ahead cum case
PL76,Lubuskie,quantile,0.75,147304,2022-03-12,2022-02-28,2 wk ahead cum case
PL76,Lubuskie,quantile,0.8,147561,2022-03-12,2022-02-28,2 wk ahead cum case
PL76,Lubuskie,quantile,0.85,147873,2022-03-12,2022-02-28,2 wk ahead cum case
PL76,Lubuskie,quantile,0.9,148265,2022-03-12,2022-02-28,2 wk ahead cum case
PL76,Lubuskie,quantile,0.95,148757,2022-03-12,2022-02-28,2 wk ahead cum case
PL76,Lubuskie,quantile,0.975,149049,2022-03-12,2022-02-28,2 wk ahead cum case
PL76,Lubuskie,quantile,0.99,149297,2022-03-12,2022-02-28,2 wk ahead cum case
PL76,Lubuskie,point,,2811,2022-03-12,2022-02-28,2 wk ahead inc case
PL76,Lubuskie,quantile,0.01,1710,2022-03-12,2022-02-28,2 wk ahead inc case
PL76,Lubuskie,quantile,0.025,1770,2022-03-12,2022-02-28,2 wk ahead inc case
PL76,Lubuskie,quantile,0.05,1843,2022-03-12,2022-02-28,2 wk ahead inc case
PL76,Lubuskie,quantile,0.1,1950,2022-03-12,2022-02-28,2 wk ahead inc case
PL76,Lubuskie,quantile,0.15,2074,2022-03-12,2022-02-28,2 wk ahead inc case
PL76,Lubuskie,quantile,0.2,2191,2022-03-12,2022-02-28,2 wk ahead inc case
PL76,Lubuskie,quantile,0.25,2284,2022-03-12,2022-02-28,2 wk ahead inc case
PL76,Lubuskie,quantile,0.3,2390,2022-03-12,2022-02-28,2 wk ahead inc case
PL76,Lubuskie,quantile,0.35,2498,2022-03-12,2022-02-28,2 wk ahead inc case
PL76,Lubuskie,quantile,0.4,2601,2022-03-12,2022-02-28,2 wk ahead inc case
PL76,Lubuskie,quantile,0.45,2706,2022-03-12,2022-02-28,2 wk ahead inc case
PL76,Lubuskie,quantile,0.5,2811,2022-03-12,2022-02-28,2 wk ahead inc case
PL76,Lubuskie,quantile,0.55,2924,2022-03-12,2022-02-28,2 wk ahead inc case
PL76,Lubuskie,quantile,0.6,3082,2022-03-12,2022-02-28,2 wk ahead inc case
PL76,Lubuskie,quantile,0.65,3227,2022-03-12,2022-02-28,2 wk ahead inc case
PL76,Lubuskie,quantile,0.7,3373,2022-03-12,2022-02-28,2 wk ahead inc case
PL76,Lubuskie,quantile,0.75,3562,2022-03-12,2022-02-28,2 wk ahead inc case
PL76,Lubuskie,quantile,0.8,3746,2022-03-12,2022-02-28,2 wk ahead inc case
PL76,Lubuskie,quantile,0.85,3961,2022-03-12,2022-02-28,2 wk ahead inc case
PL76,Lubuskie,quantile,0.9,4230,2022-03-12,2022-02-28,2 wk ahead inc case
PL76,Lubuskie,quantile,0.95,4611,2022-03-12,2022-02-28,2 wk ahead inc case
PL76,Lubuskie,quantile,0.975,4834,2022-03-12,2022-02-28,2 wk ahead inc case
PL76,Lubuskie,quantile,0.99,5030,2022-03-12,2022-02-28,2 wk ahead inc case
PL76,Lubuskie,point,,148281,2022-03-19,2022-02-28,3 wk ahead cum case
PL76,Lubuskie,quantile,0.01,145306,2022-03-19,2022-02-28,3 wk ahead cum case
PL76,Lubuskie,quantile,0.025,145445,2022-03-19,2022-02-28,3 wk ahead cum case
PL76,Lubuskie,quantile,0.05,145620,2022-03-19,2022-02-28,3 wk ahead cum case
PL76,Lubuskie,quantile,0.1,145936,2022-03-19,2022-02-28,3 wk ahead cum case
PL76,Lubuskie,quantile,0.15,146250,2022-03-19,2022-02-28,3 wk ahead cum case
PL76,Lubuskie,quantile,0.2,146553,2022-03-19,2022-02-28,3 wk ahead cum case
PL76,Lubuskie,quantile,0.25,146840,2022-03-19,2022-02-28,3 wk ahead cum case
PL76,Lubuskie,quantile,0.3,147121,2022-03-19,2022-02-28,3 wk ahead cum case
PL76,Lubuskie,quantile,0.35,147408,2022-03-19,2022-02-28,3 wk ahead cum case
PL76,Lubuskie,quantile,0.4,147682,2022-03-19,2022-02-28,3 wk ahead cum case
PL76,Lubuskie,quantile,0.45,147963,2022-03-19,2022-02-28,3 wk ahead cum case
PL76,Lubuskie,quantile,0.5,148281,2022-03-19,2022-02-28,3 wk ahead cum case
PL76,Lubuskie,quantile,0.55,148584,2022-03-19,2022-02-28,3 wk ahead cum case
PL76,Lubuskie,quantile,0.6,149051,2022-03-19,2022-02-28,3 wk ahead cum case
PL76,Lubuskie,quantile,0.65,149466,2022-03-19,2022-02-28,3 wk ahead cum case
PL76,Lubuskie,quantile,0.7,149885,2022-03-19,2022-02-28,3 wk ahead cum case
PL76,Lubuskie,quantile,0.75,150405,2022-03-19,2022-02-28,3 wk ahead cum case
PL76,Lubuskie,quantile,0.8,150932,2022-03-19,2022-02-28,3 wk ahead cum case
PL76,Lubuskie,quantile,0.85,151557,2022-03-19,2022-02-28,3 wk ahead cum case
PL76,Lubuskie,quantile,0.9,152420,2022-03-19,2022-02-28,3 wk ahead cum case
PL76,Lubuskie,quantile,0.95,153587,2022-03-19,2022-02-28,3 wk ahead cum case
PL76,Lubuskie,quantile,0.975,154317,2022-03-19,2022-02-28,3 wk ahead cum case
PL76,Lubuskie,quantile,0.99,154826,2022-03-19,2022-02-28,3 wk ahead cum case
PL76,Lubuskie,point,,2064,2022-03-19,2022-02-28,3 wk ahead inc case
PL76,Lubuskie,quantile,0.01,859,2022-03-19,2022-02-28,3 wk ahead inc case
PL76,Lubuskie,quantile,0.025,910,2022-03-19,2022-02-28,3 wk ahead inc case
PL76,Lubuskie,quantile,0.05,974,2022-03-19,2022-02-28,3 wk ahead inc case
PL76,Lubuskie,quantile,0.1,1092,2022-03-19,2022-02-28,3 wk ahead inc case
PL76,Lubuskie,quantile,0.15,1200,2022-03-19,2022-02-28,3 wk ahead inc case
PL76,Lubuskie,quantile,0.2,1324,2022-03-19,2022-02-28,3 wk ahead inc case
PL76,Lubuskie,quantile,0.25,1451,2022-03-19,2022-02-28,3 wk ahead inc case
PL76,Lubuskie,quantile,0.3,1567,2022-03-19,2022-02-28,3 wk ahead inc case
PL76,Lubuskie,quantile,0.35,1677,2022-03-19,2022-02-28,3 wk ahead inc case
PL76,Lubuskie,quantile,0.4,1784,2022-03-19,2022-02-28,3 wk ahead inc case
PL76,Lubuskie,quantile,0.45,1910,2022-03-19,2022-02-28,3 wk ahead inc case
PL76,Lubuskie,quantile,0.5,2064,2022-03-19,2022-02-28,3 wk ahead inc case
PL76,Lubuskie,quantile,0.55,2194,2022-03-19,2022-02-28,3 wk ahead inc case
PL76,Lubuskie,quantile,0.6,2440,2022-03-19,2022-02-28,3 wk ahead inc case
PL76,Lubuskie,quantile,0.65,2649,2022-03-19,2022-02-28,3 wk ahead inc case
PL76,Lubuskie,quantile,0.7,2848,2022-03-19,2022-02-28,3 wk ahead inc case
PL76,Lubuskie,quantile,0.75,3101,2022-03-19,2022-02-28,3 wk ahead inc case
PL76,Lubuskie,quantile,0.8,3371,2022-03-19,2022-02-28,3 wk ahead inc case
PL76,Lubuskie,quantile,0.85,3684,2022-03-19,2022-02-28,3 wk ahead inc case
PL76,Lubuskie,quantile,0.9,4155,2022-03-19,2022-02-28,3 wk ahead inc case
PL76,Lubuskie,quantile,0.95,4830,2022-03-19,2022-02-28,3 wk ahead inc case
PL76,Lubuskie,quantile,0.975,5268,2022-03-19,2022-02-28,3 wk ahead inc case
PL76,Lubuskie,quantile,0.99,5529,2022-03-19,2022-02-28,3 wk ahead inc case
PL76,Lubuskie,point,,149757,2022-03-26,2022-02-28,4 wk ahead cum case
PL76,Lubuskie,quantile,0.01,145742,2022-03-26,2022-02-28,4 wk ahead cum case
PL76,Lubuskie,quantile,0.025,145906,2022-03-26,2022-02-28,4 wk ahead cum case
PL76,Lubuskie,quantile,0.05,146134,2022-03-26,2022-02-28,4 wk ahead cum case
PL76,Lubuskie,quantile,0.1,146542,2022-03-26,2022-02-28,4 wk ahead cum case
PL76,Lubuskie,quantile,0.15,146950,2022-03-26,2022-02-28,4 wk ahead cum case
PL76,Lubuskie,quantile,0.2,147343,2022-03-26,2022-02-28,4 wk ahead cum case
PL76,Lubuskie,quantile,0.25,147729,2022-03-26,2022-02-28,4 wk ahead cum case
PL76,Lubuskie,quantile,0.3,148122,2022-03-26,2022-02-28,4 wk ahead cum case
PL76,Lubuskie,quantile,0.35,148521,2022-03-26,2022-02-28,4 wk ahead cum case
PL76,Lubuskie,quantile,0.4,148904,2022-03-26,2022-02-28,4 wk ahead cum case
PL76,Lubuskie,quantile,0.45,149321,2022-03-26,2022-02-28,4 wk ahead cum case
PL76,Lubuskie,quantile,0.5,149757,2022-03-26,2022-02-28,4 wk ahead cum case
PL76,Lubuskie,quantile,0.55,150242,2022-03-26,2022-02-28,4 wk ahead cum case
PL76,Lubuskie,quantile,0.6,150970,2022-03-26,2022-02-28,4 wk ahead cum case
PL76,Lubuskie,quantile,0.65,151586,2022-03-26,2022-02-28,4 wk ahead cum case
PL76,Lubuskie,quantile,0.7,152229,2022-03-26,2022-02-28,4 wk ahead cum case
PL76,Lubuskie,quantile,0.75,152995,2022-03-26,2022-02-28,4 wk ahead cum case
PL76,Lubuskie,quantile,0.8,153876,2022-03-26,2022-02-28,4 wk ahead cum case
PL76,Lubuskie,quantile,0.85,154911,2022-03-26,2022-02-28,4 wk ahead cum case
PL76,Lubuskie,quantile,0.9,156515,2022-03-26,2022-02-28,4 wk ahead cum case
PL76,Lubuskie,quantile,0.95,158413,2022-03-26,2022-02-28,4 wk ahead cum case
PL76,Lubuskie,quantile,0.975,159776,2022-03-26,2022-02-28,4 wk ahead cum case
PL76,Lubuskie,quantile,0.99,160632,2022-03-26,2022-02-28,4 wk ahead cum case
PL76,Lubuskie,point,,1476,2022-03-26,2022-02-28,4 wk ahead inc case
PL76,Lubuskie,quantile,0.01,436,2022-03-26,2022-02-28,4 wk ahead inc case
PL76,Lubuskie,quantile,0.025,461,2022-03-26,2022-02-28,4 wk ahead inc case
PL76,Lubuskie,quantile,0.05,514,2022-03-26,2022-02-28,4 wk ahead inc case
PL76,Lubuskie,quantile,0.1,606,2022-03-26,2022-02-28,4 wk ahead inc case
PL76,Lubuskie,quantile,0.15,700,2022-03-26,2022-02-28,4 wk ahead inc case
PL76,Lubuskie,quantile,0.2,790,2022-03-26,2022-02-28,4 wk ahead inc case
PL76,Lubuskie,quantile,0.25,889,2022-03-26,2022-02-28,4 wk ahead inc case
PL76,Lubuskie,quantile,0.3,1001,2022-03-26,2022-02-28,4 wk ahead inc case
PL76,Lubuskie,quantile,0.35,1113,2022-03-26,2022-02-28,4 wk ahead inc case
PL76,Lubuskie,quantile,0.4,1222,2022-03-26,2022-02-28,4 wk ahead inc case
PL76,Lubuskie,quantile,0.45,1358,2022-03-26,2022-02-28,4 wk ahead inc case
PL76,Lubuskie,quantile,0.5,1476,2022-03-26,2022-02-28,4 wk ahead inc case
PL76,Lubuskie,quantile,0.55,1658,2022-03-26,2022-02-28,4 wk ahead inc case
PL76,Lubuskie,quantile,0.6,1919,2022-03-26,2022-02-28,4 wk ahead inc case
PL76,Lubuskie,quantile,0.65,2120,2022-03-26,2022-02-28,4 wk ahead inc case
PL76,Lubuskie,quantile,0.7,2344,2022-03-26,2022-02-28,4 wk ahead inc case
PL76,Lubuskie,quantile,0.75,2590,2022-03-26,2022-02-28,4 wk ahead inc case
PL76,Lubuskie,quantile,0.8,2944,2022-03-26,2022-02-28,4 wk ahead inc case
PL76,Lubuskie,quantile,0.85,3354,2022-03-26,2022-02-28,4 wk ahead inc case
PL76,Lubuskie,quantile,0.9,4095,2022-03-26,2022-02-28,4 wk ahead inc case
PL76,Lubuskie,quantile,0.95,4826,2022-03-26,2022-02-28,4 wk ahead inc case
PL76,Lubuskie,quantile,0.975,5459,2022-03-26,2022-02-28,4 wk ahead inc case
PL76,Lubuskie,quantile,0.99,5806,2022-03-26,2022-02-28,4 wk ahead inc case
PL77,Małopolskie,point,,445398,2022-03-05,2022-02-28,1 wk ahead cum case
PL77,Małopolskie,quantile,0.01,444819,2022-03-05,2022-02-28,1 wk ahead cum case
PL77,Małopolskie,quantile,0.025,444848,2022-03-05,2022-02-28,1 wk ahead cum case
PL77,Małopolskie,quantile,0.05,444891,2022-03-05,2022-02-28,1 wk ahead cum case
PL77,Małopolskie,quantile,0.1,444958,2022-03-05,2022-02-28,1 wk ahead cum case
PL77,Małopolskie,quantile,0.15,445015,2022-03-05,2022-02-28,1 wk ahead cum case
PL77,Małopolskie,quantile,0.2,445083,2022-03-05,2022-02-28,1 wk ahead cum case
PL77,Małopolskie,quantile,0.25,445148,2022-03-05,2022-02-28,1 wk ahead cum case
PL77,Małopolskie,quantile,0.3,445200,2022-03-05,2022-02-28,1 wk ahead cum case
PL77,Małopolskie,quantile,0.35,445256,2022-03-05,2022-02-28,1 wk ahead cum case
PL77,Małopolskie,quantile,0.4,445306,2022-03-05,2022-02-28,1 wk ahead cum case
PL77,Małopolskie,quantile,0.45,445347,2022-03-05,2022-02-28,1 wk ahead cum case
PL77,Małopolskie,quantile,0.5,445398,2022-03-05,2022-02-28,1 wk ahead cum case
PL77,Małopolskie,quantile,0.55,445452,2022-03-05,2022-02-28,1 wk ahead cum case
PL77,Małopolskie,quantile,0.6,445509,2022-03-05,2022-02-28,1 wk ahead cum case
PL77,Małopolskie,quantile,0.65,445572,2022-03-05,2022-02-28,1 wk ahead cum case
PL77,Małopolskie,quantile,0.7,445640,2022-03-05,2022-02-28,1 wk ahead cum case
PL77,Małopolskie,quantile,0.75,445698,2022-03-05,2022-02-28,1 wk ahead cum case
PL77,Małopolskie,quantile,0.8,445767,2022-03-05,2022-02-28,1 wk ahead cum case
PL77,Małopolskie,quantile,0.85,445854,2022-03-05,2022-02-28,1 wk ahead cum case
PL77,Małopolskie,quantile,0.9,445947,2022-03-05,2022-02-28,1 wk ahead cum case
PL77,Małopolskie,quantile,0.95,446067,2022-03-05,2022-02-28,1 wk ahead cum case
PL77,Małopolskie,quantile,0.975,446150,2022-03-05,2022-02-28,1 wk ahead cum case
PL77,Małopolskie,quantile,0.99,446187,2022-03-05,2022-02-28,1 wk ahead cum case
PL77,Małopolskie,point,,3694,2022-03-05,2022-02-28,1 wk ahead inc case
PL77,Małopolskie,quantile,0.01,3115,2022-03-05,2022-02-28,1 wk ahead inc case
PL77,Małopolskie,quantile,0.025,3144,2022-03-05,2022-02-28,1 wk ahead inc case
PL77,Małopolskie,quantile,0.05,3187,2022-03-05,2022-02-28,1 wk ahead inc case
PL77,Małopolskie,quantile,0.1,3254,2022-03-05,2022-02-28,1 wk ahead inc case
PL77,Małopolskie,quantile,0.15,3311,2022-03-05,2022-02-28,1 wk ahead inc case
PL77,Małopolskie,quantile,0.2,3379,2022-03-05,2022-02-28,1 wk ahead inc case
PL77,Małopolskie,quantile,0.25,3444,2022-03-05,2022-02-28,1 wk ahead inc case
PL77,Małopolskie,quantile,0.3,3496,2022-03-05,2022-02-28,1 wk ahead inc case
PL77,Małopolskie,quantile,0.35,3552,2022-03-05,2022-02-28,1 wk ahead inc case
PL77,Małopolskie,quantile,0.4,3602,2022-03-05,2022-02-28,1 wk ahead inc case
PL77,Małopolskie,quantile,0.45,3643,2022-03-05,2022-02-28,1 wk ahead inc case
PL77,Małopolskie,quantile,0.5,3694,2022-03-05,2022-02-28,1 wk ahead inc case
PL77,Małopolskie,quantile,0.55,3748,2022-03-05,2022-02-28,1 wk ahead inc case
PL77,Małopolskie,quantile,0.6,3805,2022-03-05,2022-02-28,1 wk ahead inc case
PL77,Małopolskie,quantile,0.65,3868,2022-03-05,2022-02-28,1 wk ahead inc case
PL77,Małopolskie,quantile,0.7,3936,2022-03-05,2022-02-28,1 wk ahead inc case
PL77,Małopolskie,quantile,0.75,3994,2022-03-05,2022-02-28,1 wk ahead inc case
PL77,Małopolskie,quantile,0.8,4063,2022-03-05,2022-02-28,1 wk ahead inc case
PL77,Małopolskie,quantile,0.85,4150,2022-03-05,2022-02-28,1 wk ahead inc case
PL77,Małopolskie,quantile,0.9,4243,2022-03-05,2022-02-28,1 wk ahead inc case
PL77,Małopolskie,quantile,0.95,4363,2022-03-05,2022-02-28,1 wk ahead inc case
PL77,Małopolskie,quantile,0.975,4446,2022-03-05,2022-02-28,1 wk ahead inc case
PL77,Małopolskie,quantile,0.99,4483,2022-03-05,2022-02-28,1 wk ahead inc case
PL77,Małopolskie,point,,447645,2022-03-12,2022-02-28,2 wk ahead cum case
PL77,Małopolskie,quantile,0.01,446198,2022-03-12,2022-02-28,2 wk ahead cum case
PL77,Małopolskie,quantile,0.025,446273,2022-03-12,2022-02-28,2 wk ahead cum case
PL77,Małopolskie,quantile,0.05,446371,2022-03-12,2022-02-28,2 wk ahead cum case
PL77,Małopolskie,quantile,0.1,446527,2022-03-12,2022-02-28,2 wk ahead cum case
PL77,Małopolskie,quantile,0.15,446677,2022-03-12,2022-02-28,2 wk ahead cum case
PL77,Małopolskie,quantile,0.2,446841,2022-03-12,2022-02-28,2 wk ahead cum case
PL77,Małopolskie,quantile,0.25,446988,2022-03-12,2022-02-28,2 wk ahead cum case
PL77,Małopolskie,quantile,0.3,447133,2022-03-12,2022-02-28,2 wk ahead cum case
PL77,Małopolskie,quantile,0.35,447283,2022-03-12,2022-02-28,2 wk ahead cum case
PL77,Małopolskie,quantile,0.4,447411,2022-03-12,2022-02-28,2 wk ahead cum case
PL77,Małopolskie,quantile,0.45,447516,2022-03-12,2022-02-28,2 wk ahead cum case
PL77,Małopolskie,quantile,0.5,447645,2022-03-12,2022-02-28,2 wk ahead cum case
PL77,Małopolskie,quantile,0.55,447792,2022-03-12,2022-02-28,2 wk ahead cum case
PL77,Małopolskie,quantile,0.6,447963,2022-03-12,2022-02-28,2 wk ahead cum case
PL77,Małopolskie,quantile,0.65,448134,2022-03-12,2022-02-28,2 wk ahead cum case
PL77,Małopolskie,quantile,0.7,448328,2022-03-12,2022-02-28,2 wk ahead cum case
PL77,Małopolskie,quantile,0.75,448548,2022-03-12,2022-02-28,2 wk ahead cum case
PL77,Małopolskie,quantile,0.8,448780,2022-03-12,2022-02-28,2 wk ahead cum case
PL77,Małopolskie,quantile,0.85,449027,2022-03-12,2022-02-28,2 wk ahead cum case
PL77,Małopolskie,quantile,0.9,449348,2022-03-12,2022-02-28,2 wk ahead cum case
PL77,Małopolskie,quantile,0.95,449723,2022-03-12,2022-02-28,2 wk ahead cum case
PL77,Małopolskie,quantile,0.975,449961,2022-03-12,2022-02-28,2 wk ahead cum case
PL77,Małopolskie,quantile,0.99,450130,2022-03-12,2022-02-28,2 wk ahead cum case
PL77,Małopolskie,point,,2247,2022-03-12,2022-02-28,2 wk ahead inc case
PL77,Małopolskie,quantile,0.01,1379,2022-03-12,2022-02-28,2 wk ahead inc case
PL77,Małopolskie,quantile,0.025,1425,2022-03-12,2022-02-28,2 wk ahead inc case
PL77,Małopolskie,quantile,0.05,1480,2022-03-12,2022-02-28,2 wk ahead inc case
PL77,Małopolskie,quantile,0.1,1569,2022-03-12,2022-02-28,2 wk ahead inc case
PL77,Małopolskie,quantile,0.15,1662,2022-03-12,2022-02-28,2 wk ahead inc case
PL77,Małopolskie,quantile,0.2,1758,2022-03-12,2022-02-28,2 wk ahead inc case
PL77,Małopolskie,quantile,0.25,1840,2022-03-12,2022-02-28,2 wk ahead inc case
PL77,Małopolskie,quantile,0.3,1933,2022-03-12,2022-02-28,2 wk ahead inc case
PL77,Małopolskie,quantile,0.35,2027,2022-03-12,2022-02-28,2 wk ahead inc case
PL77,Małopolskie,quantile,0.4,2105,2022-03-12,2022-02-28,2 wk ahead inc case
PL77,Małopolskie,quantile,0.45,2169,2022-03-12,2022-02-28,2 wk ahead inc case
PL77,Małopolskie,quantile,0.5,2247,2022-03-12,2022-02-28,2 wk ahead inc case
PL77,Małopolskie,quantile,0.55,2340,2022-03-12,2022-02-28,2 wk ahead inc case
PL77,Małopolskie,quantile,0.6,2454,2022-03-12,2022-02-28,2 wk ahead inc case
PL77,Małopolskie,quantile,0.65,2562,2022-03-12,2022-02-28,2 wk ahead inc case
PL77,Małopolskie,quantile,0.7,2688,2022-03-12,2022-02-28,2 wk ahead inc case
PL77,Małopolskie,quantile,0.75,2850,2022-03-12,2022-02-28,2 wk ahead inc case
PL77,Małopolskie,quantile,0.8,3013,2022-03-12,2022-02-28,2 wk ahead inc case
PL77,Małopolskie,quantile,0.85,3173,2022-03-12,2022-02-28,2 wk ahead inc case
PL77,Małopolskie,quantile,0.9,3401,2022-03-12,2022-02-28,2 wk ahead inc case
PL77,Małopolskie,quantile,0.95,3656,2022-03-12,2022-02-28,2 wk ahead inc case
PL77,Małopolskie,quantile,0.975,3811,2022-03-12,2022-02-28,2 wk ahead inc case
PL77,Małopolskie,quantile,0.99,3943,2022-03-12,2022-02-28,2 wk ahead inc case
PL77,Małopolskie,point,,448998,2022-03-19,2022-02-28,3 wk ahead cum case
PL77,Małopolskie,quantile,0.01,446735,2022-03-19,2022-02-28,3 wk ahead cum case
PL77,Małopolskie,quantile,0.025,446840,2022-03-19,2022-02-28,3 wk ahead cum case
PL77,Małopolskie,quantile,0.05,446980,2022-03-19,2022-02-28,3 wk ahead cum case
PL77,Małopolskie,quantile,0.1,447221,2022-03-19,2022-02-28,3 wk ahead cum case
PL77,Małopolskie,quantile,0.15,447465,2022-03-19,2022-02-28,3 wk ahead cum case
PL77,Małopolskie,quantile,0.2,447702,2022-03-19,2022-02-28,3 wk ahead cum case
PL77,Małopolskie,quantile,0.25,447915,2022-03-19,2022-02-28,3 wk ahead cum case
PL77,Małopolskie,quantile,0.3,448140,2022-03-19,2022-02-28,3 wk ahead cum case
PL77,Małopolskie,quantile,0.35,448356,2022-03-19,2022-02-28,3 wk ahead cum case
PL77,Małopolskie,quantile,0.4,448597,2022-03-19,2022-02-28,3 wk ahead cum case
PL77,Małopolskie,quantile,0.45,448791,2022-03-19,2022-02-28,3 wk ahead cum case
PL77,Małopolskie,quantile,0.5,448998,2022-03-19,2022-02-28,3 wk ahead cum case
PL77,Małopolskie,quantile,0.55,449256,2022-03-19,2022-02-28,3 wk ahead cum case
PL77,Małopolskie,quantile,0.6,449529,2022-03-19,2022-02-28,3 wk ahead cum case
PL77,Małopolskie,quantile,0.65,449824,2022-03-19,2022-02-28,3 wk ahead cum case
PL77,Małopolskie,quantile,0.7,450202,2022-03-19,2022-02-28,3 wk ahead cum case
PL77,Małopolskie,quantile,0.75,450580,2022-03-19,2022-02-28,3 wk ahead cum case
PL77,Małopolskie,quantile,0.8,451003,2022-03-19,2022-02-28,3 wk ahead cum case
PL77,Małopolskie,quantile,0.85,451468,2022-03-19,2022-02-28,3 wk ahead cum case
PL77,Małopolskie,quantile,0.9,452185,2022-03-19,2022-02-28,3 wk ahead cum case
PL77,Małopolskie,quantile,0.95,452966,2022-03-19,2022-02-28,3 wk ahead cum case
PL77,Małopolskie,quantile,0.975,453479,2022-03-19,2022-02-28,3 wk ahead cum case
PL77,Małopolskie,quantile,0.99,453886,2022-03-19,2022-02-28,3 wk ahead cum case
PL77,Małopolskie,point,,1353,2022-03-19,2022-02-28,3 wk ahead inc case
PL77,Małopolskie,quantile,0.01,537,2022-03-19,2022-02-28,3 wk ahead inc case
PL77,Małopolskie,quantile,0.025,567,2022-03-19,2022-02-28,3 wk ahead inc case
PL77,Małopolskie,quantile,0.05,609,2022-03-19,2022-02-28,3 wk ahead inc case
PL77,Małopolskie,quantile,0.1,694,2022-03-19,2022-02-28,3 wk ahead inc case
PL77,Małopolskie,quantile,0.15,788,2022-03-19,2022-02-28,3 wk ahead inc case
PL77,Małopolskie,quantile,0.2,861,2022-03-19,2022-02-28,3 wk ahead inc case
PL77,Małopolskie,quantile,0.25,927,2022-03-19,2022-02-28,3 wk ahead inc case
PL77,Małopolskie,quantile,0.3,1007,2022-03-19,2022-02-28,3 wk ahead inc case
PL77,Małopolskie,quantile,0.35,1073,2022-03-19,2022-02-28,3 wk ahead inc case
PL77,Małopolskie,quantile,0.4,1186,2022-03-19,2022-02-28,3 wk ahead inc case
PL77,Małopolskie,quantile,0.45,1275,2022-03-19,2022-02-28,3 wk ahead inc case
PL77,Małopolskie,quantile,0.5,1353,2022-03-19,2022-02-28,3 wk ahead inc case
PL77,Małopolskie,quantile,0.55,1464,2022-03-19,2022-02-28,3 wk ahead inc case
PL77,Małopolskie,quantile,0.6,1566,2022-03-19,2022-02-28,3 wk ahead inc case
PL77,Małopolskie,quantile,0.65,1690,2022-03-19,2022-02-28,3 wk ahead inc case
PL77,Małopolskie,quantile,0.7,1874,2022-03-19,2022-02-28,3 wk ahead inc case
PL77,Małopolskie,quantile,0.75,2032,2022-03-19,2022-02-28,3 wk ahead inc case
PL77,Małopolskie,quantile,0.8,2223,2022-03-19,2022-02-28,3 wk ahead inc case
PL77,Małopolskie,quantile,0.85,2441,2022-03-19,2022-02-28,3 wk ahead inc case
PL77,Małopolskie,quantile,0.9,2837,2022-03-19,2022-02-28,3 wk ahead inc case
PL77,Małopolskie,quantile,0.95,3243,2022-03-19,2022-02-28,3 wk ahead inc case
PL77,Małopolskie,quantile,0.975,3518,2022-03-19,2022-02-28,3 wk ahead inc case
PL77,Małopolskie,quantile,0.99,3756,2022-03-19,2022-02-28,3 wk ahead inc case
PL77,Małopolskie,point,,449812,2022-03-26,2022-02-28,4 wk ahead cum case
PL77,Małopolskie,quantile,0.01,446938,2022-03-26,2022-02-28,4 wk ahead cum case
PL77,Małopolskie,quantile,0.025,447059,2022-03-26,2022-02-28,4 wk ahead cum case
PL77,Małopolskie,quantile,0.05,447229,2022-03-26,2022-02-28,4 wk ahead cum case
PL77,Małopolskie,quantile,0.1,447530,2022-03-26,2022-02-28,4 wk ahead cum case
PL77,Małopolskie,quantile,0.15,447827,2022-03-26,2022-02-28,4 wk ahead cum case
PL77,Małopolskie,quantile,0.2,448118,2022-03-26,2022-02-28,4 wk ahead cum case
PL77,Małopolskie,quantile,0.25,448376,2022-03-26,2022-02-28,4 wk ahead cum case
PL77,Małopolskie,quantile,0.3,448652,2022-03-26,2022-02-28,4 wk ahead cum case
PL77,Małopolskie,quantile,0.35,448933,2022-03-26,2022-02-28,4 wk ahead cum case
PL77,Małopolskie,quantile,0.4,449241,2022-03-26,2022-02-28,4 wk ahead cum case
PL77,Małopolskie,quantile,0.45,449529,2022-03-26,2022-02-28,4 wk ahead cum case
PL77,Małopolskie,quantile,0.5,449812,2022-03-26,2022-02-28,4 wk ahead cum case
PL77,Małopolskie,quantile,0.55,450158,2022-03-26,2022-02-28,4 wk ahead cum case
PL77,Małopolskie,quantile,0.6,450524,2022-03-26,2022-02-28,4 wk ahead cum case
PL77,Małopolskie,quantile,0.65,450952,2022-03-26,2022-02-28,4 wk ahead cum case
PL77,Małopolskie,quantile,0.7,451470,2022-03-26,2022-02-28,4 wk ahead cum case
PL77,Małopolskie,quantile,0.75,452038,2022-03-26,2022-02-28,4 wk ahead cum case
PL77,Małopolskie,quantile,0.8,452644,2022-03-26,2022-02-28,4 wk ahead cum case
PL77,Małopolskie,quantile,0.85,453340,2022-03-26,2022-02-28,4 wk ahead cum case
PL77,Małopolskie,quantile,0.9,454481,2022-03-26,2022-02-28,4 wk ahead cum case
PL77,Małopolskie,quantile,0.95,455813,2022-03-26,2022-02-28,4 wk ahead cum case
PL77,Małopolskie,quantile,0.975,456661,2022-03-26,2022-02-28,4 wk ahead cum case
PL77,Małopolskie,quantile,0.99,457226,2022-03-26,2022-02-28,4 wk ahead cum case
PL77,Małopolskie,point,,814,2022-03-26,2022-02-28,4 wk ahead inc case
PL77,Małopolskie,quantile,0.01,203,2022-03-26,2022-02-28,4 wk ahead inc case
PL77,Małopolskie,quantile,0.025,219,2022-03-26,2022-02-28,4 wk ahead inc case
PL77,Małopolskie,quantile,0.05,249,2022-03-26,2022-02-28,4 wk ahead inc case
PL77,Małopolskie,quantile,0.1,309,2022-03-26,2022-02-28,4 wk ahead inc case
PL77,Małopolskie,quantile,0.15,362,2022-03-26,2022-02-28,4 wk ahead inc case
PL77,Małopolskie,quantile,0.2,416,2022-03-26,2022-02-28,4 wk ahead inc case
PL77,Małopolskie,quantile,0.25,461,2022-03-26,2022-02-28,4 wk ahead inc case
PL77,Małopolskie,quantile,0.3,512,2022-03-26,2022-02-28,4 wk ahead inc case
PL77,Małopolskie,quantile,0.35,577,2022-03-26,2022-02-28,4 wk ahead inc case
PL77,Małopolskie,quantile,0.4,644,2022-03-26,2022-02-28,4 wk ahead inc case
PL77,Małopolskie,quantile,0.45,738,2022-03-26,2022-02-28,4 wk ahead inc case
PL77,Małopolskie,quantile,0.5,814,2022-03-26,2022-02-28,4 wk ahead inc case
PL77,Małopolskie,quantile,0.55,902,2022-03-26,2022-02-28,4 wk ahead inc case
PL77,Małopolskie,quantile,0.6,995,2022-03-26,2022-02-28,4 wk ahead inc case
PL77,Małopolskie,quantile,0.65,1128,2022-03-26,2022-02-28,4 wk ahead inc case
PL77,Małopolskie,quantile,0.7,1268,2022-03-26,2022-02-28,4 wk ahead inc case
PL77,Małopolskie,quantile,0.75,1458,2022-03-26,2022-02-28,4 wk ahead inc case
PL77,Małopolskie,quantile,0.8,1641,2022-03-26,2022-02-28,4 wk ahead inc case
PL77,Małopolskie,quantile,0.85,1872,2022-03-26,2022-02-28,4 wk ahead inc case
PL77,Małopolskie,quantile,0.9,2296,2022-03-26,2022-02-28,4 wk ahead inc case
PL77,Małopolskie,quantile,0.95,2847,2022-03-26,2022-02-28,4 wk ahead inc case
PL77,Małopolskie,quantile,0.975,3182,2022-03-26,2022-02-28,4 wk ahead inc case
PL77,Małopolskie,quantile,0.99,3340,2022-03-26,2022-02-28,4 wk ahead inc case
PL78,Mazowieckie,point,,857576,2022-03-05,2022-02-28,1 wk ahead cum case
PL78,Mazowieckie,quantile,0.01,855540,2022-03-05,2022-02-28,1 wk ahead cum case
PL78,Mazowieckie,quantile,0.025,855642,2022-03-05,2022-02-28,1 wk ahead cum case
PL78,Mazowieckie,quantile,0.05,855747,2022-03-05,2022-02-28,1 wk ahead cum case
PL78,Mazowieckie,quantile,0.1,856044,2022-03-05,2022-02-28,1 wk ahead cum case
PL78,Mazowieckie,quantile,0.15,856333,2022-03-05,2022-02-28,1 wk ahead cum case
PL78,Mazowieckie,quantile,0.2,856506,2022-03-05,2022-02-28,1 wk ahead cum case
PL78,Mazowieckie,quantile,0.25,856683,2022-03-05,2022-02-28,1 wk ahead cum case
PL78,Mazowieckie,quantile,0.3,856856,2022-03-05,2022-02-28,1 wk ahead cum case
PL78,Mazowieckie,quantile,0.35,857019,2022-03-05,2022-02-28,1 wk ahead cum case
PL78,Mazowieckie,quantile,0.4,857200,2022-03-05,2022-02-28,1 wk ahead cum case
PL78,Mazowieckie,quantile,0.45,857389,2022-03-05,2022-02-28,1 wk ahead cum case
PL78,Mazowieckie,quantile,0.5,857576,2022-03-05,2022-02-28,1 wk ahead cum case
PL78,Mazowieckie,quantile,0.55,857747,2022-03-05,2022-02-28,1 wk ahead cum case
PL78,Mazowieckie,quantile,0.6,857956,2022-03-05,2022-02-28,1 wk ahead cum case
PL78,Mazowieckie,quantile,0.65,858145,2022-03-05,2022-02-28,1 wk ahead cum case
PL78,Mazowieckie,quantile,0.7,858314,2022-03-05,2022-02-28,1 wk ahead cum case
PL78,Mazowieckie,quantile,0.75,858530,2022-03-05,2022-02-28,1 wk ahead cum case
PL78,Mazowieckie,quantile,0.8,858740,2022-03-05,2022-02-28,1 wk ahead cum case
PL78,Mazowieckie,quantile,0.85,859017,2022-03-05,2022-02-28,1 wk ahead cum case
PL78,Mazowieckie,quantile,0.9,859348,2022-03-05,2022-02-28,1 wk ahead cum case
PL78,Mazowieckie,quantile,0.95,859645,2022-03-05,2022-02-28,1 wk ahead cum case
PL78,Mazowieckie,quantile,0.975,859849,2022-03-05,2022-02-28,1 wk ahead cum case
PL78,Mazowieckie,quantile,0.99,859952,2022-03-05,2022-02-28,1 wk ahead cum case
PL78,Mazowieckie,point,,12625,2022-03-05,2022-02-28,1 wk ahead inc case
PL78,Mazowieckie,quantile,0.01,10589,2022-03-05,2022-02-28,1 wk ahead inc case
PL78,Mazowieckie,quantile,0.025,10691,2022-03-05,2022-02-28,1 wk ahead inc case
PL78,Mazowieckie,quantile,0.05,10796,2022-03-05,2022-02-28,1 wk ahead inc case
PL78,Mazowieckie,quantile,0.1,11093,2022-03-05,2022-02-28,1 wk ahead inc case
PL78,Mazowieckie,quantile,0.15,11382,2022-03-05,2022-02-28,1 wk ahead inc case
PL78,Mazowieckie,quantile,0.2,11555,2022-03-05,2022-02-28,1 wk ahead inc case
PL78,Mazowieckie,quantile,0.25,11732,2022-03-05,2022-02-28,1 wk ahead inc case
PL78,Mazowieckie,quantile,0.3,11905,2022-03-05,2022-02-28,1 wk ahead inc case
PL78,Mazowieckie,quantile,0.35,12068,2022-03-05,2022-02-28,1 wk ahead inc case
PL78,Mazowieckie,quantile,0.4,12249,2022-03-05,2022-02-28,1 wk ahead inc case
PL78,Mazowieckie,quantile,0.45,12438,2022-03-05,2022-02-28,1 wk ahead inc case
PL78,Mazowieckie,quantile,0.5,12625,2022-03-05,2022-02-28,1 wk ahead inc case
PL78,Mazowieckie,quantile,0.55,12796,2022-03-05,2022-02-28,1 wk ahead inc case
PL78,Mazowieckie,quantile,0.6,13005,2022-03-05,2022-02-28,1 wk ahead inc case
PL78,Mazowieckie,quantile,0.65,13194,2022-03-05,2022-02-28,1 wk ahead inc case
PL78,Mazowieckie,quantile,0.7,13363,2022-03-05,2022-02-28,1 wk ahead inc case
PL78,Mazowieckie,quantile,0.75,13579,2022-03-05,2022-02-28,1 wk ahead inc case
PL78,Mazowieckie,quantile,0.8,13789,2022-03-05,2022-02-28,1 wk ahead inc case
PL78,Mazowieckie,quantile,0.85,14066,2022-03-05,2022-02-28,1 wk ahead inc case
PL78,Mazowieckie,quantile,0.9,14397,2022-03-05,2022-02-28,1 wk ahead inc case
PL78,Mazowieckie,quantile,0.95,14694,2022-03-05,2022-02-28,1 wk ahead inc case
PL78,Mazowieckie,quantile,0.975,14898,2022-03-05,2022-02-28,1 wk ahead inc case
PL78,Mazowieckie,quantile,0.99,15001,2022-03-05,2022-02-28,1 wk ahead inc case
PL78,Mazowieckie,point,,865606,2022-03-12,2022-02-28,2 wk ahead cum case
PL78,Mazowieckie,quantile,0.01,860356,2022-03-12,2022-02-28,2 wk ahead cum case
PL78,Mazowieckie,quantile,0.025,860596,2022-03-12,2022-02-28,2 wk ahead cum case
PL78,Mazowieckie,quantile,0.05,860880,2022-03-12,2022-02-28,2 wk ahead cum case
PL78,Mazowieckie,quantile,0.1,861468,2022-03-12,2022-02-28,2 wk ahead cum case
PL78,Mazowieckie,quantile,0.15,862031,2022-03-12,2022-02-28,2 wk ahead cum case
PL78,Mazowieckie,quantile,0.2,862554,2022-03-12,2022-02-28,2 wk ahead cum case
PL78,Mazowieckie,quantile,0.25,863005,2022-03-12,2022-02-28,2 wk ahead cum case
PL78,Mazowieckie,quantile,0.3,863609,2022-03-12,2022-02-28,2 wk ahead cum case
PL78,Mazowieckie,quantile,0.35,864035,2022-03-12,2022-02-28,2 wk ahead cum case
PL78,Mazowieckie,quantile,0.4,864550,2022-03-12,2022-02-28,2 wk ahead cum case
PL78,Mazowieckie,quantile,0.45,865082,2022-03-12,2022-02-28,2 wk ahead cum case
PL78,Mazowieckie,quantile,0.5,865606,2022-03-12,2022-02-28,2 wk ahead cum case
PL78,Mazowieckie,quantile,0.55,866097,2022-03-12,2022-02-28,2 wk ahead cum case
PL78,Mazowieckie,quantile,0.6,866789,2022-03-12,2022-02-28,2 wk ahead cum case
PL78,Mazowieckie,quantile,0.65,867415,2022-03-12,2022-02-28,2 wk ahead cum case
PL78,Mazowieckie,quantile,0.7,867993,2022-03-12,2022-02-28,2 wk ahead cum case
PL78,Mazowieckie,quantile,0.75,868692,2022-03-12,2022-02-28,2 wk ahead cum case
PL78,Mazowieckie,quantile,0.8,869526,2022-03-12,2022-02-28,2 wk ahead cum case
PL78,Mazowieckie,quantile,0.85,870425,2022-03-12,2022-02-28,2 wk ahead cum case
PL78,Mazowieckie,quantile,0.9,871507,2022-03-12,2022-02-28,2 wk ahead cum case
PL78,Mazowieckie,quantile,0.95,872647,2022-03-12,2022-02-28,2 wk ahead cum case
PL78,Mazowieckie,quantile,0.975,873600,2022-03-12,2022-02-28,2 wk ahead cum case
PL78,Mazowieckie,quantile,0.99,874140,2022-03-12,2022-02-28,2 wk ahead cum case
PL78,Mazowieckie,point,,8030,2022-03-12,2022-02-28,2 wk ahead inc case
PL78,Mazowieckie,quantile,0.01,4816,2022-03-12,2022-02-28,2 wk ahead inc case
PL78,Mazowieckie,quantile,0.025,4954,2022-03-12,2022-02-28,2 wk ahead inc case
PL78,Mazowieckie,quantile,0.05,5133,2022-03-12,2022-02-28,2 wk ahead inc case
PL78,Mazowieckie,quantile,0.1,5424,2022-03-12,2022-02-28,2 wk ahead inc case
PL78,Mazowieckie,quantile,0.15,5698,2022-03-12,2022-02-28,2 wk ahead inc case
PL78,Mazowieckie,quantile,0.2,6048,2022-03-12,2022-02-28,2 wk ahead inc case
PL78,Mazowieckie,quantile,0.25,6322,2022-03-12,2022-02-28,2 wk ahead inc case
PL78,Mazowieckie,quantile,0.3,6753,2022-03-12,2022-02-28,2 wk ahead inc case
PL78,Mazowieckie,quantile,0.35,7016,2022-03-12,2022-02-28,2 wk ahead inc case
PL78,Mazowieckie,quantile,0.4,7350,2022-03-12,2022-02-28,2 wk ahead inc case
PL78,Mazowieckie,quantile,0.45,7693,2022-03-12,2022-02-28,2 wk ahead inc case
PL78,Mazowieckie,quantile,0.5,8030,2022-03-12,2022-02-28,2 wk ahead inc case
PL78,Mazowieckie,quantile,0.55,8350,2022-03-12,2022-02-28,2 wk ahead inc case
PL78,Mazowieckie,quantile,0.6,8833,2022-03-12,2022-02-28,2 wk ahead inc case
PL78,Mazowieckie,quantile,0.65,9270,2022-03-12,2022-02-28,2 wk ahead inc case
PL78,Mazowieckie,quantile,0.7,9679,2022-03-12,2022-02-28,2 wk ahead inc case
PL78,Mazowieckie,quantile,0.75,10162,2022-03-12,2022-02-28,2 wk ahead inc case
PL78,Mazowieckie,quantile,0.8,10786,2022-03-12,2022-02-28,2 wk ahead inc case
PL78,Mazowieckie,quantile,0.85,11408,2022-03-12,2022-02-28,2 wk ahead inc case
PL78,Mazowieckie,quantile,0.9,12159,2022-03-12,2022-02-28,2 wk ahead inc case
PL78,Mazowieckie,quantile,0.95,13002,2022-03-12,2022-02-28,2 wk ahead inc case
PL78,Mazowieckie,quantile,0.975,13751,2022-03-12,2022-02-28,2 wk ahead inc case
PL78,Mazowieckie,quantile,0.99,14188,2022-03-12,2022-02-28,2 wk ahead inc case
PL78,Mazowieckie,point,,870563,2022-03-19,2022-02-28,3 wk ahead cum case
PL78,Mazowieckie,quantile,0.01,862216,2022-03-19,2022-02-28,3 wk ahead cum case
PL78,Mazowieckie,quantile,0.025,862542,2022-03-19,2022-02-28,3 wk ahead cum case
PL78,Mazowieckie,quantile,0.05,862981,2022-03-19,2022-02-28,3 wk ahead cum case
PL78,Mazowieckie,quantile,0.1,863836,2022-03-19,2022-02-28,3 wk ahead cum case
PL78,Mazowieckie,quantile,0.15,864674,2022-03-19,2022-02-28,3 wk ahead cum case
PL78,Mazowieckie,quantile,0.2,865493,2022-03-19,2022-02-28,3 wk ahead cum case
PL78,Mazowieckie,quantile,0.25,866237,2022-03-19,2022-02-28,3 wk ahead cum case
PL78,Mazowieckie,quantile,0.3,867190,2022-03-19,2022-02-28,3 wk ahead cum case
PL78,Mazowieckie,quantile,0.35,867960,2022-03-19,2022-02-28,3 wk ahead cum case
PL78,Mazowieckie,quantile,0.4,868763,2022-03-19,2022-02-28,3 wk ahead cum case
PL78,Mazowieckie,quantile,0.45,869626,2022-03-19,2022-02-28,3 wk ahead cum case
PL78,Mazowieckie,quantile,0.5,870563,2022-03-19,2022-02-28,3 wk ahead cum case
PL78,Mazowieckie,quantile,0.55,871446,2022-03-19,2022-02-28,3 wk ahead cum case
PL78,Mazowieckie,quantile,0.6,872599,2022-03-19,2022-02-28,3 wk ahead cum case
PL78,Mazowieckie,quantile,0.65,873779,2022-03-19,2022-02-28,3 wk ahead cum case
PL78,Mazowieckie,quantile,0.7,874899,2022-03-19,2022-02-28,3 wk ahead cum case
PL78,Mazowieckie,quantile,0.75,876422,2022-03-19,2022-02-28,3 wk ahead cum case
PL78,Mazowieckie,quantile,0.8,877950,2022-03-19,2022-02-28,3 wk ahead cum case
PL78,Mazowieckie,quantile,0.85,879839,2022-03-19,2022-02-28,3 wk ahead cum case
PL78,Mazowieckie,quantile,0.9,882009,2022-03-19,2022-02-28,3 wk ahead cum case
PL78,Mazowieckie,quantile,0.95,884741,2022-03-19,2022-02-28,3 wk ahead cum case
PL78,Mazowieckie,quantile,0.975,886633,2022-03-19,2022-02-28,3 wk ahead cum case
PL78,Mazowieckie,quantile,0.99,887860,2022-03-19,2022-02-28,3 wk ahead cum case
PL78,Mazowieckie,point,,4957,2022-03-19,2022-02-28,3 wk ahead inc case
PL78,Mazowieckie,quantile,0.01,1860,2022-03-19,2022-02-28,3 wk ahead inc case
PL78,Mazowieckie,quantile,0.025,1946,2022-03-19,2022-02-28,3 wk ahead inc case
PL78,Mazowieckie,quantile,0.05,2101,2022-03-19,2022-02-28,3 wk ahead inc case
PL78,Mazowieckie,quantile,0.1,2368,2022-03-19,2022-02-28,3 wk ahead inc case
PL78,Mazowieckie,quantile,0.15,2643,2022-03-19,2022-02-28,3 wk ahead inc case
PL78,Mazowieckie,quantile,0.2,2939,2022-03-19,2022-02-28,3 wk ahead inc case
PL78,Mazowieckie,quantile,0.25,3232,2022-03-19,2022-02-28,3 wk ahead inc case
PL78,Mazowieckie,quantile,0.3,3581,2022-03-19,2022-02-28,3 wk ahead inc case
PL78,Mazowieckie,quantile,0.35,3925,2022-03-19,2022-02-28,3 wk ahead inc case
PL78,Mazowieckie,quantile,0.4,4213,2022-03-19,2022-02-28,3 wk ahead inc case
PL78,Mazowieckie,quantile,0.45,4544,2022-03-19,2022-02-28,3 wk ahead inc case
PL78,Mazowieckie,quantile,0.5,4957,2022-03-19,2022-02-28,3 wk ahead inc case
PL78,Mazowieckie,quantile,0.55,5349,2022-03-19,2022-02-28,3 wk ahead inc case
PL78,Mazowieckie,quantile,0.6,5810,2022-03-19,2022-02-28,3 wk ahead inc case
PL78,Mazowieckie,quantile,0.65,6364,2022-03-19,2022-02-28,3 wk ahead inc case
PL78,Mazowieckie,quantile,0.7,6906,2022-03-19,2022-02-28,3 wk ahead inc case
PL78,Mazowieckie,quantile,0.75,7730,2022-03-19,2022-02-28,3 wk ahead inc case
PL78,Mazowieckie,quantile,0.8,8424,2022-03-19,2022-02-28,3 wk ahead inc case
PL78,Mazowieckie,quantile,0.85,9414,2022-03-19,2022-02-28,3 wk ahead inc case
PL78,Mazowieckie,quantile,0.9,10502,2022-03-19,2022-02-28,3 wk ahead inc case
PL78,Mazowieckie,quantile,0.95,12094,2022-03-19,2022-02-28,3 wk ahead inc case
PL78,Mazowieckie,quantile,0.975,13033,2022-03-19,2022-02-28,3 wk ahead inc case
PL78,Mazowieckie,quantile,0.99,13720,2022-03-19,2022-02-28,3 wk ahead inc case
PL78,Mazowieckie,point,,873601,2022-03-26,2022-02-28,4 wk ahead cum case
PL78,Mazowieckie,quantile,0.01,862919,2022-03-26,2022-02-28,4 wk ahead cum case
PL78,Mazowieckie,quantile,0.025,863282,2022-03-26,2022-02-28,4 wk ahead cum case
PL78,Mazowieckie,quantile,0.05,863810,2022-03-26,2022-02-28,4 wk ahead cum case
PL78,Mazowieckie,quantile,0.1,864852,2022-03-26,2022-02-28,4 wk ahead cum case
PL78,Mazowieckie,quantile,0.15,865865,2022-03-26,2022-02-28,4 wk ahead cum case
PL78,Mazowieckie,quantile,0.2,866893,2022-03-26,2022-02-28,4 wk ahead cum case
PL78,Mazowieckie,quantile,0.25,867841,2022-03-26,2022-02-28,4 wk ahead cum case
PL78,Mazowieckie,quantile,0.3,869036,2022-03-26,2022-02-28,4 wk ahead cum case
PL78,Mazowieckie,quantile,0.35,870077,2022-03-26,2022-02-28,4 wk ahead cum case
PL78,Mazowieckie,quantile,0.4,871130,2022-03-26,2022-02-28,4 wk ahead cum case
PL78,Mazowieckie,quantile,0.45,872295,2022-03-26,2022-02-28,4 wk ahead cum case
PL78,Mazowieckie,quantile,0.5,873601,2022-03-26,2022-02-28,4 wk ahead cum case
PL78,Mazowieckie,quantile,0.55,874856,2022-03-26,2022-02-28,4 wk ahead cum case
PL78,Mazowieckie,quantile,0.6,876475,2022-03-26,2022-02-28,4 wk ahead cum case
PL78,Mazowieckie,quantile,0.65,878170,2022-03-26,2022-02-28,4 wk ahead cum case
PL78,Mazowieckie,quantile,0.7,879847,2022-03-26,2022-02-28,4 wk ahead cum case
PL78,Mazowieckie,quantile,0.75,882188,2022-03-26,2022-02-28,4 wk ahead cum case
PL78,Mazowieckie,quantile,0.8,884426,2022-03-26,2022-02-28,4 wk ahead cum case
PL78,Mazowieckie,quantile,0.85,887440,2022-03-26,2022-02-28,4 wk ahead cum case
PL78,Mazowieckie,quantile,0.9,891045,2022-03-26,2022-02-28,4 wk ahead cum case
PL78,Mazowieckie,quantile,0.95,895689,2022-03-26,2022-02-28,4 wk ahead cum case
PL78,Mazowieckie,quantile,0.975,899155,2022-03-26,2022-02-28,4 wk ahead cum case
PL78,Mazowieckie,quantile,0.99,901080,2022-03-26,2022-02-28,4 wk ahead cum case
PL78,Mazowieckie,point,,3038,2022-03-26,2022-02-28,4 wk ahead inc case
PL78,Mazowieckie,quantile,0.01,703,2022-03-26,2022-02-28,4 wk ahead inc case
PL78,Mazowieckie,quantile,0.025,740,2022-03-26,2022-02-28,4 wk ahead inc case
PL78,Mazowieckie,quantile,0.05,829,2022-03-26,2022-02-28,4 wk ahead inc case
PL78,Mazowieckie,quantile,0.1,1016,2022-03-26,2022-02-28,4 wk ahead inc case
PL78,Mazowieckie,quantile,0.15,1191,2022-03-26,2022-02-28,4 wk ahead inc case
PL78,Mazowieckie,quantile,0.2,1400,2022-03-26,2022-02-28,4 wk ahead inc case
PL78,Mazowieckie,quantile,0.25,1604,2022-03-26,2022-02-28,4 wk ahead inc case
PL78,Mazowieckie,quantile,0.3,1846,2022-03-26,2022-02-28,4 wk ahead inc case
PL78,Mazowieckie,quantile,0.35,2117,2022-03-26,2022-02-28,4 wk ahead inc case
PL78,Mazowieckie,quantile,0.4,2367,2022-03-26,2022-02-28,4 wk ahead inc case
PL78,Mazowieckie,quantile,0.45,2669,2022-03-26,2022-02-28,4 wk ahead inc case
PL78,Mazowieckie,quantile,0.5,3038,2022-03-26,2022-02-28,4 wk ahead inc case
PL78,Mazowieckie,quantile,0.55,3410,2022-03-26,2022-02-28,4 wk ahead inc case
PL78,Mazowieckie,quantile,0.6,3876,2022-03-26,2022-02-28,4 wk ahead inc case
PL78,Mazowieckie,quantile,0.65,4391,2022-03-26,2022-02-28,4 wk ahead inc case
PL78,Mazowieckie,quantile,0.7,4948,2022-03-26,2022-02-28,4 wk ahead inc case
PL78,Mazowieckie,quantile,0.75,5766,2022-03-26,2022-02-28,4 wk ahead inc case
PL78,Mazowieckie,quantile,0.8,6476,2022-03-26,2022-02-28,4 wk ahead inc case
PL78,Mazowieckie,quantile,0.85,7601.00000000001,2022-03-26,2022-02-28,4 wk ahead inc case
PL78,Mazowieckie,quantile,0.9,9036,2022-03-26,2022-02-28,4 wk ahead inc case
PL78,Mazowieckie,quantile,0.95,10948,2022-03-26,2022-02-28,4 wk ahead inc case
PL78,Mazowieckie,quantile,0.975,12522,2022-03-26,2022-02-28,4 wk ahead inc case
PL78,Mazowieckie,quantile,0.99,13220,2022-03-26,2022-02-28,4 wk ahead inc case
PL79,Opolskie,point,,141958,2022-03-05,2022-02-28,1 wk ahead cum case
PL79,Opolskie,quantile,0.01,141723,2022-03-05,2022-02-28,1 wk ahead cum case
PL79,Opolskie,quantile,0.025,141731,2022-03-05,2022-02-28,1 wk ahead cum case
PL79,Opolskie,quantile,0.05,141748,2022-03-05,2022-02-28,1 wk ahead cum case
PL79,Opolskie,quantile,0.1,141779,2022-03-05,2022-02-28,1 wk ahead cum case
PL79,Opolskie,quantile,0.15,141807,2022-03-05,2022-02-28,1 wk ahead cum case
PL79,Opolskie,quantile,0.2,141826,2022-03-05,2022-02-28,1 wk ahead cum case
PL79,Opolskie,quantile,0.25,141851,2022-03-05,2022-02-28,1 wk ahead cum case
PL79,Opolskie,quantile,0.3,141872,2022-03-05,2022-02-28,1 wk ahead cum case
PL79,Opolskie,quantile,0.35,141895,2022-03-05,2022-02-28,1 wk ahead cum case
PL79,Opolskie,quantile,0.4,141910,2022-03-05,2022-02-28,1 wk ahead cum case
PL79,Opolskie,quantile,0.45,141934,2022-03-05,2022-02-28,1 wk ahead cum case
PL79,Opolskie,quantile,0.5,141958,2022-03-05,2022-02-28,1 wk ahead cum case
PL79,Opolskie,quantile,0.55,141980,2022-03-05,2022-02-28,1 wk ahead cum case
PL79,Opolskie,quantile,0.6,142002,2022-03-05,2022-02-28,1 wk ahead cum case
PL79,Opolskie,quantile,0.65,142024,2022-03-05,2022-02-28,1 wk ahead cum case
PL79,Opolskie,quantile,0.7,142047,2022-03-05,2022-02-28,1 wk ahead cum case
PL79,Opolskie,quantile,0.75,142078,2022-03-05,2022-02-28,1 wk ahead cum case
PL79,Opolskie,quantile,0.8,142104,2022-03-05,2022-02-28,1 wk ahead cum case
PL79,Opolskie,quantile,0.85,142142,2022-03-05,2022-02-28,1 wk ahead cum case
PL79,Opolskie,quantile,0.9,142187,2022-03-05,2022-02-28,1 wk ahead cum case
PL79,Opolskie,quantile,0.95,142230,2022-03-05,2022-02-28,1 wk ahead cum case
PL79,Opolskie,quantile,0.975,142257,2022-03-05,2022-02-28,1 wk ahead cum case
PL79,Opolskie,quantile,0.99,142278,2022-03-05,2022-02-28,1 wk ahead cum case
PL79,Opolskie,point,,1191,2022-03-05,2022-02-28,1 wk ahead inc case
PL79,Opolskie,quantile,0.01,956,2022-03-05,2022-02-28,1 wk ahead inc case
PL79,Opolskie,quantile,0.025,964,2022-03-05,2022-02-28,1 wk ahead inc case
PL79,Opolskie,quantile,0.05,981,2022-03-05,2022-02-28,1 wk ahead inc case
PL79,Opolskie,quantile,0.1,1012,2022-03-05,2022-02-28,1 wk ahead inc case
PL79,Opolskie,quantile,0.15,1040,2022-03-05,2022-02-28,1 wk ahead inc case
PL79,Opolskie,quantile,0.2,1059,2022-03-05,2022-02-28,1 wk ahead inc case
PL79,Opolskie,quantile,0.25,1084,2022-03-05,2022-02-28,1 wk ahead inc case
PL79,Opolskie,quantile,0.3,1105,2022-03-05,2022-02-28,1 wk ahead inc case
PL79,Opolskie,quantile,0.35,1128,2022-03-05,2022-02-28,1 wk ahead inc case
PL79,Opolskie,quantile,0.4,1143,2022-03-05,2022-02-28,1 wk ahead inc case
PL79,Opolskie,quantile,0.45,1167,2022-03-05,2022-02-28,1 wk ahead inc case
PL79,Opolskie,quantile,0.5,1191,2022-03-05,2022-02-28,1 wk ahead inc case
PL79,Opolskie,quantile,0.55,1213,2022-03-05,2022-02-28,1 wk ahead inc case
PL79,Opolskie,quantile,0.6,1235,2022-03-05,2022-02-28,1 wk ahead inc case
PL79,Opolskie,quantile,0.65,1257,2022-03-05,2022-02-28,1 wk ahead inc case
PL79,Opolskie,quantile,0.7,1280,2022-03-05,2022-02-28,1 wk ahead inc case
PL79,Opolskie,quantile,0.75,1311,2022-03-05,2022-02-28,1 wk ahead inc case
PL79,Opolskie,quantile,0.8,1337,2022-03-05,2022-02-28,1 wk ahead inc case
PL79,Opolskie,quantile,0.85,1375,2022-03-05,2022-02-28,1 wk ahead inc case
PL79,Opolskie,quantile,0.9,1420,2022-03-05,2022-02-28,1 wk ahead inc case
PL79,Opolskie,quantile,0.95,1463,2022-03-05,2022-02-28,1 wk ahead inc case
PL79,Opolskie,quantile,0.975,1490,2022-03-05,2022-02-28,1 wk ahead inc case
PL79,Opolskie,quantile,0.99,1511,2022-03-05,2022-02-28,1 wk ahead inc case
PL79,Opolskie,point,,142506,2022-03-12,2022-02-28,2 wk ahead cum case
PL79,Opolskie,quantile,0.01,142028,2022-03-12,2022-02-28,2 wk ahead cum case
PL79,Opolskie,quantile,0.025,142045,2022-03-12,2022-02-28,2 wk ahead cum case
PL79,Opolskie,quantile,0.05,142073,2022-03-12,2022-02-28,2 wk ahead cum case
PL79,Opolskie,quantile,0.1,142132,2022-03-12,2022-02-28,2 wk ahead cum case
PL79,Opolskie,quantile,0.15,142183,2022-03-12,2022-02-28,2 wk ahead cum case
PL79,Opolskie,quantile,0.2,142223,2022-03-12,2022-02-28,2 wk ahead cum case
PL79,Opolskie,quantile,0.25,142269,2022-03-12,2022-02-28,2 wk ahead cum case
PL79,Opolskie,quantile,0.3,142319,2022-03-12,2022-02-28,2 wk ahead cum case
PL79,Opolskie,quantile,0.35,142364,2022-03-12,2022-02-28,2 wk ahead cum case
PL79,Opolskie,quantile,0.4,142402,2022-03-12,2022-02-28,2 wk ahead cum case
PL79,Opolskie,quantile,0.45,142452,2022-03-12,2022-02-28,2 wk ahead cum case
PL79,Opolskie,quantile,0.5,142506,2022-03-12,2022-02-28,2 wk ahead cum case
PL79,Opolskie,quantile,0.55,142553,2022-03-12,2022-02-28,2 wk ahead cum case
PL79,Opolskie,quantile,0.6,142611,2022-03-12,2022-02-28,2 wk ahead cum case
PL79,Opolskie,quantile,0.65,142666,2022-03-12,2022-02-28,2 wk ahead cum case
PL79,Opolskie,quantile,0.7,142722,2022-03-12,2022-02-28,2 wk ahead cum case
PL79,Opolskie,quantile,0.75,142792,2022-03-12,2022-02-28,2 wk ahead cum case
PL79,Opolskie,quantile,0.8,142872,2022-03-12,2022-02-28,2 wk ahead cum case
PL79,Opolskie,quantile,0.85,142970,2022-03-12,2022-02-28,2 wk ahead cum case
PL79,Opolskie,quantile,0.9,143088,2022-03-12,2022-02-28,2 wk ahead cum case
PL79,Opolskie,quantile,0.95,143234,2022-03-12,2022-02-28,2 wk ahead cum case
PL79,Opolskie,quantile,0.975,143317,2022-03-12,2022-02-28,2 wk ahead cum case
PL79,Opolskie,quantile,0.99,143388,2022-03-12,2022-02-28,2 wk ahead cum case
PL79,Opolskie,point,,548,2022-03-12,2022-02-28,2 wk ahead inc case
PL79,Opolskie,quantile,0.01,305,2022-03-12,2022-02-28,2 wk ahead inc case
PL79,Opolskie,quantile,0.025,314,2022-03-12,2022-02-28,2 wk ahead inc case
PL79,Opolskie,quantile,0.05,325,2022-03-12,2022-02-28,2 wk ahead inc case
PL79,Opolskie,quantile,0.1,353,2022-03-12,2022-02-28,2 wk ahead inc case
PL79,Opolskie,quantile,0.15,376,2022-03-12,2022-02-28,2 wk ahead inc case
PL79,Opolskie,quantile,0.2,397,2022-03-12,2022-02-28,2 wk ahead inc case
PL79,Opolskie,quantile,0.25,418,2022-03-12,2022-02-28,2 wk ahead inc case
PL79,Opolskie,quantile,0.3,447,2022-03-12,2022-02-28,2 wk ahead inc case
PL79,Opolskie,quantile,0.35,469,2022-03-12,2022-02-28,2 wk ahead inc case
PL79,Opolskie,quantile,0.4,492,2022-03-12,2022-02-28,2 wk ahead inc case
PL79,Opolskie,quantile,0.45,518,2022-03-12,2022-02-28,2 wk ahead inc case
PL79,Opolskie,quantile,0.5,548,2022-03-12,2022-02-28,2 wk ahead inc case
PL79,Opolskie,quantile,0.55,573,2022-03-12,2022-02-28,2 wk ahead inc case
PL79,Opolskie,quantile,0.6,609,2022-03-12,2022-02-28,2 wk ahead inc case
PL79,Opolskie,quantile,0.65,642,2022-03-12,2022-02-28,2 wk ahead inc case
PL79,Opolskie,quantile,0.7,675,2022-03-12,2022-02-28,2 wk ahead inc case
PL79,Opolskie,quantile,0.75,714,2022-03-12,2022-02-28,2 wk ahead inc case
PL79,Opolskie,quantile,0.8,768,2022-03-12,2022-02-28,2 wk ahead inc case
PL79,Opolskie,quantile,0.85,828.000000000001,2022-03-12,2022-02-28,2 wk ahead inc case
PL79,Opolskie,quantile,0.9,901,2022-03-12,2022-02-28,2 wk ahead inc case
PL79,Opolskie,quantile,0.95,1004,2022-03-12,2022-02-28,2 wk ahead inc case
PL79,Opolskie,quantile,0.975,1060,2022-03-12,2022-02-28,2 wk ahead inc case
PL79,Opolskie,quantile,0.99,1110,2022-03-12,2022-02-28,2 wk ahead inc case
PL79,Opolskie,point,,142744,2022-03-19,2022-02-28,3 wk ahead cum case
PL79,Opolskie,quantile,0.01,142107,2022-03-19,2022-02-28,3 wk ahead cum case
PL79,Opolskie,quantile,0.025,142128,2022-03-19,2022-02-28,3 wk ahead cum case
PL79,Opolskie,quantile,0.05,142164,2022-03-19,2022-02-28,3 wk ahead cum case
PL79,Opolskie,quantile,0.1,142235,2022-03-19,2022-02-28,3 wk ahead cum case
PL79,Opolskie,quantile,0.15,142299,2022-03-19,2022-02-28,3 wk ahead cum case
PL79,Opolskie,quantile,0.2,142353,2022-03-19,2022-02-28,3 wk ahead cum case
PL79,Opolskie,quantile,0.25,142416,2022-03-19,2022-02-28,3 wk ahead cum case
PL79,Opolskie,quantile,0.3,142482,2022-03-19,2022-02-28,3 wk ahead cum case
PL79,Opolskie,quantile,0.35,142543,2022-03-19,2022-02-28,3 wk ahead cum case
PL79,Opolskie,quantile,0.4,142600,2022-03-19,2022-02-28,3 wk ahead cum case
PL79,Opolskie,quantile,0.45,142670,2022-03-19,2022-02-28,3 wk ahead cum case
PL79,Opolskie,quantile,0.5,142744,2022-03-19,2022-02-28,3 wk ahead cum case
PL79,Opolskie,quantile,0.55,142817,2022-03-19,2022-02-28,3 wk ahead cum case
PL79,Opolskie,quantile,0.6,142899,2022-03-19,2022-02-28,3 wk ahead cum case
PL79,Opolskie,quantile,0.65,142983,2022-03-19,2022-02-28,3 wk ahead cum case
PL79,Opolskie,quantile,0.7,143072,2022-03-19,2022-02-28,3 wk ahead cum case
PL79,Opolskie,quantile,0.75,143189,2022-03-19,2022-02-28,3 wk ahead cum case
PL79,Opolskie,quantile,0.8,143318,2022-03-19,2022-02-28,3 wk ahead cum case
PL79,Opolskie,quantile,0.85,143469,2022-03-19,2022-02-28,3 wk ahead cum case
PL79,Opolskie,quantile,0.9,143667,2022-03-19,2022-02-28,3 wk ahead cum case
PL79,Opolskie,quantile,0.95,143935,2022-03-19,2022-02-28,3 wk ahead cum case
PL79,Opolskie,quantile,0.975,144100,2022-03-19,2022-02-28,3 wk ahead cum case
PL79,Opolskie,quantile,0.99,144213,2022-03-19,2022-02-28,3 wk ahead cum case
PL79,Opolskie,point,,238,2022-03-19,2022-02-28,3 wk ahead inc case
PL79,Opolskie,quantile,0.01,79,2022-03-19,2022-02-28,3 wk ahead inc case
PL79,Opolskie,quantile,0.025,83,2022-03-19,2022-02-28,3 wk ahead inc case
PL79,Opolskie,quantile,0.05,91,2022-03-19,2022-02-28,3 wk ahead inc case
PL79,Opolskie,quantile,0.1,103,2022-03-19,2022-02-28,3 wk ahead inc case
PL79,Opolskie,quantile,0.15,116,2022-03-19,2022-02-28,3 wk ahead inc case
PL79,Opolskie,quantile,0.2,130,2022-03-19,2022-02-28,3 wk ahead inc case
PL79,Opolskie,quantile,0.25,147,2022-03-19,2022-02-28,3 wk ahead inc case
PL79,Opolskie,quantile,0.3,163,2022-03-19,2022-02-28,3 wk ahead inc case
PL79,Opolskie,quantile,0.35,179,2022-03-19,2022-02-28,3 wk ahead inc case
PL79,Opolskie,quantile,0.4,198,2022-03-19,2022-02-28,3 wk ahead inc case
PL79,Opolskie,quantile,0.45,218,2022-03-19,2022-02-28,3 wk ahead inc case
PL79,Opolskie,quantile,0.5,238,2022-03-19,2022-02-28,3 wk ahead inc case
PL79,Opolskie,quantile,0.55,264,2022-03-19,2022-02-28,3 wk ahead inc case
PL79,Opolskie,quantile,0.6,288,2022-03-19,2022-02-28,3 wk ahead inc case
PL79,Opolskie,quantile,0.65,317,2022-03-19,2022-02-28,3 wk ahead inc case
PL79,Opolskie,quantile,0.7,350,2022-03-19,2022-02-28,3 wk ahead inc case
PL79,Opolskie,quantile,0.75,397,2022-03-19,2022-02-28,3 wk ahead inc case
PL79,Opolskie,quantile,0.8,446,2022-03-19,2022-02-28,3 wk ahead inc case
PL79,Opolskie,quantile,0.85,499,2022-03-19,2022-02-28,3 wk ahead inc case
PL79,Opolskie,quantile,0.9,579,2022-03-19,2022-02-28,3 wk ahead inc case
PL79,Opolskie,quantile,0.95,701,2022-03-19,2022-02-28,3 wk ahead inc case
PL79,Opolskie,quantile,0.975,783,2022-03-19,2022-02-28,3 wk ahead inc case
PL79,Opolskie,quantile,0.99,825,2022-03-19,2022-02-28,3 wk ahead inc case
PL79,Opolskie,point,,142847,2022-03-26,2022-02-28,4 wk ahead cum case
PL79,Opolskie,quantile,0.01,142126,2022-03-26,2022-02-28,4 wk ahead cum case
PL79,Opolskie,quantile,0.025,142149,2022-03-26,2022-02-28,4 wk ahead cum case
PL79,Opolskie,quantile,0.05,142187,2022-03-26,2022-02-28,4 wk ahead cum case
PL79,Opolskie,quantile,0.1,142263,2022-03-26,2022-02-28,4 wk ahead cum case
PL79,Opolskie,quantile,0.15,142334,2022-03-26,2022-02-28,4 wk ahead cum case
PL79,Opolskie,quantile,0.2,142394,2022-03-26,2022-02-28,4 wk ahead cum case
PL79,Opolskie,quantile,0.25,142464,2022-03-26,2022-02-28,4 wk ahead cum case
PL79,Opolskie,quantile,0.3,142539,2022-03-26,2022-02-28,4 wk ahead cum case
PL79,Opolskie,quantile,0.35,142610,2022-03-26,2022-02-28,4 wk ahead cum case
PL79,Opolskie,quantile,0.4,142678,2022-03-26,2022-02-28,4 wk ahead cum case
PL79,Opolskie,quantile,0.45,142761,2022-03-26,2022-02-28,4 wk ahead cum case
PL79,Opolskie,quantile,0.5,142847,2022-03-26,2022-02-28,4 wk ahead cum case
PL79,Opolskie,quantile,0.55,142937,2022-03-26,2022-02-28,4 wk ahead cum case
PL79,Opolskie,quantile,0.6,143038,2022-03-26,2022-02-28,4 wk ahead cum case
PL79,Opolskie,quantile,0.65,143139,2022-03-26,2022-02-28,4 wk ahead cum case
PL79,Opolskie,quantile,0.7,143257,2022-03-26,2022-02-28,4 wk ahead cum case
PL79,Opolskie,quantile,0.75,143406,2022-03-26,2022-02-28,4 wk ahead cum case
PL79,Opolskie,quantile,0.8,143576,2022-03-26,2022-02-28,4 wk ahead cum case
PL79,Opolskie,quantile,0.85,143774,2022-03-26,2022-02-28,4 wk ahead cum case
PL79,Opolskie,quantile,0.9,144046,2022-03-26,2022-02-28,4 wk ahead cum case
PL79,Opolskie,quantile,0.95,144430,2022-03-26,2022-02-28,4 wk ahead cum case
PL79,Opolskie,quantile,0.975,144651,2022-03-26,2022-02-28,4 wk ahead cum case
PL79,Opolskie,quantile,0.99,144823,2022-03-26,2022-02-28,4 wk ahead cum case
PL79,Opolskie,point,,103,2022-03-26,2022-02-28,4 wk ahead inc case
PL79,Opolskie,quantile,0.01,19,2022-03-26,2022-02-28,4 wk ahead inc case
PL79,Opolskie,quantile,0.025,21,2022-03-26,2022-02-28,4 wk ahead inc case
PL79,Opolskie,quantile,0.05,23,2022-03-26,2022-02-28,4 wk ahead inc case
PL79,Opolskie,quantile,0.1,28,2022-03-26,2022-02-28,4 wk ahead inc case
PL79,Opolskie,quantile,0.15,35,2022-03-26,2022-02-28,4 wk ahead inc case
PL79,Opolskie,quantile,0.2,41,2022-03-26,2022-02-28,4 wk ahead inc case
PL79,Opolskie,quantile,0.25,48,2022-03-26,2022-02-28,4 wk ahead inc case
PL79,Opolskie,quantile,0.3,57,2022-03-26,2022-02-28,4 wk ahead inc case
PL79,Opolskie,quantile,0.35,67,2022-03-26,2022-02-28,4 wk ahead inc case
PL79,Opolskie,quantile,0.4,78,2022-03-26,2022-02-28,4 wk ahead inc case
PL79,Opolskie,quantile,0.45,91,2022-03-26,2022-02-28,4 wk ahead inc case
PL79,Opolskie,quantile,0.5,103,2022-03-26,2022-02-28,4 wk ahead inc case
PL79,Opolskie,quantile,0.55,120,2022-03-26,2022-02-28,4 wk ahead inc case
PL79,Opolskie,quantile,0.6,139,2022-03-26,2022-02-28,4 wk ahead inc case
PL79,Opolskie,quantile,0.65,156,2022-03-26,2022-02-28,4 wk ahead inc case
PL79,Opolskie,quantile,0.7,185,2022-03-26,2022-02-28,4 wk ahead inc case
PL79,Opolskie,quantile,0.75,217,2022-03-26,2022-02-28,4 wk ahead inc case
PL79,Opolskie,quantile,0.8,258,2022-03-26,2022-02-28,4 wk ahead inc case
PL79,Opolskie,quantile,0.85,305,2022-03-26,2022-02-28,4 wk ahead inc case
PL79,Opolskie,quantile,0.9,379,2022-03-26,2022-02-28,4 wk ahead inc case
PL79,Opolskie,quantile,0.95,495,2022-03-26,2022-02-28,4 wk ahead inc case
PL79,Opolskie,quantile,0.975,551,2022-03-26,2022-02-28,4 wk ahead inc case
PL79,Opolskie,quantile,0.99,610,2022-03-26,2022-02-28,4 wk ahead inc case
PL80,Podkarpackie,point,,236716,2022-03-05,2022-02-28,1 wk ahead cum case
PL80,Podkarpackie,quantile,0.01,236563,2022-03-05,2022-02-28,1 wk ahead cum case
PL80,Podkarpackie,quantile,0.025,236571,2022-03-05,2022-02-28,1 wk ahead cum case
PL80,Podkarpackie,quantile,0.05,236579,2022-03-05,2022-02-28,1 wk ahead cum case
PL80,Podkarpackie,quantile,0.1,236596,2022-03-05,2022-02-28,1 wk ahead cum case
PL80,Podkarpackie,quantile,0.15,236616,2022-03-05,2022-02-28,1 wk ahead cum case
PL80,Podkarpackie,quantile,0.2,236634,2022-03-05,2022-02-28,1 wk ahead cum case
PL80,Podkarpackie,quantile,0.25,236652,2022-03-05,2022-02-28,1 wk ahead cum case
PL80,Podkarpackie,quantile,0.3,236662,2022-03-05,2022-02-28,1 wk ahead cum case
PL80,Podkarpackie,quantile,0.35,236675,2022-03-05,2022-02-28,1 wk ahead cum case
PL80,Podkarpackie,quantile,0.4,236688,2022-03-05,2022-02-28,1 wk ahead cum case
PL80,Podkarpackie,quantile,0.45,236702,2022-03-05,2022-02-28,1 wk ahead cum case
PL80,Podkarpackie,quantile,0.5,236716,2022-03-05,2022-02-28,1 wk ahead cum case
PL80,Podkarpackie,quantile,0.55,236729,2022-03-05,2022-02-28,1 wk ahead cum case
PL80,Podkarpackie,quantile,0.6,236745,2022-03-05,2022-02-28,1 wk ahead cum case
PL80,Podkarpackie,quantile,0.65,236761,2022-03-05,2022-02-28,1 wk ahead cum case
PL80,Podkarpackie,quantile,0.7,236777,2022-03-05,2022-02-28,1 wk ahead cum case
PL80,Podkarpackie,quantile,0.75,236792,2022-03-05,2022-02-28,1 wk ahead cum case
PL80,Podkarpackie,quantile,0.8,236812,2022-03-05,2022-02-28,1 wk ahead cum case
PL80,Podkarpackie,quantile,0.85,236833,2022-03-05,2022-02-28,1 wk ahead cum case
PL80,Podkarpackie,quantile,0.9,236852,2022-03-05,2022-02-28,1 wk ahead cum case
PL80,Podkarpackie,quantile,0.95,236881,2022-03-05,2022-02-28,1 wk ahead cum case
PL80,Podkarpackie,quantile,0.975,236894,2022-03-05,2022-02-28,1 wk ahead cum case
PL80,Podkarpackie,quantile,0.99,236908,2022-03-05,2022-02-28,1 wk ahead cum case
PL80,Podkarpackie,point,,850,2022-03-05,2022-02-28,1 wk ahead inc case
PL80,Podkarpackie,quantile,0.01,697,2022-03-05,2022-02-28,1 wk ahead inc case
PL80,Podkarpackie,quantile,0.025,705,2022-03-05,2022-02-28,1 wk ahead inc case
PL80,Podkarpackie,quantile,0.05,713,2022-03-05,2022-02-28,1 wk ahead inc case
PL80,Podkarpackie,quantile,0.1,730,2022-03-05,2022-02-28,1 wk ahead inc case
PL80,Podkarpackie,quantile,0.15,750,2022-03-05,2022-02-28,1 wk ahead inc case
PL80,Podkarpackie,quantile,0.2,768,2022-03-05,2022-02-28,1 wk ahead inc case
PL80,Podkarpackie,quantile,0.25,786,2022-03-05,2022-02-28,1 wk ahead inc case
PL80,Podkarpackie,quantile,0.3,796,2022-03-05,2022-02-28,1 wk ahead inc case
PL80,Podkarpackie,quantile,0.35,809,2022-03-05,2022-02-28,1 wk ahead inc case
PL80,Podkarpackie,quantile,0.4,822,2022-03-05,2022-02-28,1 wk ahead inc case
PL80,Podkarpackie,quantile,0.45,836,2022-03-05,2022-02-28,1 wk ahead inc case
PL80,Podkarpackie,quantile,0.5,850,2022-03-05,2022-02-28,1 wk ahead inc case
PL80,Podkarpackie,quantile,0.55,863,2022-03-05,2022-02-28,1 wk ahead inc case
PL80,Podkarpackie,quantile,0.6,879,2022-03-05,2022-02-28,1 wk ahead inc case
PL80,Podkarpackie,quantile,0.65,895,2022-03-05,2022-02-28,1 wk ahead inc case
PL80,Podkarpackie,quantile,0.7,911,2022-03-05,2022-02-28,1 wk ahead inc case
PL80,Podkarpackie,quantile,0.75,926,2022-03-05,2022-02-28,1 wk ahead inc case
PL80,Podkarpackie,quantile,0.8,946,2022-03-05,2022-02-28,1 wk ahead inc case
PL80,Podkarpackie,quantile,0.85,967,2022-03-05,2022-02-28,1 wk ahead inc case
PL80,Podkarpackie,quantile,0.9,986,2022-03-05,2022-02-28,1 wk ahead inc case
PL80,Podkarpackie,quantile,0.95,1015,2022-03-05,2022-02-28,1 wk ahead inc case
PL80,Podkarpackie,quantile,0.975,1028,2022-03-05,2022-02-28,1 wk ahead inc case
PL80,Podkarpackie,quantile,0.99,1042,2022-03-05,2022-02-28,1 wk ahead inc case
PL80,Podkarpackie,point,,237086,2022-03-12,2022-02-28,2 wk ahead cum case
PL80,Podkarpackie,quantile,0.01,236772,2022-03-12,2022-02-28,2 wk ahead cum case
PL80,Podkarpackie,quantile,0.025,236785,2022-03-12,2022-02-28,2 wk ahead cum case
PL80,Podkarpackie,quantile,0.05,236800,2022-03-12,2022-02-28,2 wk ahead cum case
PL80,Podkarpackie,quantile,0.1,236838,2022-03-12,2022-02-28,2 wk ahead cum case
PL80,Podkarpackie,quantile,0.15,236872,2022-03-12,2022-02-28,2 wk ahead cum case
PL80,Podkarpackie,quantile,0.2,236906,2022-03-12,2022-02-28,2 wk ahead cum case
PL80,Podkarpackie,quantile,0.25,236937,2022-03-12,2022-02-28,2 wk ahead cum case
PL80,Podkarpackie,quantile,0.3,236964,2022-03-12,2022-02-28,2 wk ahead cum case
PL80,Podkarpackie,quantile,0.35,236992,2022-03-12,2022-02-28,2 wk ahead cum case
PL80,Podkarpackie,quantile,0.4,237020,2022-03-12,2022-02-28,2 wk ahead cum case
PL80,Podkarpackie,quantile,0.45,237052,2022-03-12,2022-02-28,2 wk ahead cum case
PL80,Podkarpackie,quantile,0.5,237086,2022-03-12,2022-02-28,2 wk ahead cum case
PL80,Podkarpackie,quantile,0.55,237119,2022-03-12,2022-02-28,2 wk ahead cum case
PL80,Podkarpackie,quantile,0.6,237155,2022-03-12,2022-02-28,2 wk ahead cum case
PL80,Podkarpackie,quantile,0.65,237190,2022-03-12,2022-02-28,2 wk ahead cum case
PL80,Podkarpackie,quantile,0.7,237225,2022-03-12,2022-02-28,2 wk ahead cum case
PL80,Podkarpackie,quantile,0.75,237272,2022-03-12,2022-02-28,2 wk ahead cum case
PL80,Podkarpackie,quantile,0.8,237327,2022-03-12,2022-02-28,2 wk ahead cum case
PL80,Podkarpackie,quantile,0.85,237385,2022-03-12,2022-02-28,2 wk ahead cum case
PL80,Podkarpackie,quantile,0.9,237451,2022-03-12,2022-02-28,2 wk ahead cum case
PL80,Podkarpackie,quantile,0.95,237545,2022-03-12,2022-02-28,2 wk ahead cum case
PL80,Podkarpackie,quantile,0.975,237592,2022-03-12,2022-02-28,2 wk ahead cum case
PL80,Podkarpackie,quantile,0.99,237636,2022-03-12,2022-02-28,2 wk ahead cum case
PL80,Podkarpackie,point,,370,2022-03-12,2022-02-28,2 wk ahead inc case
PL80,Podkarpackie,quantile,0.01,209,2022-03-12,2022-02-28,2 wk ahead inc case
PL80,Podkarpackie,quantile,0.025,214,2022-03-12,2022-02-28,2 wk ahead inc case
PL80,Podkarpackie,quantile,0.05,221,2022-03-12,2022-02-28,2 wk ahead inc case
PL80,Podkarpackie,quantile,0.1,242,2022-03-12,2022-02-28,2 wk ahead inc case
PL80,Podkarpackie,quantile,0.15,256,2022-03-12,2022-02-28,2 wk ahead inc case
PL80,Podkarpackie,quantile,0.2,272,2022-03-12,2022-02-28,2 wk ahead inc case
PL80,Podkarpackie,quantile,0.25,285,2022-03-12,2022-02-28,2 wk ahead inc case
PL80,Podkarpackie,quantile,0.3,302,2022-03-12,2022-02-28,2 wk ahead inc case
PL80,Podkarpackie,quantile,0.35,317,2022-03-12,2022-02-28,2 wk ahead inc case
PL80,Podkarpackie,quantile,0.4,332,2022-03-12,2022-02-28,2 wk ahead inc case
PL80,Podkarpackie,quantile,0.45,350,2022-03-12,2022-02-28,2 wk ahead inc case
PL80,Podkarpackie,quantile,0.5,370,2022-03-12,2022-02-28,2 wk ahead inc case
PL80,Podkarpackie,quantile,0.55,390,2022-03-12,2022-02-28,2 wk ahead inc case
PL80,Podkarpackie,quantile,0.6,410,2022-03-12,2022-02-28,2 wk ahead inc case
PL80,Podkarpackie,quantile,0.65,429,2022-03-12,2022-02-28,2 wk ahead inc case
PL80,Podkarpackie,quantile,0.7,448,2022-03-12,2022-02-28,2 wk ahead inc case
PL80,Podkarpackie,quantile,0.75,480,2022-03-12,2022-02-28,2 wk ahead inc case
PL80,Podkarpackie,quantile,0.8,515,2022-03-12,2022-02-28,2 wk ahead inc case
PL80,Podkarpackie,quantile,0.85,552,2022-03-12,2022-02-28,2 wk ahead inc case
PL80,Podkarpackie,quantile,0.9,599.000000000001,2022-03-12,2022-02-28,2 wk ahead inc case
PL80,Podkarpackie,quantile,0.95,664,2022-03-12,2022-02-28,2 wk ahead inc case
PL80,Podkarpackie,quantile,0.975,698,2022-03-12,2022-02-28,2 wk ahead inc case
PL80,Podkarpackie,quantile,0.99,728,2022-03-12,2022-02-28,2 wk ahead inc case
PL80,Podkarpackie,point,,237236,2022-03-19,2022-02-28,3 wk ahead cum case
PL80,Podkarpackie,quantile,0.01,236825,2022-03-19,2022-02-28,3 wk ahead cum case
PL80,Podkarpackie,quantile,0.025,236841,2022-03-19,2022-02-28,3 wk ahead cum case
PL80,Podkarpackie,quantile,0.05,236861,2022-03-19,2022-02-28,3 wk ahead cum case
PL80,Podkarpackie,quantile,0.1,236908,2022-03-19,2022-02-28,3 wk ahead cum case
PL80,Podkarpackie,quantile,0.15,236950,2022-03-19,2022-02-28,3 wk ahead cum case
PL80,Podkarpackie,quantile,0.2,236991,2022-03-19,2022-02-28,3 wk ahead cum case
PL80,Podkarpackie,quantile,0.25,237030,2022-03-19,2022-02-28,3 wk ahead cum case
PL80,Podkarpackie,quantile,0.3,237066,2022-03-19,2022-02-28,3 wk ahead cum case
PL80,Podkarpackie,quantile,0.35,237105,2022-03-19,2022-02-28,3 wk ahead cum case
PL80,Podkarpackie,quantile,0.4,237144,2022-03-19,2022-02-28,3 wk ahead cum case
PL80,Podkarpackie,quantile,0.45,237189,2022-03-19,2022-02-28,3 wk ahead cum case
PL80,Podkarpackie,quantile,0.5,237236,2022-03-19,2022-02-28,3 wk ahead cum case
PL80,Podkarpackie,quantile,0.55,237284,2022-03-19,2022-02-28,3 wk ahead cum case
PL80,Podkarpackie,quantile,0.6,237342,2022-03-19,2022-02-28,3 wk ahead cum case
PL80,Podkarpackie,quantile,0.65,237391,2022-03-19,2022-02-28,3 wk ahead cum case
PL80,Podkarpackie,quantile,0.7,237451,2022-03-19,2022-02-28,3 wk ahead cum case
PL80,Podkarpackie,quantile,0.75,237524,2022-03-19,2022-02-28,3 wk ahead cum case
PL80,Podkarpackie,quantile,0.8,237614,2022-03-19,2022-02-28,3 wk ahead cum case
PL80,Podkarpackie,quantile,0.85,237709,2022-03-19,2022-02-28,3 wk ahead cum case
PL80,Podkarpackie,quantile,0.9,237825,2022-03-19,2022-02-28,3 wk ahead cum case
PL80,Podkarpackie,quantile,0.95,237985,2022-03-19,2022-02-28,3 wk ahead cum case
PL80,Podkarpackie,quantile,0.975,238089,2022-03-19,2022-02-28,3 wk ahead cum case
PL80,Podkarpackie,quantile,0.99,238180,2022-03-19,2022-02-28,3 wk ahead cum case
PL80,Podkarpackie,point,,150,2022-03-19,2022-02-28,3 wk ahead inc case
PL80,Podkarpackie,quantile,0.01,53,2022-03-19,2022-02-28,3 wk ahead inc case
PL80,Podkarpackie,quantile,0.025,56,2022-03-19,2022-02-28,3 wk ahead inc case
PL80,Podkarpackie,quantile,0.05,61,2022-03-19,2022-02-28,3 wk ahead inc case
PL80,Podkarpackie,quantile,0.1,70,2022-03-19,2022-02-28,3 wk ahead inc case
PL80,Podkarpackie,quantile,0.15,78,2022-03-19,2022-02-28,3 wk ahead inc case
PL80,Podkarpackie,quantile,0.2,85,2022-03-19,2022-02-28,3 wk ahead inc case
PL80,Podkarpackie,quantile,0.25,93,2022-03-19,2022-02-28,3 wk ahead inc case
PL80,Podkarpackie,quantile,0.3,102,2022-03-19,2022-02-28,3 wk ahead inc case
PL80,Podkarpackie,quantile,0.35,113,2022-03-19,2022-02-28,3 wk ahead inc case
PL80,Podkarpackie,quantile,0.4,124,2022-03-19,2022-02-28,3 wk ahead inc case
PL80,Podkarpackie,quantile,0.45,137,2022-03-19,2022-02-28,3 wk ahead inc case
PL80,Podkarpackie,quantile,0.5,150,2022-03-19,2022-02-28,3 wk ahead inc case
PL80,Podkarpackie,quantile,0.55,165,2022-03-19,2022-02-28,3 wk ahead inc case
PL80,Podkarpackie,quantile,0.6,187,2022-03-19,2022-02-28,3 wk ahead inc case
PL80,Podkarpackie,quantile,0.65,201,2022-03-19,2022-02-28,3 wk ahead inc case
PL80,Podkarpackie,quantile,0.7,226,2022-03-19,2022-02-28,3 wk ahead inc case
PL80,Podkarpackie,quantile,0.75,252,2022-03-19,2022-02-28,3 wk ahead inc case
PL80,Podkarpackie,quantile,0.8,287,2022-03-19,2022-02-28,3 wk ahead inc case
PL80,Podkarpackie,quantile,0.85,324,2022-03-19,2022-02-28,3 wk ahead inc case
PL80,Podkarpackie,quantile,0.9,374,2022-03-19,2022-02-28,3 wk ahead inc case
PL80,Podkarpackie,quantile,0.95,440,2022-03-19,2022-02-28,3 wk ahead inc case
PL80,Podkarpackie,quantile,0.975,497,2022-03-19,2022-02-28,3 wk ahead inc case
PL80,Podkarpackie,quantile,0.99,544,2022-03-19,2022-02-28,3 wk ahead inc case
PL80,Podkarpackie,point,,237297,2022-03-26,2022-02-28,4 wk ahead cum case
PL80,Podkarpackie,quantile,0.01,236837,2022-03-26,2022-02-28,4 wk ahead cum case
PL80,Podkarpackie,quantile,0.025,236854,2022-03-26,2022-02-28,4 wk ahead cum case
PL80,Podkarpackie,quantile,0.05,236876,2022-03-26,2022-02-28,4 wk ahead cum case
PL80,Podkarpackie,quantile,0.1,236927,2022-03-26,2022-02-28,4 wk ahead cum case
PL80,Podkarpackie,quantile,0.15,236973,2022-03-26,2022-02-28,4 wk ahead cum case
PL80,Podkarpackie,quantile,0.2,237018,2022-03-26,2022-02-28,4 wk ahead cum case
PL80,Podkarpackie,quantile,0.25,237061,2022-03-26,2022-02-28,4 wk ahead cum case
PL80,Podkarpackie,quantile,0.3,237101,2022-03-26,2022-02-28,4 wk ahead cum case
PL80,Podkarpackie,quantile,0.35,237146,2022-03-26,2022-02-28,4 wk ahead cum case
PL80,Podkarpackie,quantile,0.4,237191,2022-03-26,2022-02-28,4 wk ahead cum case
PL80,Podkarpackie,quantile,0.45,237242,2022-03-26,2022-02-28,4 wk ahead cum case
PL80,Podkarpackie,quantile,0.5,237297,2022-03-26,2022-02-28,4 wk ahead cum case
PL80,Podkarpackie,quantile,0.55,237354,2022-03-26,2022-02-28,4 wk ahead cum case
PL80,Podkarpackie,quantile,0.6,237423,2022-03-26,2022-02-28,4 wk ahead cum case
PL80,Podkarpackie,quantile,0.65,237488,2022-03-26,2022-02-28,4 wk ahead cum case
PL80,Podkarpackie,quantile,0.7,237564,2022-03-26,2022-02-28,4 wk ahead cum case
PL80,Podkarpackie,quantile,0.75,237657,2022-03-26,2022-02-28,4 wk ahead cum case
PL80,Podkarpackie,quantile,0.8,237775,2022-03-26,2022-02-28,4 wk ahead cum case
PL80,Podkarpackie,quantile,0.85,237897,2022-03-26,2022-02-28,4 wk ahead cum case
PL80,Podkarpackie,quantile,0.9,238060,2022-03-26,2022-02-28,4 wk ahead cum case
PL80,Podkarpackie,quantile,0.95,238290,2022-03-26,2022-02-28,4 wk ahead cum case
PL80,Podkarpackie,quantile,0.975,238449,2022-03-26,2022-02-28,4 wk ahead cum case
PL80,Podkarpackie,quantile,0.99,238591,2022-03-26,2022-02-28,4 wk ahead cum case
PL80,Podkarpackie,point,,61,2022-03-26,2022-02-28,4 wk ahead inc case
PL80,Podkarpackie,quantile,0.01,12,2022-03-26,2022-02-28,4 wk ahead inc case
PL80,Podkarpackie,quantile,0.025,13,2022-03-26,2022-02-28,4 wk ahead inc case
PL80,Podkarpackie,quantile,0.05,15,2022-03-26,2022-02-28,4 wk ahead inc case
PL80,Podkarpackie,quantile,0.1,19,2022-03-26,2022-02-28,4 wk ahead inc case
PL80,Podkarpackie,quantile,0.15,23,2022-03-26,2022-02-28,4 wk ahead inc case
PL80,Podkarpackie,quantile,0.2,27,2022-03-26,2022-02-28,4 wk ahead inc case
PL80,Podkarpackie,quantile,0.25,31,2022-03-26,2022-02-28,4 wk ahead inc case
PL80,Podkarpackie,quantile,0.3,35,2022-03-26,2022-02-28,4 wk ahead inc case
PL80,Podkarpackie,quantile,0.35,41,2022-03-26,2022-02-28,4 wk ahead inc case
PL80,Podkarpackie,quantile,0.4,47,2022-03-26,2022-02-28,4 wk ahead inc case
PL80,Podkarpackie,quantile,0.45,53,2022-03-26,2022-02-28,4 wk ahead inc case
PL80,Podkarpackie,quantile,0.5,61,2022-03-26,2022-02-28,4 wk ahead inc case
PL80,Podkarpackie,quantile,0.55,70,2022-03-26,2022-02-28,4 wk ahead inc case
PL80,Podkarpackie,quantile,0.6,81,2022-03-26,2022-02-28,4 wk ahead inc case
PL80,Podkarpackie,quantile,0.65,97,2022-03-26,2022-02-28,4 wk ahead inc case
PL80,Podkarpackie,quantile,0.7,113,2022-03-26,2022-02-28,4 wk ahead inc case
PL80,Podkarpackie,quantile,0.75,133,2022-03-26,2022-02-28,4 wk ahead inc case
PL80,Podkarpackie,quantile,0.8,161,2022-03-26,2022-02-28,4 wk ahead inc case
PL80,Podkarpackie,quantile,0.85,188,2022-03-26,2022-02-28,4 wk ahead inc case
PL80,Podkarpackie,quantile,0.9,235,2022-03-26,2022-02-28,4 wk ahead inc case
PL80,Podkarpackie,quantile,0.95,305,2022-03-26,2022-02-28,4 wk ahead inc case
PL80,Podkarpackie,quantile,0.975,360,2022-03-26,2022-02-28,4 wk ahead inc case
PL80,Podkarpackie,quantile,0.99,411,2022-03-26,2022-02-28,4 wk ahead inc case
PL81,Podlaskie,point,,143374,2022-03-05,2022-02-28,1 wk ahead cum case
PL81,Podlaskie,quantile,0.01,143078,2022-03-05,2022-02-28,1 wk ahead cum case
PL81,Podlaskie,quantile,0.025,143095,2022-03-05,2022-02-28,1 wk ahead cum case
PL81,Podlaskie,quantile,0.05,143111,2022-03-05,2022-02-28,1 wk ahead cum case
PL81,Podlaskie,quantile,0.1,143147,2022-03-05,2022-02-28,1 wk ahead cum case
PL81,Podlaskie,quantile,0.15,143185,2022-03-05,2022-02-28,1 wk ahead cum case
PL81,Podlaskie,quantile,0.2,143213,2022-03-05,2022-02-28,1 wk ahead cum case
PL81,Podlaskie,quantile,0.25,143242,2022-03-05,2022-02-28,1 wk ahead cum case
PL81,Podlaskie,quantile,0.3,143271,2022-03-05,2022-02-28,1 wk ahead cum case
PL81,Podlaskie,quantile,0.35,143299,2022-03-05,2022-02-28,1 wk ahead cum case
PL81,Podlaskie,quantile,0.4,143326,2022-03-05,2022-02-28,1 wk ahead cum case
PL81,Podlaskie,quantile,0.45,143347,2022-03-05,2022-02-28,1 wk ahead cum case
PL81,Podlaskie,quantile,0.5,143374,2022-03-05,2022-02-28,1 wk ahead cum case
PL81,Podlaskie,quantile,0.55,143405,2022-03-05,2022-02-28,1 wk ahead cum case
PL81,Podlaskie,quantile,0.6,143440,2022-03-05,2022-02-28,1 wk ahead cum case
PL81,Podlaskie,quantile,0.65,143470,2022-03-05,2022-02-28,1 wk ahead cum case
PL81,Podlaskie,quantile,0.7,143503,2022-03-05,2022-02-28,1 wk ahead cum case
PL81,Podlaskie,quantile,0.75,143536,2022-03-05,2022-02-28,1 wk ahead cum case
PL81,Podlaskie,quantile,0.8,143572,2022-03-05,2022-02-28,1 wk ahead cum case
PL81,Podlaskie,quantile,0.85,143617,2022-03-05,2022-02-28,1 wk ahead cum case
PL81,Podlaskie,quantile,0.9,143670,2022-03-05,2022-02-28,1 wk ahead cum case
PL81,Podlaskie,quantile,0.95,143731,2022-03-05,2022-02-28,1 wk ahead cum case
PL81,Podlaskie,quantile,0.975,143773,2022-03-05,2022-02-28,1 wk ahead cum case
PL81,Podlaskie,quantile,0.99,143794,2022-03-05,2022-02-28,1 wk ahead cum case
PL81,Podlaskie,point,,1525,2022-03-05,2022-02-28,1 wk ahead inc case
PL81,Podlaskie,quantile,0.01,1229,2022-03-05,2022-02-28,1 wk ahead inc case
PL81,Podlaskie,quantile,0.025,1246,2022-03-05,2022-02-28,1 wk ahead inc case
PL81,Podlaskie,quantile,0.05,1262,2022-03-05,2022-02-28,1 wk ahead inc case
PL81,Podlaskie,quantile,0.1,1298,2022-03-05,2022-02-28,1 wk ahead inc case
PL81,Podlaskie,quantile,0.15,1336,2022-03-05,2022-02-28,1 wk ahead inc case
PL81,Podlaskie,quantile,0.2,1364,2022-03-05,2022-02-28,1 wk ahead inc case
PL81,Podlaskie,quantile,0.25,1393,2022-03-05,2022-02-28,1 wk ahead inc case
PL81,Podlaskie,quantile,0.3,1422,2022-03-05,2022-02-28,1 wk ahead inc case
PL81,Podlaskie,quantile,0.35,1450,2022-03-05,2022-02-28,1 wk ahead inc case
PL81,Podlaskie,quantile,0.4,1477,2022-03-05,2022-02-28,1 wk ahead inc case
PL81,Podlaskie,quantile,0.45,1498,2022-03-05,2022-02-28,1 wk ahead inc case
PL81,Podlaskie,quantile,0.5,1525,2022-03-05,2022-02-28,1 wk ahead inc case
PL81,Podlaskie,quantile,0.55,1556,2022-03-05,2022-02-28,1 wk ahead inc case
PL81,Podlaskie,quantile,0.6,1591,2022-03-05,2022-02-28,1 wk ahead inc case
PL81,Podlaskie,quantile,0.65,1621,2022-03-05,2022-02-28,1 wk ahead inc case
PL81,Podlaskie,quantile,0.7,1654,2022-03-05,2022-02-28,1 wk ahead inc case
PL81,Podlaskie,quantile,0.75,1687,2022-03-05,2022-02-28,1 wk ahead inc case
PL81,Podlaskie,quantile,0.8,1723,2022-03-05,2022-02-28,1 wk ahead inc case
PL81,Podlaskie,quantile,0.85,1768,2022-03-05,2022-02-28,1 wk ahead inc case
PL81,Podlaskie,quantile,0.9,1821,2022-03-05,2022-02-28,1 wk ahead inc case
PL81,Podlaskie,quantile,0.95,1882,2022-03-05,2022-02-28,1 wk ahead inc case
PL81,Podlaskie,quantile,0.975,1924,2022-03-05,2022-02-28,1 wk ahead inc case
PL81,Podlaskie,quantile,0.99,1945,2022-03-05,2022-02-28,1 wk ahead inc case
PL81,Podlaskie,point,,144107,2022-03-12,2022-02-28,2 wk ahead cum case
PL81,Podlaskie,quantile,0.01,143481,2022-03-12,2022-02-28,2 wk ahead cum case
PL81,Podlaskie,quantile,0.025,143515,2022-03-12,2022-02-28,2 wk ahead cum case
PL81,Podlaskie,quantile,0.05,143543,2022-03-12,2022-02-28,2 wk ahead cum case
PL81,Podlaskie,quantile,0.1,143616,2022-03-12,2022-02-28,2 wk ahead cum case
PL81,Podlaskie,quantile,0.15,143688,2022-03-12,2022-02-28,2 wk ahead cum case
PL81,Podlaskie,quantile,0.2,143747,2022-03-12,2022-02-28,2 wk ahead cum case
PL81,Podlaskie,quantile,0.25,143809,2022-03-12,2022-02-28,2 wk ahead cum case
PL81,Podlaskie,quantile,0.3,143870,2022-03-12,2022-02-28,2 wk ahead cum case
PL81,Podlaskie,quantile,0.35,143930,2022-03-12,2022-02-28,2 wk ahead cum case
PL81,Podlaskie,quantile,0.4,143989,2022-03-12,2022-02-28,2 wk ahead cum case
PL81,Podlaskie,quantile,0.45,144040,2022-03-12,2022-02-28,2 wk ahead cum case
PL81,Podlaskie,quantile,0.5,144107,2022-03-12,2022-02-28,2 wk ahead cum case
PL81,Podlaskie,quantile,0.55,144177,2022-03-12,2022-02-28,2 wk ahead cum case
PL81,Podlaskie,quantile,0.6,144252,2022-03-12,2022-02-28,2 wk ahead cum case
PL81,Podlaskie,quantile,0.65,144332,2022-03-12,2022-02-28,2 wk ahead cum case
PL81,Podlaskie,quantile,0.7,144417,2022-03-12,2022-02-28,2 wk ahead cum case
PL81,Podlaskie,quantile,0.75,144519,2022-03-12,2022-02-28,2 wk ahead cum case
PL81,Podlaskie,quantile,0.8,144633,2022-03-12,2022-02-28,2 wk ahead cum case
PL81,Podlaskie,quantile,0.85,144764,2022-03-12,2022-02-28,2 wk ahead cum case
PL81,Podlaskie,quantile,0.9,144902,2022-03-12,2022-02-28,2 wk ahead cum case
PL81,Podlaskie,quantile,0.95,145106,2022-03-12,2022-02-28,2 wk ahead cum case
PL81,Podlaskie,quantile,0.975,145252,2022-03-12,2022-02-28,2 wk ahead cum case
PL81,Podlaskie,quantile,0.99,145328,2022-03-12,2022-02-28,2 wk ahead cum case
PL81,Podlaskie,point,,733,2022-03-12,2022-02-28,2 wk ahead inc case
PL81,Podlaskie,quantile,0.01,403,2022-03-12,2022-02-28,2 wk ahead inc case
PL81,Podlaskie,quantile,0.025,420,2022-03-12,2022-02-28,2 wk ahead inc case
PL81,Podlaskie,quantile,0.05,432,2022-03-12,2022-02-28,2 wk ahead inc case
PL81,Podlaskie,quantile,0.1,469,2022-03-12,2022-02-28,2 wk ahead inc case
PL81,Podlaskie,quantile,0.15,503,2022-03-12,2022-02-28,2 wk ahead inc case
PL81,Podlaskie,quantile,0.2,534,2022-03-12,2022-02-28,2 wk ahead inc case
PL81,Podlaskie,quantile,0.25,567,2022-03-12,2022-02-28,2 wk ahead inc case
PL81,Podlaskie,quantile,0.3,599,2022-03-12,2022-02-28,2 wk ahead inc case
PL81,Podlaskie,quantile,0.35,631,2022-03-12,2022-02-28,2 wk ahead inc case
PL81,Podlaskie,quantile,0.4,663,2022-03-12,2022-02-28,2 wk ahead inc case
PL81,Podlaskie,quantile,0.45,693,2022-03-12,2022-02-28,2 wk ahead inc case
PL81,Podlaskie,quantile,0.5,733,2022-03-12,2022-02-28,2 wk ahead inc case
PL81,Podlaskie,quantile,0.55,772,2022-03-12,2022-02-28,2 wk ahead inc case
PL81,Podlaskie,quantile,0.6,812,2022-03-12,2022-02-28,2 wk ahead inc case
PL81,Podlaskie,quantile,0.65,862,2022-03-12,2022-02-28,2 wk ahead inc case
PL81,Podlaskie,quantile,0.7,914,2022-03-12,2022-02-28,2 wk ahead inc case
PL81,Podlaskie,quantile,0.75,983,2022-03-12,2022-02-28,2 wk ahead inc case
PL81,Podlaskie,quantile,0.8,1061,2022-03-12,2022-02-28,2 wk ahead inc case
PL81,Podlaskie,quantile,0.85,1147,2022-03-12,2022-02-28,2 wk ahead inc case
PL81,Podlaskie,quantile,0.9,1232,2022-03-12,2022-02-28,2 wk ahead inc case
PL81,Podlaskie,quantile,0.95,1375,2022-03-12,2022-02-28,2 wk ahead inc case
PL81,Podlaskie,quantile,0.975,1479,2022-03-12,2022-02-28,2 wk ahead inc case
PL81,Podlaskie,quantile,0.99,1534,2022-03-12,2022-02-28,2 wk ahead inc case
PL81,Podlaskie,point,,144447,2022-03-19,2022-02-28,3 wk ahead cum case
PL81,Podlaskie,quantile,0.01,143588,2022-03-19,2022-02-28,3 wk ahead cum case
PL81,Podlaskie,quantile,0.025,143628,2022-03-19,2022-02-28,3 wk ahead cum case
PL81,Podlaskie,quantile,0.05,143667,2022-03-19,2022-02-28,3 wk ahead cum case
PL81,Podlaskie,quantile,0.1,143758,2022-03-19,2022-02-28,3 wk ahead cum case
PL81,Podlaskie,quantile,0.15,143851,2022-03-19,2022-02-28,3 wk ahead cum case
PL81,Podlaskie,quantile,0.2,143929,2022-03-19,2022-02-28,3 wk ahead cum case
PL81,Podlaskie,quantile,0.25,144014,2022-03-19,2022-02-28,3 wk ahead cum case
PL81,Podlaskie,quantile,0.3,144098,2022-03-19,2022-02-28,3 wk ahead cum case
PL81,Podlaskie,quantile,0.35,144187,2022-03-19,2022-02-28,3 wk ahead cum case
PL81,Podlaskie,quantile,0.4,144271,2022-03-19,2022-02-28,3 wk ahead cum case
PL81,Podlaskie,quantile,0.45,144350,2022-03-19,2022-02-28,3 wk ahead cum case
PL81,Podlaskie,quantile,0.5,144447,2022-03-19,2022-02-28,3 wk ahead cum case
PL81,Podlaskie,quantile,0.55,144544,2022-03-19,2022-02-28,3 wk ahead cum case
PL81,Podlaskie,quantile,0.6,144653,2022-03-19,2022-02-28,3 wk ahead cum case
PL81,Podlaskie,quantile,0.65,144781,2022-03-19,2022-02-28,3 wk ahead cum case
PL81,Podlaskie,quantile,0.7,144912,2022-03-19,2022-02-28,3 wk ahead cum case
PL81,Podlaskie,quantile,0.75,145083,2022-03-19,2022-02-28,3 wk ahead cum case
PL81,Podlaskie,quantile,0.8,145273,2022-03-19,2022-02-28,3 wk ahead cum case
PL81,Podlaskie,quantile,0.85,145499,2022-03-19,2022-02-28,3 wk ahead cum case
PL81,Podlaskie,quantile,0.9,145766,2022-03-19,2022-02-28,3 wk ahead cum case
PL81,Podlaskie,quantile,0.95,146158,2022-03-19,2022-02-28,3 wk ahead cum case
PL81,Podlaskie,quantile,0.975,146428,2022-03-19,2022-02-28,3 wk ahead cum case
PL81,Podlaskie,quantile,0.99,146589,2022-03-19,2022-02-28,3 wk ahead cum case
PL81,Podlaskie,point,,340,2022-03-19,2022-02-28,3 wk ahead inc case
PL81,Podlaskie,quantile,0.01,107,2022-03-19,2022-02-28,3 wk ahead inc case
PL81,Podlaskie,quantile,0.025,113,2022-03-19,2022-02-28,3 wk ahead inc case
PL81,Podlaskie,quantile,0.05,124,2022-03-19,2022-02-28,3 wk ahead inc case
PL81,Podlaskie,quantile,0.1,142,2022-03-19,2022-02-28,3 wk ahead inc case
PL81,Podlaskie,quantile,0.15,163,2022-03-19,2022-02-28,3 wk ahead inc case
PL81,Podlaskie,quantile,0.2,182,2022-03-19,2022-02-28,3 wk ahead inc case
PL81,Podlaskie,quantile,0.25,205,2022-03-19,2022-02-28,3 wk ahead inc case
PL81,Podlaskie,quantile,0.3,228,2022-03-19,2022-02-28,3 wk ahead inc case
PL81,Podlaskie,quantile,0.35,257,2022-03-19,2022-02-28,3 wk ahead inc case
PL81,Podlaskie,quantile,0.4,282,2022-03-19,2022-02-28,3 wk ahead inc case
PL81,Podlaskie,quantile,0.45,310,2022-03-19,2022-02-28,3 wk ahead inc case
PL81,Podlaskie,quantile,0.5,340,2022-03-19,2022-02-28,3 wk ahead inc case
PL81,Podlaskie,quantile,0.55,367,2022-03-19,2022-02-28,3 wk ahead inc case
PL81,Podlaskie,quantile,0.6,401,2022-03-19,2022-02-28,3 wk ahead inc case
PL81,Podlaskie,quantile,0.65,449,2022-03-19,2022-02-28,3 wk ahead inc case
PL81,Podlaskie,quantile,0.7,495,2022-03-19,2022-02-28,3 wk ahead inc case
PL81,Podlaskie,quantile,0.75,564,2022-03-19,2022-02-28,3 wk ahead inc case
PL81,Podlaskie,quantile,0.8,640,2022-03-19,2022-02-28,3 wk ahead inc case
PL81,Podlaskie,quantile,0.85,735,2022-03-19,2022-02-28,3 wk ahead inc case
PL81,Podlaskie,quantile,0.9,864,2022-03-19,2022-02-28,3 wk ahead inc case
PL81,Podlaskie,quantile,0.95,1052,2022-03-19,2022-02-28,3 wk ahead inc case
PL81,Podlaskie,quantile,0.975,1176,2022-03-19,2022-02-28,3 wk ahead inc case
PL81,Podlaskie,quantile,0.99,1261,2022-03-19,2022-02-28,3 wk ahead inc case
PL81,Podlaskie,point,,144604,2022-03-26,2022-02-28,4 wk ahead cum case
PL81,Podlaskie,quantile,0.01,143614,2022-03-26,2022-02-28,4 wk ahead cum case
PL81,Podlaskie,quantile,0.025,143656,2022-03-26,2022-02-28,4 wk ahead cum case
PL81,Podlaskie,quantile,0.05,143699,2022-03-26,2022-02-28,4 wk ahead cum case
PL81,Podlaskie,quantile,0.1,143799,2022-03-26,2022-02-28,4 wk ahead cum case
PL81,Podlaskie,quantile,0.15,143902,2022-03-26,2022-02-28,4 wk ahead cum case
PL81,Podlaskie,quantile,0.2,143990,2022-03-26,2022-02-28,4 wk ahead cum case
PL81,Podlaskie,quantile,0.25,144085,2022-03-26,2022-02-28,4 wk ahead cum case
PL81,Podlaskie,quantile,0.3,144182,2022-03-26,2022-02-28,4 wk ahead cum case
PL81,Podlaskie,quantile,0.35,144285,2022-03-26,2022-02-28,4 wk ahead cum case
PL81,Podlaskie,quantile,0.4,144385,2022-03-26,2022-02-28,4 wk ahead cum case
PL81,Podlaskie,quantile,0.45,144482,2022-03-26,2022-02-28,4 wk ahead cum case
PL81,Podlaskie,quantile,0.5,144604,2022-03-26,2022-02-28,4 wk ahead cum case
PL81,Podlaskie,quantile,0.55,144722,2022-03-26,2022-02-28,4 wk ahead cum case
PL81,Podlaskie,quantile,0.6,144853,2022-03-26,2022-02-28,4 wk ahead cum case
PL81,Podlaskie,quantile,0.65,145010,2022-03-26,2022-02-28,4 wk ahead cum case
PL81,Podlaskie,quantile,0.7,145182,2022-03-26,2022-02-28,4 wk ahead cum case
PL81,Podlaskie,quantile,0.75,145400,2022-03-26,2022-02-28,4 wk ahead cum case
PL81,Podlaskie,quantile,0.8,145669,2022-03-26,2022-02-28,4 wk ahead cum case
PL81,Podlaskie,quantile,0.85,145975,2022-03-26,2022-02-28,4 wk ahead cum case
PL81,Podlaskie,quantile,0.9,146362,2022-03-26,2022-02-28,4 wk ahead cum case
PL81,Podlaskie,quantile,0.95,146962,2022-03-26,2022-02-28,4 wk ahead cum case
PL81,Podlaskie,quantile,0.975,147362,2022-03-26,2022-02-28,4 wk ahead cum case
PL81,Podlaskie,quantile,0.99,147611,2022-03-26,2022-02-28,4 wk ahead cum case
PL81,Podlaskie,point,,157,2022-03-26,2022-02-28,4 wk ahead inc case
PL81,Podlaskie,quantile,0.01,26,2022-03-26,2022-02-28,4 wk ahead inc case
PL81,Podlaskie,quantile,0.025,28,2022-03-26,2022-02-28,4 wk ahead inc case
PL81,Podlaskie,quantile,0.05,32,2022-03-26,2022-02-28,4 wk ahead inc case
PL81,Podlaskie,quantile,0.1,41,2022-03-26,2022-02-28,4 wk ahead inc case
PL81,Podlaskie,quantile,0.15,51,2022-03-26,2022-02-28,4 wk ahead inc case
PL81,Podlaskie,quantile,0.2,61,2022-03-26,2022-02-28,4 wk ahead inc case
PL81,Podlaskie,quantile,0.25,71,2022-03-26,2022-02-28,4 wk ahead inc case
PL81,Podlaskie,quantile,0.3,84,2022-03-26,2022-02-28,4 wk ahead inc case
PL81,Podlaskie,quantile,0.35,98,2022-03-26,2022-02-28,4 wk ahead inc case
PL81,Podlaskie,quantile,0.4,114,2022-03-26,2022-02-28,4 wk ahead inc case
PL81,Podlaskie,quantile,0.45,132,2022-03-26,2022-02-28,4 wk ahead inc case
PL81,Podlaskie,quantile,0.5,157,2022-03-26,2022-02-28,4 wk ahead inc case
PL81,Podlaskie,quantile,0.55,178,2022-03-26,2022-02-28,4 wk ahead inc case
PL81,Podlaskie,quantile,0.6,200,2022-03-26,2022-02-28,4 wk ahead inc case
PL81,Podlaskie,quantile,0.65,229,2022-03-26,2022-02-28,4 wk ahead inc case
PL81,Podlaskie,quantile,0.7,270,2022-03-26,2022-02-28,4 wk ahead inc case
PL81,Podlaskie,quantile,0.75,317.000000000001,2022-03-26,2022-02-28,4 wk ahead inc case
PL81,Podlaskie,quantile,0.8,396,2022-03-26,2022-02-28,4 wk ahead inc case
PL81,Podlaskie,quantile,0.85,476.000000000001,2022-03-26,2022-02-28,4 wk ahead inc case
PL81,Podlaskie,quantile,0.9,596.000000000001,2022-03-26,2022-02-28,4 wk ahead inc case
PL81,Podlaskie,quantile,0.95,804,2022-03-26,2022-02-28,4 wk ahead inc case
PL81,Podlaskie,quantile,0.975,934,2022-03-26,2022-02-28,4 wk ahead inc case
PL81,Podlaskie,quantile,0.99,1022,2022-03-26,2022-02-28,4 wk ahead inc case
PL82,Pomorskie,point,,376013,2022-03-05,2022-02-28,1 wk ahead cum case
PL82,Pomorskie,quantile,0.01,375280,2022-03-05,2022-02-28,1 wk ahead cum case
PL82,Pomorskie,quantile,0.025,375310,2022-03-05,2022-02-28,1 wk ahead cum case
PL82,Pomorskie,quantile,0.05,375360,2022-03-05,2022-02-28,1 wk ahead cum case
PL82,Pomorskie,quantile,0.1,375447,2022-03-05,2022-02-28,1 wk ahead cum case
PL82,Pomorskie,quantile,0.15,375544,2022-03-05,2022-02-28,1 wk ahead cum case
PL82,Pomorskie,quantile,0.2,375628,2022-03-05,2022-02-28,1 wk ahead cum case
PL82,Pomorskie,quantile,0.25,375695,2022-03-05,2022-02-28,1 wk ahead cum case
PL82,Pomorskie,quantile,0.3,375755,2022-03-05,2022-02-28,1 wk ahead cum case
PL82,Pomorskie,quantile,0.35,375812,2022-03-05,2022-02-28,1 wk ahead cum case
PL82,Pomorskie,quantile,0.4,375879,2022-03-05,2022-02-28,1 wk ahead cum case
PL82,Pomorskie,quantile,0.45,375938,2022-03-05,2022-02-28,1 wk ahead cum case
PL82,Pomorskie,quantile,0.5,376013,2022-03-05,2022-02-28,1 wk ahead cum case
PL82,Pomorskie,quantile,0.55,376089,2022-03-05,2022-02-28,1 wk ahead cum case
PL82,Pomorskie,quantile,0.6,376165,2022-03-05,2022-02-28,1 wk ahead cum case
PL82,Pomorskie,quantile,0.65,376226,2022-03-05,2022-02-28,1 wk ahead cum case
PL82,Pomorskie,quantile,0.7,376306,2022-03-05,2022-02-28,1 wk ahead cum case
PL82,Pomorskie,quantile,0.75,376385,2022-03-05,2022-02-28,1 wk ahead cum case
PL82,Pomorskie,quantile,0.8,376482,2022-03-05,2022-02-28,1 wk ahead cum case
PL82,Pomorskie,quantile,0.85,376608,2022-03-05,2022-02-28,1 wk ahead cum case
PL82,Pomorskie,quantile,0.9,376739,2022-03-05,2022-02-28,1 wk ahead cum case
PL82,Pomorskie,quantile,0.95,376877,2022-03-05,2022-02-28,1 wk ahead cum case
PL82,Pomorskie,quantile,0.975,376991,2022-03-05,2022-02-28,1 wk ahead cum case
PL82,Pomorskie,quantile,0.99,377037,2022-03-05,2022-02-28,1 wk ahead cum case
PL82,Pomorskie,point,,3959,2022-03-05,2022-02-28,1 wk ahead inc case
PL82,Pomorskie,quantile,0.01,3226,2022-03-05,2022-02-28,1 wk ahead inc case
PL82,Pomorskie,quantile,0.025,3256,2022-03-05,2022-02-28,1 wk ahead inc case
PL82,Pomorskie,quantile,0.05,3306,2022-03-05,2022-02-28,1 wk ahead inc case
PL82,Pomorskie,quantile,0.1,3393,2022-03-05,2022-02-28,1 wk ahead inc case
PL82,Pomorskie,quantile,0.15,3490,2022-03-05,2022-02-28,1 wk ahead inc case
PL82,Pomorskie,quantile,0.2,3574,2022-03-05,2022-02-28,1 wk ahead inc case
PL82,Pomorskie,quantile,0.25,3641,2022-03-05,2022-02-28,1 wk ahead inc case
PL82,Pomorskie,quantile,0.3,3701,2022-03-05,2022-02-28,1 wk ahead inc case
PL82,Pomorskie,quantile,0.35,3758,2022-03-05,2022-02-28,1 wk ahead inc case
PL82,Pomorskie,quantile,0.4,3825,2022-03-05,2022-02-28,1 wk ahead inc case
PL82,Pomorskie,quantile,0.45,3884,2022-03-05,2022-02-28,1 wk ahead inc case
PL82,Pomorskie,quantile,0.5,3959,2022-03-05,2022-02-28,1 wk ahead inc case
PL82,Pomorskie,quantile,0.55,4035,2022-03-05,2022-02-28,1 wk ahead inc case
PL82,Pomorskie,quantile,0.6,4111,2022-03-05,2022-02-28,1 wk ahead inc case
PL82,Pomorskie,quantile,0.65,4172,2022-03-05,2022-02-28,1 wk ahead inc case
PL82,Pomorskie,quantile,0.7,4252,2022-03-05,2022-02-28,1 wk ahead inc case
PL82,Pomorskie,quantile,0.75,4331,2022-03-05,2022-02-28,1 wk ahead inc case
PL82,Pomorskie,quantile,0.8,4428,2022-03-05,2022-02-28,1 wk ahead inc case
PL82,Pomorskie,quantile,0.85,4554,2022-03-05,2022-02-28,1 wk ahead inc case
PL82,Pomorskie,quantile,0.9,4685,2022-03-05,2022-02-28,1 wk ahead inc case
PL82,Pomorskie,quantile,0.95,4823,2022-03-05,2022-02-28,1 wk ahead inc case
PL82,Pomorskie,quantile,0.975,4937,2022-03-05,2022-02-28,1 wk ahead inc case
PL82,Pomorskie,quantile,0.99,4983,2022-03-05,2022-02-28,1 wk ahead inc case
PL82,Pomorskie,point,,378164,2022-03-12,2022-02-28,2 wk ahead cum case
PL82,Pomorskie,quantile,0.01,376501,2022-03-12,2022-02-28,2 wk ahead cum case
PL82,Pomorskie,quantile,0.025,376566,2022-03-12,2022-02-28,2 wk ahead cum case
PL82,Pomorskie,quantile,0.05,376662,2022-03-12,2022-02-28,2 wk ahead cum case
PL82,Pomorskie,quantile,0.1,376839,2022-03-12,2022-02-28,2 wk ahead cum case
PL82,Pomorskie,quantile,0.15,377036,2022-03-12,2022-02-28,2 wk ahead cum case
PL82,Pomorskie,quantile,0.2,377214,2022-03-12,2022-02-28,2 wk ahead cum case
PL82,Pomorskie,quantile,0.25,377370,2022-03-12,2022-02-28,2 wk ahead cum case
PL82,Pomorskie,quantile,0.3,377523,2022-03-12,2022-02-28,2 wk ahead cum case
PL82,Pomorskie,quantile,0.35,377673,2022-03-12,2022-02-28,2 wk ahead cum case
PL82,Pomorskie,quantile,0.4,377836,2022-03-12,2022-02-28,2 wk ahead cum case
PL82,Pomorskie,quantile,0.45,377990,2022-03-12,2022-02-28,2 wk ahead cum case
PL82,Pomorskie,quantile,0.5,378164,2022-03-12,2022-02-28,2 wk ahead cum case
PL82,Pomorskie,quantile,0.55,378345,2022-03-12,2022-02-28,2 wk ahead cum case
PL82,Pomorskie,quantile,0.6,378528,2022-03-12,2022-02-28,2 wk ahead cum case
PL82,Pomorskie,quantile,0.65,378725,2022-03-12,2022-02-28,2 wk ahead cum case
PL82,Pomorskie,quantile,0.7,378953,2022-03-12,2022-02-28,2 wk ahead cum case
PL82,Pomorskie,quantile,0.75,379182,2022-03-12,2022-02-28,2 wk ahead cum case
PL82,Pomorskie,quantile,0.8,379455,2022-03-12,2022-02-28,2 wk ahead cum case
PL82,Pomorskie,quantile,0.85,379756,2022-03-12,2022-02-28,2 wk ahead cum case
PL82,Pomorskie,quantile,0.9,380176,2022-03-12,2022-02-28,2 wk ahead cum case
PL82,Pomorskie,quantile,0.95,380656,2022-03-12,2022-02-28,2 wk ahead cum case
PL82,Pomorskie,quantile,0.975,380984,2022-03-12,2022-02-28,2 wk ahead cum case
PL82,Pomorskie,quantile,0.99,381189,2022-03-12,2022-02-28,2 wk ahead cum case
PL82,Pomorskie,point,,2151,2022-03-12,2022-02-28,2 wk ahead inc case
PL82,Pomorskie,quantile,0.01,1221,2022-03-12,2022-02-28,2 wk ahead inc case
PL82,Pomorskie,quantile,0.025,1256,2022-03-12,2022-02-28,2 wk ahead inc case
PL82,Pomorskie,quantile,0.05,1302,2022-03-12,2022-02-28,2 wk ahead inc case
PL82,Pomorskie,quantile,0.1,1392,2022-03-12,2022-02-28,2 wk ahead inc case
PL82,Pomorskie,quantile,0.15,1492,2022-03-12,2022-02-28,2 wk ahead inc case
PL82,Pomorskie,quantile,0.2,1586,2022-03-12,2022-02-28,2 wk ahead inc case
PL82,Pomorskie,quantile,0.25,1675,2022-03-12,2022-02-28,2 wk ahead inc case
PL82,Pomorskie,quantile,0.3,1768,2022-03-12,2022-02-28,2 wk ahead inc case
PL82,Pomorskie,quantile,0.35,1861,2022-03-12,2022-02-28,2 wk ahead inc case
PL82,Pomorskie,quantile,0.4,1957,2022-03-12,2022-02-28,2 wk ahead inc case
PL82,Pomorskie,quantile,0.45,2052,2022-03-12,2022-02-28,2 wk ahead inc case
PL82,Pomorskie,quantile,0.5,2151,2022-03-12,2022-02-28,2 wk ahead inc case
PL82,Pomorskie,quantile,0.55,2256,2022-03-12,2022-02-28,2 wk ahead inc case
PL82,Pomorskie,quantile,0.6,2363,2022-03-12,2022-02-28,2 wk ahead inc case
PL82,Pomorskie,quantile,0.65,2499,2022-03-12,2022-02-28,2 wk ahead inc case
PL82,Pomorskie,quantile,0.7,2647,2022-03-12,2022-02-28,2 wk ahead inc case
PL82,Pomorskie,quantile,0.75,2797,2022-03-12,2022-02-28,2 wk ahead inc case
PL82,Pomorskie,quantile,0.8,2973,2022-03-12,2022-02-28,2 wk ahead inc case
PL82,Pomorskie,quantile,0.85,3148,2022-03-12,2022-02-28,2 wk ahead inc case
PL82,Pomorskie,quantile,0.9,3437,2022-03-12,2022-02-28,2 wk ahead inc case
PL82,Pomorskie,quantile,0.95,3779,2022-03-12,2022-02-28,2 wk ahead inc case
PL82,Pomorskie,quantile,0.975,3993,2022-03-12,2022-02-28,2 wk ahead inc case
PL82,Pomorskie,quantile,0.99,4152,2022-03-12,2022-02-28,2 wk ahead inc case
PL82,Pomorskie,point,,379288,2022-03-19,2022-02-28,3 wk ahead cum case
PL82,Pomorskie,quantile,0.01,376886,2022-03-19,2022-02-28,3 wk ahead cum case
PL82,Pomorskie,quantile,0.025,376979,2022-03-19,2022-02-28,3 wk ahead cum case
PL82,Pomorskie,quantile,0.05,377104,2022-03-19,2022-02-28,3 wk ahead cum case
PL82,Pomorskie,quantile,0.1,377336,2022-03-19,2022-02-28,3 wk ahead cum case
PL82,Pomorskie,quantile,0.15,377605,2022-03-19,2022-02-28,3 wk ahead cum case
PL82,Pomorskie,quantile,0.2,377844,2022-03-19,2022-02-28,3 wk ahead cum case
PL82,Pomorskie,quantile,0.25,378076,2022-03-19,2022-02-28,3 wk ahead cum case
PL82,Pomorskie,quantile,0.3,378299,2022-03-19,2022-02-28,3 wk ahead cum case
PL82,Pomorskie,quantile,0.35,378544,2022-03-19,2022-02-28,3 wk ahead cum case
PL82,Pomorskie,quantile,0.4,378795,2022-03-19,2022-02-28,3 wk ahead cum case
PL82,Pomorskie,quantile,0.45,379038,2022-03-19,2022-02-28,3 wk ahead cum case
PL82,Pomorskie,quantile,0.5,379288,2022-03-19,2022-02-28,3 wk ahead cum case
PL82,Pomorskie,quantile,0.55,379587,2022-03-19,2022-02-28,3 wk ahead cum case
PL82,Pomorskie,quantile,0.6,379875,2022-03-19,2022-02-28,3 wk ahead cum case
PL82,Pomorskie,quantile,0.65,380221,2022-03-19,2022-02-28,3 wk ahead cum case
PL82,Pomorskie,quantile,0.7,380603,2022-03-19,2022-02-28,3 wk ahead cum case
PL82,Pomorskie,quantile,0.75,381013,2022-03-19,2022-02-28,3 wk ahead cum case
PL82,Pomorskie,quantile,0.8,381503,2022-03-19,2022-02-28,3 wk ahead cum case
PL82,Pomorskie,quantile,0.85,382048,2022-03-19,2022-02-28,3 wk ahead cum case
PL82,Pomorskie,quantile,0.9,382823,2022-03-19,2022-02-28,3 wk ahead cum case
PL82,Pomorskie,quantile,0.95,383738,2022-03-19,2022-02-28,3 wk ahead cum case
PL82,Pomorskie,quantile,0.975,384512,2022-03-19,2022-02-28,3 wk ahead cum case
PL82,Pomorskie,quantile,0.99,384971,2022-03-19,2022-02-28,3 wk ahead cum case
PL82,Pomorskie,point,,1124,2022-03-19,2022-02-28,3 wk ahead inc case
PL82,Pomorskie,quantile,0.01,385,2022-03-19,2022-02-28,3 wk ahead inc case
PL82,Pomorskie,quantile,0.025,413,2022-03-19,2022-02-28,3 wk ahead inc case
PL82,Pomorskie,quantile,0.05,442,2022-03-19,2022-02-28,3 wk ahead inc case
PL82,Pomorskie,quantile,0.1,497,2022-03-19,2022-02-28,3 wk ahead inc case
PL82,Pomorskie,quantile,0.15,569,2022-03-19,2022-02-28,3 wk ahead inc case
PL82,Pomorskie,quantile,0.2,630,2022-03-19,2022-02-28,3 wk ahead inc case
PL82,Pomorskie,quantile,0.25,706,2022-03-19,2022-02-28,3 wk ahead inc case
PL82,Pomorskie,quantile,0.3,776,2022-03-19,2022-02-28,3 wk ahead inc case
PL82,Pomorskie,quantile,0.35,871,2022-03-19,2022-02-28,3 wk ahead inc case
PL82,Pomorskie,quantile,0.4,959,2022-03-19,2022-02-28,3 wk ahead inc case
PL82,Pomorskie,quantile,0.45,1048,2022-03-19,2022-02-28,3 wk ahead inc case
PL82,Pomorskie,quantile,0.5,1124,2022-03-19,2022-02-28,3 wk ahead inc case
PL82,Pomorskie,quantile,0.55,1242,2022-03-19,2022-02-28,3 wk ahead inc case
PL82,Pomorskie,quantile,0.6,1347,2022-03-19,2022-02-28,3 wk ahead inc case
PL82,Pomorskie,quantile,0.65,1496,2022-03-19,2022-02-28,3 wk ahead inc case
PL82,Pomorskie,quantile,0.7,1650,2022-03-19,2022-02-28,3 wk ahead inc case
PL82,Pomorskie,quantile,0.75,1831,2022-03-19,2022-02-28,3 wk ahead inc case
PL82,Pomorskie,quantile,0.8,2048,2022-03-19,2022-02-28,3 wk ahead inc case
PL82,Pomorskie,quantile,0.85,2292,2022-03-19,2022-02-28,3 wk ahead inc case
PL82,Pomorskie,quantile,0.9,2647,2022-03-19,2022-02-28,3 wk ahead inc case
PL82,Pomorskie,quantile,0.95,3082,2022-03-19,2022-02-28,3 wk ahead inc case
PL82,Pomorskie,quantile,0.975,3528,2022-03-19,2022-02-28,3 wk ahead inc case
PL82,Pomorskie,quantile,0.99,3782,2022-03-19,2022-02-28,3 wk ahead inc case
PL82,Pomorskie,point,,379878,2022-03-26,2022-02-28,4 wk ahead cum case
PL82,Pomorskie,quantile,0.01,377001,2022-03-26,2022-02-28,4 wk ahead cum case
PL82,Pomorskie,quantile,0.025,377108,2022-03-26,2022-02-28,4 wk ahead cum case
PL82,Pomorskie,quantile,0.05,377254,2022-03-26,2022-02-28,4 wk ahead cum case
PL82,Pomorskie,quantile,0.1,377516,2022-03-26,2022-02-28,4 wk ahead cum case
PL82,Pomorskie,quantile,0.15,377819,2022-03-26,2022-02-28,4 wk ahead cum case
PL82,Pomorskie,quantile,0.2,378096,2022-03-26,2022-02-28,4 wk ahead cum case
PL82,Pomorskie,quantile,0.25,378366,2022-03-26,2022-02-28,4 wk ahead cum case
PL82,Pomorskie,quantile,0.3,378642,2022-03-26,2022-02-28,4 wk ahead cum case
PL82,Pomorskie,quantile,0.35,378943,2022-03-26,2022-02-28,4 wk ahead cum case
PL82,Pomorskie,quantile,0.4,379258,2022-03-26,2022-02-28,4 wk ahead cum case
PL82,Pomorskie,quantile,0.45,379560,2022-03-26,2022-02-28,4 wk ahead cum case
PL82,Pomorskie,quantile,0.5,379878,2022-03-26,2022-02-28,4 wk ahead cum case
PL82,Pomorskie,quantile,0.55,380254,2022-03-26,2022-02-28,4 wk ahead cum case
PL82,Pomorskie,quantile,0.6,380644,2022-03-26,2022-02-28,4 wk ahead cum case
PL82,Pomorskie,quantile,0.65,381109,2022-03-26,2022-02-28,4 wk ahead cum case
PL82,Pomorskie,quantile,0.7,381633,2022-03-26,2022-02-28,4 wk ahead cum case
PL82,Pomorskie,quantile,0.75,382222,2022-03-26,2022-02-28,4 wk ahead cum case
PL82,Pomorskie,quantile,0.8,382896,2022-03-26,2022-02-28,4 wk ahead cum case
PL82,Pomorskie,quantile,0.85,383725,2022-03-26,2022-02-28,4 wk ahead cum case
PL82,Pomorskie,quantile,0.9,384839,2022-03-26,2022-02-28,4 wk ahead cum case
PL82,Pomorskie,quantile,0.95,386308,2022-03-26,2022-02-28,4 wk ahead cum case
PL82,Pomorskie,quantile,0.975,387498,2022-03-26,2022-02-28,4 wk ahead cum case
PL82,Pomorskie,quantile,0.99,388218,2022-03-26,2022-02-28,4 wk ahead cum case
PL82,Pomorskie,point,,590,2022-03-26,2022-02-28,4 wk ahead inc case
PL82,Pomorskie,quantile,0.01,115,2022-03-26,2022-02-28,4 wk ahead inc case
PL82,Pomorskie,quantile,0.025,129,2022-03-26,2022-02-28,4 wk ahead inc case
PL82,Pomorskie,quantile,0.05,150,2022-03-26,2022-02-28,4 wk ahead inc case
PL82,Pomorskie,quantile,0.1,180,2022-03-26,2022-02-28,4 wk ahead inc case
PL82,Pomorskie,quantile,0.15,214,2022-03-26,2022-02-28,4 wk ahead inc case
PL82,Pomorskie,quantile,0.2,252,2022-03-26,2022-02-28,4 wk ahead inc case
PL82,Pomorskie,quantile,0.25,290,2022-03-26,2022-02-28,4 wk ahead inc case
PL82,Pomorskie,quantile,0.3,343,2022-03-26,2022-02-28,4 wk ahead inc case
PL82,Pomorskie,quantile,0.35,399,2022-03-26,2022-02-28,4 wk ahead inc case
PL82,Pomorskie,quantile,0.4,463,2022-03-26,2022-02-28,4 wk ahead inc case
PL82,Pomorskie,quantile,0.45,522,2022-03-26,2022-02-28,4 wk ahead inc case
PL82,Pomorskie,quantile,0.5,590,2022-03-26,2022-02-28,4 wk ahead inc case
PL82,Pomorskie,quantile,0.55,667,2022-03-26,2022-02-28,4 wk ahead inc case
PL82,Pomorskie,quantile,0.6,769,2022-03-26,2022-02-28,4 wk ahead inc case
PL82,Pomorskie,quantile,0.65,888,2022-03-26,2022-02-28,4 wk ahead inc case
PL82,Pomorskie,quantile,0.7,1030,2022-03-26,2022-02-28,4 wk ahead inc case
PL82,Pomorskie,quantile,0.75,1209,2022-03-26,2022-02-28,4 wk ahead inc case
PL82,Pomorskie,quantile,0.8,1393,2022-03-26,2022-02-28,4 wk ahead inc case
PL82,Pomorskie,quantile,0.85,1677,2022-03-26,2022-02-28,4 wk ahead inc case
PL82,Pomorskie,quantile,0.9,2016,2022-03-26,2022-02-28,4 wk ahead inc case
PL82,Pomorskie,quantile,0.95,2570,2022-03-26,2022-02-28,4 wk ahead inc case
PL82,Pomorskie,quantile,0.975,2986,2022-03-26,2022-02-28,4 wk ahead inc case
PL82,Pomorskie,quantile,0.99,3247,2022-03-26,2022-02-28,4 wk ahead inc case
PL83,Śląskie,point,,694917,2022-03-05,2022-02-28,1 wk ahead cum case
PL83,Śląskie,quantile,0.01,694033,2022-03-05,2022-02-28,1 wk ahead cum case
PL83,Śląskie,quantile,0.025,694071,2022-03-05,2022-02-28,1 wk ahead cum case
PL83,Śląskie,quantile,0.05,694132,2022-03-05,2022-02-28,1 wk ahead cum case
PL83,Śląskie,quantile,0.1,694249,2022-03-05,2022-02-28,1 wk ahead cum case
PL83,Śląskie,quantile,0.15,694353,2022-03-05,2022-02-28,1 wk ahead cum case
PL83,Śląskie,quantile,0.2,694438,2022-03-05,2022-02-28,1 wk ahead cum case
PL83,Śląskie,quantile,0.25,694510,2022-03-05,2022-02-28,1 wk ahead cum case
PL83,Śląskie,quantile,0.3,694596,2022-03-05,2022-02-28,1 wk ahead cum case
PL83,Śląskie,quantile,0.35,694680,2022-03-05,2022-02-28,1 wk ahead cum case
PL83,Śląskie,quantile,0.4,694756,2022-03-05,2022-02-28,1 wk ahead cum case
PL83,Śląskie,quantile,0.45,694836,2022-03-05,2022-02-28,1 wk ahead cum case
PL83,Śląskie,quantile,0.5,694917,2022-03-05,2022-02-28,1 wk ahead cum case
PL83,Śląskie,quantile,0.55,695003,2022-03-05,2022-02-28,1 wk ahead cum case
PL83,Śląskie,quantile,0.6,695114,2022-03-05,2022-02-28,1 wk ahead cum case
PL83,Śląskie,quantile,0.65,695197,2022-03-05,2022-02-28,1 wk ahead cum case
PL83,Śląskie,quantile,0.7,695300,2022-03-05,2022-02-28,1 wk ahead cum case
PL83,Śląskie,quantile,0.75,695410,2022-03-05,2022-02-28,1 wk ahead cum case
PL83,Śląskie,quantile,0.8,695556,2022-03-05,2022-02-28,1 wk ahead cum case
PL83,Śląskie,quantile,0.85,695688,2022-03-05,2022-02-28,1 wk ahead cum case
PL83,Śląskie,quantile,0.9,695839,2022-03-05,2022-02-28,1 wk ahead cum case
PL83,Śląskie,quantile,0.95,696043,2022-03-05,2022-02-28,1 wk ahead cum case
PL83,Śląskie,quantile,0.975,696141,2022-03-05,2022-02-28,1 wk ahead cum case
PL83,Śląskie,quantile,0.99,696219,2022-03-05,2022-02-28,1 wk ahead cum case
PL83,Śląskie,point,,4817,2022-03-05,2022-02-28,1 wk ahead inc case
PL83,Śląskie,quantile,0.01,3933,2022-03-05,2022-02-28,1 wk ahead inc case
PL83,Śląskie,quantile,0.025,3971,2022-03-05,2022-02-28,1 wk ahead inc case
PL83,Śląskie,quantile,0.05,4032,2022-03-05,2022-02-28,1 wk ahead inc case
PL83,Śląskie,quantile,0.1,4149,2022-03-05,2022-02-28,1 wk ahead inc case
PL83,Śląskie,quantile,0.15,4253,2022-03-05,2022-02-28,1 wk ahead inc case
PL83,Śląskie,quantile,0.2,4338,2022-03-05,2022-02-28,1 wk ahead inc case
PL83,Śląskie,quantile,0.25,4410,2022-03-05,2022-02-28,1 wk ahead inc case
PL83,Śląskie,quantile,0.3,4496,2022-03-05,2022-02-28,1 wk ahead inc case
PL83,Śląskie,quantile,0.35,4580,2022-03-05,2022-02-28,1 wk ahead inc case
PL83,Śląskie,quantile,0.4,4656,2022-03-05,2022-02-28,1 wk ahead inc case
PL83,Śląskie,quantile,0.45,4736,2022-03-05,2022-02-28,1 wk ahead inc case
PL83,Śląskie,quantile,0.5,4817,2022-03-05,2022-02-28,1 wk ahead inc case
PL83,Śląskie,quantile,0.55,4903,2022-03-05,2022-02-28,1 wk ahead inc case
PL83,Śląskie,quantile,0.6,5014,2022-03-05,2022-02-28,1 wk ahead inc case
PL83,Śląskie,quantile,0.65,5097,2022-03-05,2022-02-28,1 wk ahead inc case
PL83,Śląskie,quantile,0.7,5200,2022-03-05,2022-02-28,1 wk ahead inc case
PL83,Śląskie,quantile,0.75,5310,2022-03-05,2022-02-28,1 wk ahead inc case
PL83,Śląskie,quantile,0.8,5456,2022-03-05,2022-02-28,1 wk ahead inc case
PL83,Śląskie,quantile,0.85,5588,2022-03-05,2022-02-28,1 wk ahead inc case
PL83,Śląskie,quantile,0.9,5739,2022-03-05,2022-02-28,1 wk ahead inc case
PL83,Śląskie,quantile,0.95,5943,2022-03-05,2022-02-28,1 wk ahead inc case
PL83,Śląskie,quantile,0.975,6041,2022-03-05,2022-02-28,1 wk ahead inc case
PL83,Śląskie,quantile,0.99,6119,2022-03-05,2022-02-28,1 wk ahead inc case
PL83,Śląskie,point,,697365,2022-03-12,2022-02-28,2 wk ahead cum case
PL83,Śląskie,quantile,0.01,695385,2022-03-12,2022-02-28,2 wk ahead cum case
PL83,Śląskie,quantile,0.025,695458,2022-03-12,2022-02-28,2 wk ahead cum case
PL83,Śląskie,quantile,0.05,695573,2022-03-12,2022-02-28,2 wk ahead cum case
PL83,Śląskie,quantile,0.1,695820,2022-03-12,2022-02-28,2 wk ahead cum case
PL83,Śląskie,quantile,0.15,696027,2022-03-12,2022-02-28,2 wk ahead cum case
PL83,Śląskie,quantile,0.2,696210,2022-03-12,2022-02-28,2 wk ahead cum case
PL83,Śląskie,quantile,0.25,696387,2022-03-12,2022-02-28,2 wk ahead cum case
PL83,Śląskie,quantile,0.3,696577,2022-03-12,2022-02-28,2 wk ahead cum case
PL83,Śląskie,quantile,0.35,696761,2022-03-12,2022-02-28,2 wk ahead cum case
PL83,Śląskie,quantile,0.4,696948,2022-03-12,2022-02-28,2 wk ahead cum case
PL83,Śląskie,quantile,0.45,697137,2022-03-12,2022-02-28,2 wk ahead cum case
PL83,Śląskie,quantile,0.5,697365,2022-03-12,2022-02-28,2 wk ahead cum case
PL83,Śląskie,quantile,0.55,697588,2022-03-12,2022-02-28,2 wk ahead cum case
PL83,Śląskie,quantile,0.6,697828,2022-03-12,2022-02-28,2 wk ahead cum case
PL83,Śląskie,quantile,0.65,698087,2022-03-12,2022-02-28,2 wk ahead cum case
PL83,Śląskie,quantile,0.7,698370,2022-03-12,2022-02-28,2 wk ahead cum case
PL83,Śląskie,quantile,0.75,698670,2022-03-12,2022-02-28,2 wk ahead cum case
PL83,Śląskie,quantile,0.8,699039,2022-03-12,2022-02-28,2 wk ahead cum case
PL83,Śląskie,quantile,0.85,699448,2022-03-12,2022-02-28,2 wk ahead cum case
PL83,Śląskie,quantile,0.9,7e+05,2022-03-12,2022-02-28,2 wk ahead cum case
PL83,Śląskie,quantile,0.95,700783,2022-03-12,2022-02-28,2 wk ahead cum case
PL83,Śląskie,quantile,0.975,701189,2022-03-12,2022-02-28,2 wk ahead cum case
PL83,Śląskie,quantile,0.99,701449,2022-03-12,2022-02-28,2 wk ahead cum case
PL83,Śląskie,point,,2448,2022-03-12,2022-02-28,2 wk ahead inc case
PL83,Śląskie,quantile,0.01,1352,2022-03-12,2022-02-28,2 wk ahead inc case
PL83,Śląskie,quantile,0.025,1387,2022-03-12,2022-02-28,2 wk ahead inc case
PL83,Śląskie,quantile,0.05,1441,2022-03-12,2022-02-28,2 wk ahead inc case
PL83,Śląskie,quantile,0.1,1571,2022-03-12,2022-02-28,2 wk ahead inc case
PL83,Śląskie,quantile,0.15,1674,2022-03-12,2022-02-28,2 wk ahead inc case
PL83,Śląskie,quantile,0.2,1772,2022-03-12,2022-02-28,2 wk ahead inc case
PL83,Śląskie,quantile,0.25,1877,2022-03-12,2022-02-28,2 wk ahead inc case
PL83,Śląskie,quantile,0.3,1981,2022-03-12,2022-02-28,2 wk ahead inc case
PL83,Śląskie,quantile,0.35,2081,2022-03-12,2022-02-28,2 wk ahead inc case
PL83,Śląskie,quantile,0.4,2192,2022-03-12,2022-02-28,2 wk ahead inc case
PL83,Śląskie,quantile,0.45,2301,2022-03-12,2022-02-28,2 wk ahead inc case
PL83,Śląskie,quantile,0.5,2448,2022-03-12,2022-02-28,2 wk ahead inc case
PL83,Śląskie,quantile,0.55,2585,2022-03-12,2022-02-28,2 wk ahead inc case
PL83,Śląskie,quantile,0.6,2714,2022-03-12,2022-02-28,2 wk ahead inc case
PL83,Śląskie,quantile,0.65,2890,2022-03-12,2022-02-28,2 wk ahead inc case
PL83,Śląskie,quantile,0.7,3070,2022-03-12,2022-02-28,2 wk ahead inc case
PL83,Śląskie,quantile,0.75,3260,2022-03-12,2022-02-28,2 wk ahead inc case
PL83,Śląskie,quantile,0.8,3483,2022-03-12,2022-02-28,2 wk ahead inc case
PL83,Śląskie,quantile,0.85,3760,2022-03-12,2022-02-28,2 wk ahead inc case
PL83,Śląskie,quantile,0.9,4161,2022-03-12,2022-02-28,2 wk ahead inc case
PL83,Śląskie,quantile,0.95,4740,2022-03-12,2022-02-28,2 wk ahead inc case
PL83,Śląskie,quantile,0.975,5048,2022-03-12,2022-02-28,2 wk ahead inc case
PL83,Śląskie,quantile,0.99,5230,2022-03-12,2022-02-28,2 wk ahead inc case
PL83,Śląskie,point,,698539,2022-03-19,2022-02-28,3 wk ahead cum case
PL83,Śląskie,quantile,0.01,695749,2022-03-19,2022-02-28,3 wk ahead cum case
PL83,Śląskie,quantile,0.025,695852,2022-03-19,2022-02-28,3 wk ahead cum case
PL83,Śląskie,quantile,0.05,695998,2022-03-19,2022-02-28,3 wk ahead cum case
PL83,Śląskie,quantile,0.1,696319,2022-03-19,2022-02-28,3 wk ahead cum case
PL83,Śląskie,quantile,0.15,696593,2022-03-19,2022-02-28,3 wk ahead cum case
PL83,Śląskie,quantile,0.2,696840,2022-03-19,2022-02-28,3 wk ahead cum case
PL83,Śląskie,quantile,0.25,697080,2022-03-19,2022-02-28,3 wk ahead cum case
PL83,Śląskie,quantile,0.3,697347,2022-03-19,2022-02-28,3 wk ahead cum case
PL83,Śląskie,quantile,0.35,697635,2022-03-19,2022-02-28,3 wk ahead cum case
PL83,Śląskie,quantile,0.4,697921,2022-03-19,2022-02-28,3 wk ahead cum case
PL83,Śląskie,quantile,0.45,698196,2022-03-19,2022-02-28,3 wk ahead cum case
PL83,Śląskie,quantile,0.5,698539,2022-03-19,2022-02-28,3 wk ahead cum case
PL83,Śląskie,quantile,0.55,698896,2022-03-19,2022-02-28,3 wk ahead cum case
PL83,Śląskie,quantile,0.6,699264,2022-03-19,2022-02-28,3 wk ahead cum case
PL83,Śląskie,quantile,0.65,699693,2022-03-19,2022-02-28,3 wk ahead cum case
PL83,Śląskie,quantile,0.7,700159,2022-03-19,2022-02-28,3 wk ahead cum case
PL83,Śląskie,quantile,0.75,700673,2022-03-19,2022-02-28,3 wk ahead cum case
PL83,Śląskie,quantile,0.8,701288,2022-03-19,2022-02-28,3 wk ahead cum case
PL83,Śląskie,quantile,0.85,702060,2022-03-19,2022-02-28,3 wk ahead cum case
PL83,Śląskie,quantile,0.9,703120,2022-03-19,2022-02-28,3 wk ahead cum case
PL83,Śląskie,quantile,0.95,704491,2022-03-19,2022-02-28,3 wk ahead cum case
PL83,Śląskie,quantile,0.975,705531,2022-03-19,2022-02-28,3 wk ahead cum case
PL83,Śląskie,quantile,0.99,706218,2022-03-19,2022-02-28,3 wk ahead cum case
PL83,Śląskie,point,,1174,2022-03-19,2022-02-28,3 wk ahead inc case
PL83,Śląskie,quantile,0.01,364,2022-03-19,2022-02-28,3 wk ahead inc case
PL83,Śląskie,quantile,0.025,394,2022-03-19,2022-02-28,3 wk ahead inc case
PL83,Śląskie,quantile,0.05,425,2022-03-19,2022-02-28,3 wk ahead inc case
PL83,Śląskie,quantile,0.1,499,2022-03-19,2022-02-28,3 wk ahead inc case
PL83,Śląskie,quantile,0.15,566,2022-03-19,2022-02-28,3 wk ahead inc case
PL83,Śląskie,quantile,0.2,630,2022-03-19,2022-02-28,3 wk ahead inc case
PL83,Śląskie,quantile,0.25,693,2022-03-19,2022-02-28,3 wk ahead inc case
PL83,Śląskie,quantile,0.3,770,2022-03-19,2022-02-28,3 wk ahead inc case
PL83,Śląskie,quantile,0.35,874,2022-03-19,2022-02-28,3 wk ahead inc case
PL83,Śląskie,quantile,0.4,973,2022-03-19,2022-02-28,3 wk ahead inc case
PL83,Śląskie,quantile,0.45,1059,2022-03-19,2022-02-28,3 wk ahead inc case
PL83,Śląskie,quantile,0.5,1174,2022-03-19,2022-02-28,3 wk ahead inc case
PL83,Śląskie,quantile,0.55,1308,2022-03-19,2022-02-28,3 wk ahead inc case
PL83,Śląskie,quantile,0.6,1436,2022-03-19,2022-02-28,3 wk ahead inc case
PL83,Śląskie,quantile,0.65,1606,2022-03-19,2022-02-28,3 wk ahead inc case
PL83,Śląskie,quantile,0.7,1789,2022-03-19,2022-02-28,3 wk ahead inc case
PL83,Śląskie,quantile,0.75,2003,2022-03-19,2022-02-28,3 wk ahead inc case
PL83,Śląskie,quantile,0.8,2249,2022-03-19,2022-02-28,3 wk ahead inc case
PL83,Śląskie,quantile,0.85,2612,2022-03-19,2022-02-28,3 wk ahead inc case
PL83,Śląskie,quantile,0.9,3120,2022-03-19,2022-02-28,3 wk ahead inc case
PL83,Śląskie,quantile,0.95,3708,2022-03-19,2022-02-28,3 wk ahead inc case
PL83,Śląskie,quantile,0.975,4342,2022-03-19,2022-02-28,3 wk ahead inc case
PL83,Śląskie,quantile,0.99,4769,2022-03-19,2022-02-28,3 wk ahead inc case
PL83,Śląskie,point,,699100,2022-03-26,2022-02-28,4 wk ahead cum case
PL83,Śląskie,quantile,0.01,695846,2022-03-26,2022-02-28,4 wk ahead cum case
PL83,Śląskie,quantile,0.025,695958,2022-03-26,2022-02-28,4 wk ahead cum case
PL83,Śląskie,quantile,0.05,696116,2022-03-26,2022-02-28,4 wk ahead cum case
PL83,Śląskie,quantile,0.1,696470,2022-03-26,2022-02-28,4 wk ahead cum case
PL83,Śląskie,quantile,0.15,696775,2022-03-26,2022-02-28,4 wk ahead cum case
PL83,Śląskie,quantile,0.2,697052,2022-03-26,2022-02-28,4 wk ahead cum case
PL83,Śląskie,quantile,0.25,697334,2022-03-26,2022-02-28,4 wk ahead cum case
PL83,Śląskie,quantile,0.3,697644,2022-03-26,2022-02-28,4 wk ahead cum case
PL83,Śląskie,quantile,0.35,697989,2022-03-26,2022-02-28,4 wk ahead cum case
PL83,Śląskie,quantile,0.4,698333,2022-03-26,2022-02-28,4 wk ahead cum case
PL83,Śląskie,quantile,0.45,698674,2022-03-26,2022-02-28,4 wk ahead cum case
PL83,Śląskie,quantile,0.5,699100,2022-03-26,2022-02-28,4 wk ahead cum case
PL83,Śląskie,quantile,0.55,699549,2022-03-26,2022-02-28,4 wk ahead cum case
PL83,Śląskie,quantile,0.6,700006,2022-03-26,2022-02-28,4 wk ahead cum case
PL83,Śląskie,quantile,0.65,700565,2022-03-26,2022-02-28,4 wk ahead cum case
PL83,Śląskie,quantile,0.7,701195,2022-03-26,2022-02-28,4 wk ahead cum case
PL83,Śląskie,quantile,0.75,701885,2022-03-26,2022-02-28,4 wk ahead cum case
PL83,Śląskie,quantile,0.8,702729,2022-03-26,2022-02-28,4 wk ahead cum case
PL83,Śląskie,quantile,0.85,703843,2022-03-26,2022-02-28,4 wk ahead cum case
PL83,Śląskie,quantile,0.9,705479,2022-03-26,2022-02-28,4 wk ahead cum case
PL83,Śląskie,quantile,0.95,707614,2022-03-26,2022-02-28,4 wk ahead cum case
PL83,Śląskie,quantile,0.975,709378,2022-03-26,2022-02-28,4 wk ahead cum case
PL83,Śląskie,quantile,0.99,710598,2022-03-26,2022-02-28,4 wk ahead cum case
PL83,Śląskie,point,,561,2022-03-26,2022-02-28,4 wk ahead inc case
PL83,Śląskie,quantile,0.01,97,2022-03-26,2022-02-28,4 wk ahead inc case
PL83,Śląskie,quantile,0.025,106,2022-03-26,2022-02-28,4 wk ahead inc case
PL83,Śląskie,quantile,0.05,118,2022-03-26,2022-02-28,4 wk ahead inc case
PL83,Śląskie,quantile,0.1,151,2022-03-26,2022-02-28,4 wk ahead inc case
PL83,Śląskie,quantile,0.15,182,2022-03-26,2022-02-28,4 wk ahead inc case
PL83,Śląskie,quantile,0.2,212,2022-03-26,2022-02-28,4 wk ahead inc case
PL83,Śląskie,quantile,0.25,254,2022-03-26,2022-02-28,4 wk ahead inc case
PL83,Śląskie,quantile,0.3,297,2022-03-26,2022-02-28,4 wk ahead inc case
PL83,Śląskie,quantile,0.35,354,2022-03-26,2022-02-28,4 wk ahead inc case
PL83,Śląskie,quantile,0.4,412,2022-03-26,2022-02-28,4 wk ahead inc case
PL83,Śląskie,quantile,0.45,478,2022-03-26,2022-02-28,4 wk ahead inc case
PL83,Śląskie,quantile,0.5,561,2022-03-26,2022-02-28,4 wk ahead inc case
PL83,Śląskie,quantile,0.55,653,2022-03-26,2022-02-28,4 wk ahead inc case
PL83,Śląskie,quantile,0.6,742,2022-03-26,2022-02-28,4 wk ahead inc case
PL83,Śląskie,quantile,0.65,872.000000000001,2022-03-26,2022-02-28,4 wk ahead inc case
PL83,Śląskie,quantile,0.7,1036,2022-03-26,2022-02-28,4 wk ahead inc case
PL83,Śląskie,quantile,0.75,1212,2022-03-26,2022-02-28,4 wk ahead inc case
PL83,Śląskie,quantile,0.8,1441,2022-03-26,2022-02-28,4 wk ahead inc case
PL83,Śląskie,quantile,0.85,1783,2022-03-26,2022-02-28,4 wk ahead inc case
PL83,Śląskie,quantile,0.9,2359,2022-03-26,2022-02-28,4 wk ahead inc case
PL83,Śląskie,quantile,0.95,3123,2022-03-26,2022-02-28,4 wk ahead inc case
PL83,Śląskie,quantile,0.975,3847,2022-03-26,2022-02-28,4 wk ahead inc case
PL83,Śląskie,quantile,0.99,4380,2022-03-26,2022-02-28,4 wk ahead inc case
PL84,Świętokrzyskie,point,,137296,2022-03-05,2022-02-28,1 wk ahead cum case
PL84,Świętokrzyskie,quantile,0.01,137005,2022-03-05,2022-02-28,1 wk ahead cum case
PL84,Świętokrzyskie,quantile,0.025,137019,2022-03-05,2022-02-28,1 wk ahead cum case
PL84,Świętokrzyskie,quantile,0.05,137041,2022-03-05,2022-02-28,1 wk ahead cum case
PL84,Świętokrzyskie,quantile,0.1,137077,2022-03-05,2022-02-28,1 wk ahead cum case
PL84,Świętokrzyskie,quantile,0.15,137118,2022-03-05,2022-02-28,1 wk ahead cum case
PL84,Świętokrzyskie,quantile,0.2,137151,2022-03-05,2022-02-28,1 wk ahead cum case
PL84,Świętokrzyskie,quantile,0.25,137178,2022-03-05,2022-02-28,1 wk ahead cum case
PL84,Świętokrzyskie,quantile,0.3,137201,2022-03-05,2022-02-28,1 wk ahead cum case
PL84,Świętokrzyskie,quantile,0.35,137226,2022-03-05,2022-02-28,1 wk ahead cum case
PL84,Świętokrzyskie,quantile,0.4,137245,2022-03-05,2022-02-28,1 wk ahead cum case
PL84,Świętokrzyskie,quantile,0.45,137275,2022-03-05,2022-02-28,1 wk ahead cum case
PL84,Świętokrzyskie,quantile,0.5,137296,2022-03-05,2022-02-28,1 wk ahead cum case
PL84,Świętokrzyskie,quantile,0.55,137321,2022-03-05,2022-02-28,1 wk ahead cum case
PL84,Świętokrzyskie,quantile,0.6,137346,2022-03-05,2022-02-28,1 wk ahead cum case
PL84,Świętokrzyskie,quantile,0.65,137371,2022-03-05,2022-02-28,1 wk ahead cum case
PL84,Świętokrzyskie,quantile,0.7,137399,2022-03-05,2022-02-28,1 wk ahead cum case
PL84,Świętokrzyskie,quantile,0.75,137428,2022-03-05,2022-02-28,1 wk ahead cum case
PL84,Świętokrzyskie,quantile,0.8,137463,2022-03-05,2022-02-28,1 wk ahead cum case
PL84,Świętokrzyskie,quantile,0.85,137508,2022-03-05,2022-02-28,1 wk ahead cum case
PL84,Świętokrzyskie,quantile,0.9,137548,2022-03-05,2022-02-28,1 wk ahead cum case
PL84,Świętokrzyskie,quantile,0.95,137593,2022-03-05,2022-02-28,1 wk ahead cum case
PL84,Świętokrzyskie,quantile,0.975,137629,2022-03-05,2022-02-28,1 wk ahead cum case
PL84,Świętokrzyskie,quantile,0.99,137644,2022-03-05,2022-02-28,1 wk ahead cum case
PL84,Świętokrzyskie,point,,1961,2022-03-05,2022-02-28,1 wk ahead inc case
PL84,Świętokrzyskie,quantile,0.01,1670,2022-03-05,2022-02-28,1 wk ahead inc case
PL84,Świętokrzyskie,quantile,0.025,1684,2022-03-05,2022-02-28,1 wk ahead inc case
PL84,Świętokrzyskie,quantile,0.05,1706,2022-03-05,2022-02-28,1 wk ahead inc case
PL84,Świętokrzyskie,quantile,0.1,1742,2022-03-05,2022-02-28,1 wk ahead inc case
PL84,Świętokrzyskie,quantile,0.15,1783,2022-03-05,2022-02-28,1 wk ahead inc case
PL84,Świętokrzyskie,quantile,0.2,1816,2022-03-05,2022-02-28,1 wk ahead inc case
PL84,Świętokrzyskie,quantile,0.25,1843,2022-03-05,2022-02-28,1 wk ahead inc case
PL84,Świętokrzyskie,quantile,0.3,1866,2022-03-05,2022-02-28,1 wk ahead inc case
PL84,Świętokrzyskie,quantile,0.35,1891,2022-03-05,2022-02-28,1 wk ahead inc case
PL84,Świętokrzyskie,quantile,0.4,1910,2022-03-05,2022-02-28,1 wk ahead inc case
PL84,Świętokrzyskie,quantile,0.45,1940,2022-03-05,2022-02-28,1 wk ahead inc case
PL84,Świętokrzyskie,quantile,0.5,1961,2022-03-05,2022-02-28,1 wk ahead inc case
PL84,Świętokrzyskie,quantile,0.55,1986,2022-03-05,2022-02-28,1 wk ahead inc case
PL84,Świętokrzyskie,quantile,0.6,2011,2022-03-05,2022-02-28,1 wk ahead inc case
PL84,Świętokrzyskie,quantile,0.65,2036,2022-03-05,2022-02-28,1 wk ahead inc case
PL84,Świętokrzyskie,quantile,0.7,2064,2022-03-05,2022-02-28,1 wk ahead inc case
PL84,Świętokrzyskie,quantile,0.75,2093,2022-03-05,2022-02-28,1 wk ahead inc case
PL84,Świętokrzyskie,quantile,0.8,2128,2022-03-05,2022-02-28,1 wk ahead inc case
PL84,Świętokrzyskie,quantile,0.85,2173,2022-03-05,2022-02-28,1 wk ahead inc case
PL84,Świętokrzyskie,quantile,0.9,2213,2022-03-05,2022-02-28,1 wk ahead inc case
PL84,Świętokrzyskie,quantile,0.95,2258,2022-03-05,2022-02-28,1 wk ahead inc case
PL84,Świętokrzyskie,quantile,0.975,2294,2022-03-05,2022-02-28,1 wk ahead inc case
PL84,Świętokrzyskie,quantile,0.99,2309,2022-03-05,2022-02-28,1 wk ahead inc case
PL84,Świętokrzyskie,point,,138316,2022-03-12,2022-02-28,2 wk ahead cum case
PL84,Świętokrzyskie,quantile,0.01,137662,2022-03-12,2022-02-28,2 wk ahead cum case
PL84,Świętokrzyskie,quantile,0.025,137687,2022-03-12,2022-02-28,2 wk ahead cum case
PL84,Świętokrzyskie,quantile,0.05,137725,2022-03-12,2022-02-28,2 wk ahead cum case
PL84,Świętokrzyskie,quantile,0.1,137811,2022-03-12,2022-02-28,2 wk ahead cum case
PL84,Świętokrzyskie,quantile,0.15,137896,2022-03-12,2022-02-28,2 wk ahead cum case
PL84,Świętokrzyskie,quantile,0.2,137961,2022-03-12,2022-02-28,2 wk ahead cum case
PL84,Świętokrzyskie,quantile,0.25,138029,2022-03-12,2022-02-28,2 wk ahead cum case
PL84,Świętokrzyskie,quantile,0.3,138087,2022-03-12,2022-02-28,2 wk ahead cum case
PL84,Świętokrzyskie,quantile,0.35,138147,2022-03-12,2022-02-28,2 wk ahead cum case
PL84,Świętokrzyskie,quantile,0.4,138194,2022-03-12,2022-02-28,2 wk ahead cum case
PL84,Świętokrzyskie,quantile,0.45,138260,2022-03-12,2022-02-28,2 wk ahead cum case
PL84,Świętokrzyskie,quantile,0.5,138316,2022-03-12,2022-02-28,2 wk ahead cum case
PL84,Świętokrzyskie,quantile,0.55,138376,2022-03-12,2022-02-28,2 wk ahead cum case
PL84,Świętokrzyskie,quantile,0.6,138436,2022-03-12,2022-02-28,2 wk ahead cum case
PL84,Świętokrzyskie,quantile,0.65,138503,2022-03-12,2022-02-28,2 wk ahead cum case
PL84,Świętokrzyskie,quantile,0.7,138564,2022-03-12,2022-02-28,2 wk ahead cum case
PL84,Świętokrzyskie,quantile,0.75,138633,2022-03-12,2022-02-28,2 wk ahead cum case
PL84,Świętokrzyskie,quantile,0.8,138719,2022-03-12,2022-02-28,2 wk ahead cum case
PL84,Świętokrzyskie,quantile,0.85,138815,2022-03-12,2022-02-28,2 wk ahead cum case
PL84,Świętokrzyskie,quantile,0.9,138928,2022-03-12,2022-02-28,2 wk ahead cum case
PL84,Świętokrzyskie,quantile,0.95,139063,2022-03-12,2022-02-28,2 wk ahead cum case
PL84,Świętokrzyskie,quantile,0.975,139154,2022-03-12,2022-02-28,2 wk ahead cum case
PL84,Świętokrzyskie,quantile,0.99,139206,2022-03-12,2022-02-28,2 wk ahead cum case
PL84,Świętokrzyskie,point,,1020,2022-03-12,2022-02-28,2 wk ahead inc case
PL84,Świętokrzyskie,quantile,0.01,657,2022-03-12,2022-02-28,2 wk ahead inc case
PL84,Świętokrzyskie,quantile,0.025,668,2022-03-12,2022-02-28,2 wk ahead inc case
PL84,Świętokrzyskie,quantile,0.05,684,2022-03-12,2022-02-28,2 wk ahead inc case
PL84,Świętokrzyskie,quantile,0.1,734,2022-03-12,2022-02-28,2 wk ahead inc case
PL84,Świętokrzyskie,quantile,0.15,778,2022-03-12,2022-02-28,2 wk ahead inc case
PL84,Świętokrzyskie,quantile,0.2,810,2022-03-12,2022-02-28,2 wk ahead inc case
PL84,Świętokrzyskie,quantile,0.25,851,2022-03-12,2022-02-28,2 wk ahead inc case
PL84,Świętokrzyskie,quantile,0.3,886,2022-03-12,2022-02-28,2 wk ahead inc case
PL84,Świętokrzyskie,quantile,0.35,921,2022-03-12,2022-02-28,2 wk ahead inc case
PL84,Świętokrzyskie,quantile,0.4,949,2022-03-12,2022-02-28,2 wk ahead inc case
PL84,Świętokrzyskie,quantile,0.45,985,2022-03-12,2022-02-28,2 wk ahead inc case
PL84,Świętokrzyskie,quantile,0.5,1020,2022-03-12,2022-02-28,2 wk ahead inc case
PL84,Świętokrzyskie,quantile,0.55,1055,2022-03-12,2022-02-28,2 wk ahead inc case
PL84,Świętokrzyskie,quantile,0.6,1090,2022-03-12,2022-02-28,2 wk ahead inc case
PL84,Świętokrzyskie,quantile,0.65,1132,2022-03-12,2022-02-28,2 wk ahead inc case
PL84,Świętokrzyskie,quantile,0.7,1165,2022-03-12,2022-02-28,2 wk ahead inc case
PL84,Świętokrzyskie,quantile,0.75,1205,2022-03-12,2022-02-28,2 wk ahead inc case
PL84,Świętokrzyskie,quantile,0.8,1256,2022-03-12,2022-02-28,2 wk ahead inc case
PL84,Świętokrzyskie,quantile,0.85,1307,2022-03-12,2022-02-28,2 wk ahead inc case
PL84,Świętokrzyskie,quantile,0.9,1380,2022-03-12,2022-02-28,2 wk ahead inc case
PL84,Świętokrzyskie,quantile,0.95,1470,2022-03-12,2022-02-28,2 wk ahead inc case
PL84,Świętokrzyskie,quantile,0.975,1525,2022-03-12,2022-02-28,2 wk ahead inc case
PL84,Świętokrzyskie,quantile,0.99,1562,2022-03-12,2022-02-28,2 wk ahead inc case
PL84,Świętokrzyskie,point,,138831,2022-03-19,2022-02-28,3 wk ahead cum case
PL84,Świętokrzyskie,quantile,0.01,137887,2022-03-19,2022-02-28,3 wk ahead cum case
PL84,Świętokrzyskie,quantile,0.025,137924,2022-03-19,2022-02-28,3 wk ahead cum case
PL84,Świętokrzyskie,quantile,0.05,137977,2022-03-19,2022-02-28,3 wk ahead cum case
PL84,Świętokrzyskie,quantile,0.1,138093,2022-03-19,2022-02-28,3 wk ahead cum case
PL84,Świętokrzyskie,quantile,0.15,138205,2022-03-19,2022-02-28,3 wk ahead cum case
PL84,Świętokrzyskie,quantile,0.2,138300,2022-03-19,2022-02-28,3 wk ahead cum case
PL84,Świętokrzyskie,quantile,0.25,138395,2022-03-19,2022-02-28,3 wk ahead cum case
PL84,Świętokrzyskie,quantile,0.3,138481,2022-03-19,2022-02-28,3 wk ahead cum case
PL84,Świętokrzyskie,quantile,0.35,138565,2022-03-19,2022-02-28,3 wk ahead cum case
PL84,Świętokrzyskie,quantile,0.4,138644,2022-03-19,2022-02-28,3 wk ahead cum case
PL84,Świętokrzyskie,quantile,0.45,138742,2022-03-19,2022-02-28,3 wk ahead cum case
PL84,Świętokrzyskie,quantile,0.5,138831,2022-03-19,2022-02-28,3 wk ahead cum case
PL84,Świętokrzyskie,quantile,0.55,138923,2022-03-19,2022-02-28,3 wk ahead cum case
PL84,Świętokrzyskie,quantile,0.6,139017,2022-03-19,2022-02-28,3 wk ahead cum case
PL84,Świętokrzyskie,quantile,0.65,139115,2022-03-19,2022-02-28,3 wk ahead cum case
PL84,Świętokrzyskie,quantile,0.7,139215,2022-03-19,2022-02-28,3 wk ahead cum case
PL84,Świętokrzyskie,quantile,0.75,139330,2022-03-19,2022-02-28,3 wk ahead cum case
PL84,Świętokrzyskie,quantile,0.8,139459,2022-03-19,2022-02-28,3 wk ahead cum case
PL84,Świętokrzyskie,quantile,0.85,139611,2022-03-19,2022-02-28,3 wk ahead cum case
PL84,Świętokrzyskie,quantile,0.9,139783,2022-03-19,2022-02-28,3 wk ahead cum case
PL84,Świętokrzyskie,quantile,0.95,140026,2022-03-19,2022-02-28,3 wk ahead cum case
PL84,Świętokrzyskie,quantile,0.975,140190,2022-03-19,2022-02-28,3 wk ahead cum case
PL84,Świętokrzyskie,quantile,0.99,140286,2022-03-19,2022-02-28,3 wk ahead cum case
PL84,Świętokrzyskie,point,,515,2022-03-19,2022-02-28,3 wk ahead inc case
PL84,Świętokrzyskie,quantile,0.01,225,2022-03-19,2022-02-28,3 wk ahead inc case
PL84,Świętokrzyskie,quantile,0.025,237,2022-03-19,2022-02-28,3 wk ahead inc case
PL84,Świętokrzyskie,quantile,0.05,252,2022-03-19,2022-02-28,3 wk ahead inc case
PL84,Świętokrzyskie,quantile,0.1,282,2022-03-19,2022-02-28,3 wk ahead inc case
PL84,Świętokrzyskie,quantile,0.15,309,2022-03-19,2022-02-28,3 wk ahead inc case
PL84,Świętokrzyskie,quantile,0.2,339,2022-03-19,2022-02-28,3 wk ahead inc case
PL84,Świętokrzyskie,quantile,0.25,366,2022-03-19,2022-02-28,3 wk ahead inc case
PL84,Świętokrzyskie,quantile,0.3,394,2022-03-19,2022-02-28,3 wk ahead inc case
PL84,Świętokrzyskie,quantile,0.35,418,2022-03-19,2022-02-28,3 wk ahead inc case
PL84,Świętokrzyskie,quantile,0.4,450,2022-03-19,2022-02-28,3 wk ahead inc case
PL84,Świętokrzyskie,quantile,0.45,482,2022-03-19,2022-02-28,3 wk ahead inc case
PL84,Świętokrzyskie,quantile,0.5,515,2022-03-19,2022-02-28,3 wk ahead inc case
PL84,Świętokrzyskie,quantile,0.55,547,2022-03-19,2022-02-28,3 wk ahead inc case
PL84,Świętokrzyskie,quantile,0.6,581,2022-03-19,2022-02-28,3 wk ahead inc case
PL84,Świętokrzyskie,quantile,0.65,612,2022-03-19,2022-02-28,3 wk ahead inc case
PL84,Świętokrzyskie,quantile,0.7,651,2022-03-19,2022-02-28,3 wk ahead inc case
PL84,Świętokrzyskie,quantile,0.75,697,2022-03-19,2022-02-28,3 wk ahead inc case
PL84,Świętokrzyskie,quantile,0.8,740,2022-03-19,2022-02-28,3 wk ahead inc case
PL84,Świętokrzyskie,quantile,0.85,796,2022-03-19,2022-02-28,3 wk ahead inc case
PL84,Świętokrzyskie,quantile,0.9,855.000000000001,2022-03-19,2022-02-28,3 wk ahead inc case
PL84,Świętokrzyskie,quantile,0.95,963,2022-03-19,2022-02-28,3 wk ahead inc case
PL84,Świętokrzyskie,quantile,0.975,1036,2022-03-19,2022-02-28,3 wk ahead inc case
PL84,Świętokrzyskie,quantile,0.99,1080,2022-03-19,2022-02-28,3 wk ahead inc case
PL84,Świętokrzyskie,point,,139088,2022-03-26,2022-02-28,4 wk ahead cum case
PL84,Świętokrzyskie,quantile,0.01,137963,2022-03-26,2022-02-28,4 wk ahead cum case
PL84,Świętokrzyskie,quantile,0.025,138004,2022-03-26,2022-02-28,4 wk ahead cum case
PL84,Świętokrzyskie,quantile,0.05,138066,2022-03-26,2022-02-28,4 wk ahead cum case
PL84,Świętokrzyskie,quantile,0.1,138201,2022-03-26,2022-02-28,4 wk ahead cum case
PL84,Świętokrzyskie,quantile,0.15,138330,2022-03-26,2022-02-28,4 wk ahead cum case
PL84,Świętokrzyskie,quantile,0.2,138439,2022-03-26,2022-02-28,4 wk ahead cum case
PL84,Świętokrzyskie,quantile,0.25,138553,2022-03-26,2022-02-28,4 wk ahead cum case
PL84,Świętokrzyskie,quantile,0.3,138656,2022-03-26,2022-02-28,4 wk ahead cum case
PL84,Świętokrzyskie,quantile,0.35,138759,2022-03-26,2022-02-28,4 wk ahead cum case
PL84,Świętokrzyskie,quantile,0.4,138859,2022-03-26,2022-02-28,4 wk ahead cum case
PL84,Świętokrzyskie,quantile,0.45,138979,2022-03-26,2022-02-28,4 wk ahead cum case
PL84,Świętokrzyskie,quantile,0.5,139088,2022-03-26,2022-02-28,4 wk ahead cum case
PL84,Świętokrzyskie,quantile,0.55,139206,2022-03-26,2022-02-28,4 wk ahead cum case
PL84,Świętokrzyskie,quantile,0.6,139324,2022-03-26,2022-02-28,4 wk ahead cum case
PL84,Świętokrzyskie,quantile,0.65,139450,2022-03-26,2022-02-28,4 wk ahead cum case
PL84,Świętokrzyskie,quantile,0.7,139582,2022-03-26,2022-02-28,4 wk ahead cum case
PL84,Świętokrzyskie,quantile,0.75,139733,2022-03-26,2022-02-28,4 wk ahead cum case
PL84,Świętokrzyskie,quantile,0.8,139894,2022-03-26,2022-02-28,4 wk ahead cum case
PL84,Świętokrzyskie,quantile,0.85,140091,2022-03-26,2022-02-28,4 wk ahead cum case
PL84,Świętokrzyskie,quantile,0.9,140332,2022-03-26,2022-02-28,4 wk ahead cum case
PL84,Świętokrzyskie,quantile,0.95,140678,2022-03-26,2022-02-28,4 wk ahead cum case
PL84,Świętokrzyskie,quantile,0.975,140896,2022-03-26,2022-02-28,4 wk ahead cum case
PL84,Świętokrzyskie,quantile,0.99,141030,2022-03-26,2022-02-28,4 wk ahead cum case
PL84,Świętokrzyskie,point,,257,2022-03-26,2022-02-28,4 wk ahead inc case
PL84,Świętokrzyskie,quantile,0.01,76,2022-03-26,2022-02-28,4 wk ahead inc case
PL84,Świętokrzyskie,quantile,0.025,80,2022-03-26,2022-02-28,4 wk ahead inc case
PL84,Świętokrzyskie,quantile,0.05,89,2022-03-26,2022-02-28,4 wk ahead inc case
PL84,Świętokrzyskie,quantile,0.1,108,2022-03-26,2022-02-28,4 wk ahead inc case
PL84,Świętokrzyskie,quantile,0.15,125,2022-03-26,2022-02-28,4 wk ahead inc case
PL84,Świętokrzyskie,quantile,0.2,139,2022-03-26,2022-02-28,4 wk ahead inc case
PL84,Świętokrzyskie,quantile,0.25,158,2022-03-26,2022-02-28,4 wk ahead inc case
PL84,Świętokrzyskie,quantile,0.3,175,2022-03-26,2022-02-28,4 wk ahead inc case
PL84,Świętokrzyskie,quantile,0.35,194,2022-03-26,2022-02-28,4 wk ahead inc case
PL84,Świętokrzyskie,quantile,0.4,215,2022-03-26,2022-02-28,4 wk ahead inc case
PL84,Świętokrzyskie,quantile,0.45,237,2022-03-26,2022-02-28,4 wk ahead inc case
PL84,Świętokrzyskie,quantile,0.5,257,2022-03-26,2022-02-28,4 wk ahead inc case
PL84,Świętokrzyskie,quantile,0.55,283,2022-03-26,2022-02-28,4 wk ahead inc case
PL84,Świętokrzyskie,quantile,0.6,307,2022-03-26,2022-02-28,4 wk ahead inc case
PL84,Świętokrzyskie,quantile,0.65,335,2022-03-26,2022-02-28,4 wk ahead inc case
PL84,Świętokrzyskie,quantile,0.7,367,2022-03-26,2022-02-28,4 wk ahead inc case
PL84,Świętokrzyskie,quantile,0.75,403,2022-03-26,2022-02-28,4 wk ahead inc case
PL84,Świętokrzyskie,quantile,0.8,435,2022-03-26,2022-02-28,4 wk ahead inc case
PL84,Świętokrzyskie,quantile,0.85,480,2022-03-26,2022-02-28,4 wk ahead inc case
PL84,Świętokrzyskie,quantile,0.9,549.000000000001,2022-03-26,2022-02-28,4 wk ahead inc case
PL84,Świętokrzyskie,quantile,0.95,652,2022-03-26,2022-02-28,4 wk ahead inc case
PL84,Świętokrzyskie,quantile,0.975,706,2022-03-26,2022-02-28,4 wk ahead inc case
PL84,Świętokrzyskie,quantile,0.99,744,2022-03-26,2022-02-28,4 wk ahead inc case
PL85,Warmińsko-Mazurskie,point,,222204,2022-03-05,2022-02-28,1 wk ahead cum case
PL85,Warmińsko-Mazurskie,quantile,0.01,221499,2022-03-05,2022-02-28,1 wk ahead cum case
PL85,Warmińsko-Mazurskie,quantile,0.025,221522,2022-03-05,2022-02-28,1 wk ahead cum case
PL85,Warmińsko-Mazurskie,quantile,0.05,221570,2022-03-05,2022-02-28,1 wk ahead cum case
PL85,Warmińsko-Mazurskie,quantile,0.1,221651,2022-03-05,2022-02-28,1 wk ahead cum case
PL85,Warmińsko-Mazurskie,quantile,0.15,221731,2022-03-05,2022-02-28,1 wk ahead cum case
PL85,Warmińsko-Mazurskie,quantile,0.2,221799,2022-03-05,2022-02-28,1 wk ahead cum case
PL85,Warmińsko-Mazurskie,quantile,0.25,221874,2022-03-05,2022-02-28,1 wk ahead cum case
PL85,Warmińsko-Mazurskie,quantile,0.3,221942,2022-03-05,2022-02-28,1 wk ahead cum case
PL85,Warmińsko-Mazurskie,quantile,0.35,222006,2022-03-05,2022-02-28,1 wk ahead cum case
PL85,Warmińsko-Mazurskie,quantile,0.4,222067,2022-03-05,2022-02-28,1 wk ahead cum case
PL85,Warmińsko-Mazurskie,quantile,0.45,222127,2022-03-05,2022-02-28,1 wk ahead cum case
PL85,Warmińsko-Mazurskie,quantile,0.5,222204,2022-03-05,2022-02-28,1 wk ahead cum case
PL85,Warmińsko-Mazurskie,quantile,0.55,222261,2022-03-05,2022-02-28,1 wk ahead cum case
PL85,Warmińsko-Mazurskie,quantile,0.6,222310,2022-03-05,2022-02-28,1 wk ahead cum case
PL85,Warmińsko-Mazurskie,quantile,0.65,222371,2022-03-05,2022-02-28,1 wk ahead cum case
PL85,Warmińsko-Mazurskie,quantile,0.7,222443,2022-03-05,2022-02-28,1 wk ahead cum case
PL85,Warmińsko-Mazurskie,quantile,0.75,222531,2022-03-05,2022-02-28,1 wk ahead cum case
PL85,Warmińsko-Mazurskie,quantile,0.8,222604,2022-03-05,2022-02-28,1 wk ahead cum case
PL85,Warmińsko-Mazurskie,quantile,0.85,222720,2022-03-05,2022-02-28,1 wk ahead cum case
PL85,Warmińsko-Mazurskie,quantile,0.9,222829,2022-03-05,2022-02-28,1 wk ahead cum case
PL85,Warmińsko-Mazurskie,quantile,0.95,222982,2022-03-05,2022-02-28,1 wk ahead cum case
PL85,Warmińsko-Mazurskie,quantile,0.975,223048,2022-03-05,2022-02-28,1 wk ahead cum case
PL85,Warmińsko-Mazurskie,quantile,0.99,223084,2022-03-05,2022-02-28,1 wk ahead cum case
PL85,Warmińsko-Mazurskie,point,,3537,2022-03-05,2022-02-28,1 wk ahead inc case
PL85,Warmińsko-Mazurskie,quantile,0.01,2832,2022-03-05,2022-02-28,1 wk ahead inc case
PL85,Warmińsko-Mazurskie,quantile,0.025,2855,2022-03-05,2022-02-28,1 wk ahead inc case
PL85,Warmińsko-Mazurskie,quantile,0.05,2903,2022-03-05,2022-02-28,1 wk ahead inc case
PL85,Warmińsko-Mazurskie,quantile,0.1,2984,2022-03-05,2022-02-28,1 wk ahead inc case
PL85,Warmińsko-Mazurskie,quantile,0.15,3064,2022-03-05,2022-02-28,1 wk ahead inc case
PL85,Warmińsko-Mazurskie,quantile,0.2,3132,2022-03-05,2022-02-28,1 wk ahead inc case
PL85,Warmińsko-Mazurskie,quantile,0.25,3207,2022-03-05,2022-02-28,1 wk ahead inc case
PL85,Warmińsko-Mazurskie,quantile,0.3,3275,2022-03-05,2022-02-28,1 wk ahead inc case
PL85,Warmińsko-Mazurskie,quantile,0.35,3339,2022-03-05,2022-02-28,1 wk ahead inc case
PL85,Warmińsko-Mazurskie,quantile,0.4,3400,2022-03-05,2022-02-28,1 wk ahead inc case
PL85,Warmińsko-Mazurskie,quantile,0.45,3460,2022-03-05,2022-02-28,1 wk ahead inc case
PL85,Warmińsko-Mazurskie,quantile,0.5,3537,2022-03-05,2022-02-28,1 wk ahead inc case
PL85,Warmińsko-Mazurskie,quantile,0.55,3594,2022-03-05,2022-02-28,1 wk ahead inc case
PL85,Warmińsko-Mazurskie,quantile,0.6,3643,2022-03-05,2022-02-28,1 wk ahead inc case
PL85,Warmińsko-Mazurskie,quantile,0.65,3704,2022-03-05,2022-02-28,1 wk ahead inc case
PL85,Warmińsko-Mazurskie,quantile,0.7,3776,2022-03-05,2022-02-28,1 wk ahead inc case
PL85,Warmińsko-Mazurskie,quantile,0.75,3864,2022-03-05,2022-02-28,1 wk ahead inc case
PL85,Warmińsko-Mazurskie,quantile,0.8,3937,2022-03-05,2022-02-28,1 wk ahead inc case
PL85,Warmińsko-Mazurskie,quantile,0.85,4053,2022-03-05,2022-02-28,1 wk ahead inc case
PL85,Warmińsko-Mazurskie,quantile,0.9,4162,2022-03-05,2022-02-28,1 wk ahead inc case
PL85,Warmińsko-Mazurskie,quantile,0.95,4315,2022-03-05,2022-02-28,1 wk ahead inc case
PL85,Warmińsko-Mazurskie,quantile,0.975,4381,2022-03-05,2022-02-28,1 wk ahead inc case
PL85,Warmińsko-Mazurskie,quantile,0.99,4417,2022-03-05,2022-02-28,1 wk ahead inc case
PL85,Warmińsko-Mazurskie,point,,224260,2022-03-12,2022-02-28,2 wk ahead cum case
PL85,Warmińsko-Mazurskie,quantile,0.01,222655,2022-03-12,2022-02-28,2 wk ahead cum case
PL85,Warmińsko-Mazurskie,quantile,0.025,222698,2022-03-12,2022-02-28,2 wk ahead cum case
PL85,Warmińsko-Mazurskie,quantile,0.05,222796,2022-03-12,2022-02-28,2 wk ahead cum case
PL85,Warmińsko-Mazurskie,quantile,0.1,222957,2022-03-12,2022-02-28,2 wk ahead cum case
PL85,Warmińsko-Mazurskie,quantile,0.15,223145,2022-03-12,2022-02-28,2 wk ahead cum case
PL85,Warmińsko-Mazurskie,quantile,0.2,223317,2022-03-12,2022-02-28,2 wk ahead cum case
PL85,Warmińsko-Mazurskie,quantile,0.25,223478,2022-03-12,2022-02-28,2 wk ahead cum case
PL85,Warmińsko-Mazurskie,quantile,0.3,223632,2022-03-12,2022-02-28,2 wk ahead cum case
PL85,Warmińsko-Mazurskie,quantile,0.35,223789,2022-03-12,2022-02-28,2 wk ahead cum case
PL85,Warmińsko-Mazurskie,quantile,0.4,223925,2022-03-12,2022-02-28,2 wk ahead cum case
PL85,Warmińsko-Mazurskie,quantile,0.45,224081,2022-03-12,2022-02-28,2 wk ahead cum case
PL85,Warmińsko-Mazurskie,quantile,0.5,224260,2022-03-12,2022-02-28,2 wk ahead cum case
PL85,Warmińsko-Mazurskie,quantile,0.55,224411,2022-03-12,2022-02-28,2 wk ahead cum case
PL85,Warmińsko-Mazurskie,quantile,0.6,224554,2022-03-12,2022-02-28,2 wk ahead cum case
PL85,Warmińsko-Mazurskie,quantile,0.65,224733,2022-03-12,2022-02-28,2 wk ahead cum case
PL85,Warmińsko-Mazurskie,quantile,0.7,224966,2022-03-12,2022-02-28,2 wk ahead cum case
PL85,Warmińsko-Mazurskie,quantile,0.75,225211,2022-03-12,2022-02-28,2 wk ahead cum case
PL85,Warmińsko-Mazurskie,quantile,0.8,225455,2022-03-12,2022-02-28,2 wk ahead cum case
PL85,Warmińsko-Mazurskie,quantile,0.85,225760,2022-03-12,2022-02-28,2 wk ahead cum case
PL85,Warmińsko-Mazurskie,quantile,0.9,226120,2022-03-12,2022-02-28,2 wk ahead cum case
PL85,Warmińsko-Mazurskie,quantile,0.95,226598,2022-03-12,2022-02-28,2 wk ahead cum case
PL85,Warmińsko-Mazurskie,quantile,0.975,226868,2022-03-12,2022-02-28,2 wk ahead cum case
PL85,Warmińsko-Mazurskie,quantile,0.99,227030,2022-03-12,2022-02-28,2 wk ahead cum case
PL85,Warmińsko-Mazurskie,point,,2056,2022-03-12,2022-02-28,2 wk ahead inc case
PL85,Warmińsko-Mazurskie,quantile,0.01,1156,2022-03-12,2022-02-28,2 wk ahead inc case
PL85,Warmińsko-Mazurskie,quantile,0.025,1176,2022-03-12,2022-02-28,2 wk ahead inc case
PL85,Warmińsko-Mazurskie,quantile,0.05,1226,2022-03-12,2022-02-28,2 wk ahead inc case
PL85,Warmińsko-Mazurskie,quantile,0.1,1306,2022-03-12,2022-02-28,2 wk ahead inc case
PL85,Warmińsko-Mazurskie,quantile,0.15,1414,2022-03-12,2022-02-28,2 wk ahead inc case
PL85,Warmińsko-Mazurskie,quantile,0.2,1518,2022-03-12,2022-02-28,2 wk ahead inc case
PL85,Warmińsko-Mazurskie,quantile,0.25,1604,2022-03-12,2022-02-28,2 wk ahead inc case
PL85,Warmińsko-Mazurskie,quantile,0.3,1690,2022-03-12,2022-02-28,2 wk ahead inc case
PL85,Warmińsko-Mazurskie,quantile,0.35,1783,2022-03-12,2022-02-28,2 wk ahead inc case
PL85,Warmińsko-Mazurskie,quantile,0.4,1858,2022-03-12,2022-02-28,2 wk ahead inc case
PL85,Warmińsko-Mazurskie,quantile,0.45,1954,2022-03-12,2022-02-28,2 wk ahead inc case
PL85,Warmińsko-Mazurskie,quantile,0.5,2056,2022-03-12,2022-02-28,2 wk ahead inc case
PL85,Warmińsko-Mazurskie,quantile,0.55,2150,2022-03-12,2022-02-28,2 wk ahead inc case
PL85,Warmińsko-Mazurskie,quantile,0.6,2244,2022-03-12,2022-02-28,2 wk ahead inc case
PL85,Warmińsko-Mazurskie,quantile,0.65,2362,2022-03-12,2022-02-28,2 wk ahead inc case
PL85,Warmińsko-Mazurskie,quantile,0.7,2523,2022-03-12,2022-02-28,2 wk ahead inc case
PL85,Warmińsko-Mazurskie,quantile,0.75,2680,2022-03-12,2022-02-28,2 wk ahead inc case
PL85,Warmińsko-Mazurskie,quantile,0.8,2851,2022-03-12,2022-02-28,2 wk ahead inc case
PL85,Warmińsko-Mazurskie,quantile,0.85,3040,2022-03-12,2022-02-28,2 wk ahead inc case
PL85,Warmińsko-Mazurskie,quantile,0.9,3291,2022-03-12,2022-02-28,2 wk ahead inc case
PL85,Warmińsko-Mazurskie,quantile,0.95,3616,2022-03-12,2022-02-28,2 wk ahead inc case
PL85,Warmińsko-Mazurskie,quantile,0.975,3820,2022-03-12,2022-02-28,2 wk ahead inc case
PL85,Warmińsko-Mazurskie,quantile,0.99,3946,2022-03-12,2022-02-28,2 wk ahead inc case
PL85,Warmińsko-Mazurskie,point,,225413,2022-03-19,2022-02-28,3 wk ahead cum case
PL85,Warmińsko-Mazurskie,quantile,0.01,223048,2022-03-19,2022-02-28,3 wk ahead cum case
PL85,Warmińsko-Mazurskie,quantile,0.025,223109,2022-03-19,2022-02-28,3 wk ahead cum case
PL85,Warmińsko-Mazurskie,quantile,0.05,223235,2022-03-19,2022-02-28,3 wk ahead cum case
PL85,Warmińsko-Mazurskie,quantile,0.1,223476,2022-03-19,2022-02-28,3 wk ahead cum case
PL85,Warmińsko-Mazurskie,quantile,0.15,223738,2022-03-19,2022-02-28,3 wk ahead cum case
PL85,Warmińsko-Mazurskie,quantile,0.2,223977,2022-03-19,2022-02-28,3 wk ahead cum case
PL85,Warmińsko-Mazurskie,quantile,0.25,224203,2022-03-19,2022-02-28,3 wk ahead cum case
PL85,Warmińsko-Mazurskie,quantile,0.3,224438,2022-03-19,2022-02-28,3 wk ahead cum case
PL85,Warmińsko-Mazurskie,quantile,0.35,224669,2022-03-19,2022-02-28,3 wk ahead cum case
PL85,Warmińsko-Mazurskie,quantile,0.4,224898,2022-03-19,2022-02-28,3 wk ahead cum case
PL85,Warmińsko-Mazurskie,quantile,0.45,225133,2022-03-19,2022-02-28,3 wk ahead cum case
PL85,Warmińsko-Mazurskie,quantile,0.5,225413,2022-03-19,2022-02-28,3 wk ahead cum case
PL85,Warmińsko-Mazurskie,quantile,0.55,225673,2022-03-19,2022-02-28,3 wk ahead cum case
PL85,Warmińsko-Mazurskie,quantile,0.6,225920,2022-03-19,2022-02-28,3 wk ahead cum case
PL85,Warmińsko-Mazurskie,quantile,0.65,226230,2022-03-19,2022-02-28,3 wk ahead cum case
PL85,Warmińsko-Mazurskie,quantile,0.7,226612,2022-03-19,2022-02-28,3 wk ahead cum case
PL85,Warmińsko-Mazurskie,quantile,0.75,227067,2022-03-19,2022-02-28,3 wk ahead cum case
PL85,Warmińsko-Mazurskie,quantile,0.8,227553,2022-03-19,2022-02-28,3 wk ahead cum case
PL85,Warmińsko-Mazurskie,quantile,0.85,228107,2022-03-19,2022-02-28,3 wk ahead cum case
PL85,Warmińsko-Mazurskie,quantile,0.9,228811,2022-03-19,2022-02-28,3 wk ahead cum case
PL85,Warmińsko-Mazurskie,quantile,0.95,229680,2022-03-19,2022-02-28,3 wk ahead cum case
PL85,Warmińsko-Mazurskie,quantile,0.975,230307,2022-03-19,2022-02-28,3 wk ahead cum case
PL85,Warmińsko-Mazurskie,quantile,0.99,230648,2022-03-19,2022-02-28,3 wk ahead cum case
PL85,Warmińsko-Mazurskie,point,,1153,2022-03-19,2022-02-28,3 wk ahead inc case
PL85,Warmińsko-Mazurskie,quantile,0.01,393,2022-03-19,2022-02-28,3 wk ahead inc case
PL85,Warmińsko-Mazurskie,quantile,0.025,411,2022-03-19,2022-02-28,3 wk ahead inc case
PL85,Warmińsko-Mazurskie,quantile,0.05,439,2022-03-19,2022-02-28,3 wk ahead inc case
PL85,Warmińsko-Mazurskie,quantile,0.1,519,2022-03-19,2022-02-28,3 wk ahead inc case
PL85,Warmińsko-Mazurskie,quantile,0.15,593,2022-03-19,2022-02-28,3 wk ahead inc case
PL85,Warmińsko-Mazurskie,quantile,0.2,660,2022-03-19,2022-02-28,3 wk ahead inc case
PL85,Warmińsko-Mazurskie,quantile,0.25,725,2022-03-19,2022-02-28,3 wk ahead inc case
PL85,Warmińsko-Mazurskie,quantile,0.3,806,2022-03-19,2022-02-28,3 wk ahead inc case
PL85,Warmińsko-Mazurskie,quantile,0.35,880,2022-03-19,2022-02-28,3 wk ahead inc case
PL85,Warmińsko-Mazurskie,quantile,0.4,973,2022-03-19,2022-02-28,3 wk ahead inc case
PL85,Warmińsko-Mazurskie,quantile,0.45,1052,2022-03-19,2022-02-28,3 wk ahead inc case
PL85,Warmińsko-Mazurskie,quantile,0.5,1153,2022-03-19,2022-02-28,3 wk ahead inc case
PL85,Warmińsko-Mazurskie,quantile,0.55,1262,2022-03-19,2022-02-28,3 wk ahead inc case
PL85,Warmińsko-Mazurskie,quantile,0.6,1366,2022-03-19,2022-02-28,3 wk ahead inc case
PL85,Warmińsko-Mazurskie,quantile,0.65,1497,2022-03-19,2022-02-28,3 wk ahead inc case
PL85,Warmińsko-Mazurskie,quantile,0.7,1646,2022-03-19,2022-02-28,3 wk ahead inc case
PL85,Warmińsko-Mazurskie,quantile,0.75,1856,2022-03-19,2022-02-28,3 wk ahead inc case
PL85,Warmińsko-Mazurskie,quantile,0.8,2098,2022-03-19,2022-02-28,3 wk ahead inc case
PL85,Warmińsko-Mazurskie,quantile,0.85,2347,2022-03-19,2022-02-28,3 wk ahead inc case
PL85,Warmińsko-Mazurskie,quantile,0.9,2691,2022-03-19,2022-02-28,3 wk ahead inc case
PL85,Warmińsko-Mazurskie,quantile,0.95,3082,2022-03-19,2022-02-28,3 wk ahead inc case
PL85,Warmińsko-Mazurskie,quantile,0.975,3439,2022-03-19,2022-02-28,3 wk ahead inc case
PL85,Warmińsko-Mazurskie,quantile,0.99,3618,2022-03-19,2022-02-28,3 wk ahead inc case
PL85,Warmińsko-Mazurskie,point,,226056,2022-03-26,2022-02-28,4 wk ahead cum case
PL85,Warmińsko-Mazurskie,quantile,0.01,223180,2022-03-26,2022-02-28,4 wk ahead cum case
PL85,Warmińsko-Mazurskie,quantile,0.025,223250,2022-03-26,2022-02-28,4 wk ahead cum case
PL85,Warmińsko-Mazurskie,quantile,0.05,223393,2022-03-26,2022-02-28,4 wk ahead cum case
PL85,Warmińsko-Mazurskie,quantile,0.1,223666,2022-03-26,2022-02-28,4 wk ahead cum case
PL85,Warmińsko-Mazurskie,quantile,0.15,223974,2022-03-26,2022-02-28,4 wk ahead cum case
PL85,Warmińsko-Mazurskie,quantile,0.2,224255,2022-03-26,2022-02-28,4 wk ahead cum case
PL85,Warmińsko-Mazurskie,quantile,0.25,224529,2022-03-26,2022-02-28,4 wk ahead cum case
PL85,Warmińsko-Mazurskie,quantile,0.3,224808,2022-03-26,2022-02-28,4 wk ahead cum case
PL85,Warmińsko-Mazurskie,quantile,0.35,225091,2022-03-26,2022-02-28,4 wk ahead cum case
PL85,Warmińsko-Mazurskie,quantile,0.4,225390,2022-03-26,2022-02-28,4 wk ahead cum case
PL85,Warmińsko-Mazurskie,quantile,0.45,225695,2022-03-26,2022-02-28,4 wk ahead cum case
PL85,Warmińsko-Mazurskie,quantile,0.5,226056,2022-03-26,2022-02-28,4 wk ahead cum case
PL85,Warmińsko-Mazurskie,quantile,0.55,226402,2022-03-26,2022-02-28,4 wk ahead cum case
PL85,Warmińsko-Mazurskie,quantile,0.6,226745,2022-03-26,2022-02-28,4 wk ahead cum case
PL85,Warmińsko-Mazurskie,quantile,0.65,227168,2022-03-26,2022-02-28,4 wk ahead cum case
PL85,Warmińsko-Mazurskie,quantile,0.7,227678,2022-03-26,2022-02-28,4 wk ahead cum case
PL85,Warmińsko-Mazurskie,quantile,0.75,228324,2022-03-26,2022-02-28,4 wk ahead cum case
PL85,Warmińsko-Mazurskie,quantile,0.8,229045,2022-03-26,2022-02-28,4 wk ahead cum case
PL85,Warmińsko-Mazurskie,quantile,0.85,229891,2022-03-26,2022-02-28,4 wk ahead cum case
PL85,Warmińsko-Mazurskie,quantile,0.9,230969,2022-03-26,2022-02-28,4 wk ahead cum case
PL85,Warmińsko-Mazurskie,quantile,0.95,232379,2022-03-26,2022-02-28,4 wk ahead cum case
PL85,Warmińsko-Mazurskie,quantile,0.975,233375,2022-03-26,2022-02-28,4 wk ahead cum case
PL85,Warmińsko-Mazurskie,quantile,0.99,233951,2022-03-26,2022-02-28,4 wk ahead cum case
PL85,Warmińsko-Mazurskie,point,,643,2022-03-26,2022-02-28,4 wk ahead inc case
PL85,Warmińsko-Mazurskie,quantile,0.01,132,2022-03-26,2022-02-28,4 wk ahead inc case
PL85,Warmińsko-Mazurskie,quantile,0.025,141,2022-03-26,2022-02-28,4 wk ahead inc case
PL85,Warmińsko-Mazurskie,quantile,0.05,158,2022-03-26,2022-02-28,4 wk ahead inc case
PL85,Warmińsko-Mazurskie,quantile,0.1,190,2022-03-26,2022-02-28,4 wk ahead inc case
PL85,Warmińsko-Mazurskie,quantile,0.15,236,2022-03-26,2022-02-28,4 wk ahead inc case
PL85,Warmińsko-Mazurskie,quantile,0.2,278,2022-03-26,2022-02-28,4 wk ahead inc case
PL85,Warmińsko-Mazurskie,quantile,0.25,326,2022-03-26,2022-02-28,4 wk ahead inc case
PL85,Warmińsko-Mazurskie,quantile,0.3,370,2022-03-26,2022-02-28,4 wk ahead inc case
PL85,Warmińsko-Mazurskie,quantile,0.35,422,2022-03-26,2022-02-28,4 wk ahead inc case
PL85,Warmińsko-Mazurskie,quantile,0.4,492,2022-03-26,2022-02-28,4 wk ahead inc case
PL85,Warmińsko-Mazurskie,quantile,0.45,562,2022-03-26,2022-02-28,4 wk ahead inc case
PL85,Warmińsko-Mazurskie,quantile,0.5,643,2022-03-26,2022-02-28,4 wk ahead inc case
PL85,Warmińsko-Mazurskie,quantile,0.55,729,2022-03-26,2022-02-28,4 wk ahead inc case
PL85,Warmińsko-Mazurskie,quantile,0.6,825,2022-03-26,2022-02-28,4 wk ahead inc case
PL85,Warmińsko-Mazurskie,quantile,0.65,938,2022-03-26,2022-02-28,4 wk ahead inc case
PL85,Warmińsko-Mazurskie,quantile,0.7,1066,2022-03-26,2022-02-28,4 wk ahead inc case
PL85,Warmińsko-Mazurskie,quantile,0.75,1257,2022-03-26,2022-02-28,4 wk ahead inc case
PL85,Warmińsko-Mazurskie,quantile,0.8,1492,2022-03-26,2022-02-28,4 wk ahead inc case
PL85,Warmińsko-Mazurskie,quantile,0.85,1784,2022-03-26,2022-02-28,4 wk ahead inc case
PL85,Warmińsko-Mazurskie,quantile,0.9,2158,2022-03-26,2022-02-28,4 wk ahead inc case
PL85,Warmińsko-Mazurskie,quantile,0.95,2699,2022-03-26,2022-02-28,4 wk ahead inc case
PL85,Warmińsko-Mazurskie,quantile,0.975,3068,2022-03-26,2022-02-28,4 wk ahead inc case
PL85,Warmińsko-Mazurskie,quantile,0.99,3303,2022-03-26,2022-02-28,4 wk ahead inc case
PL86,Wielkopolskie,point,,549195,2022-03-05,2022-02-28,1 wk ahead cum case
PL86,Wielkopolskie,quantile,0.01,547555,2022-03-05,2022-02-28,1 wk ahead cum case
PL86,Wielkopolskie,quantile,0.025,547615,2022-03-05,2022-02-28,1 wk ahead cum case
PL86,Wielkopolskie,quantile,0.05,547740,2022-03-05,2022-02-28,1 wk ahead cum case
PL86,Wielkopolskie,quantile,0.1,547941,2022-03-05,2022-02-28,1 wk ahead cum case
PL86,Wielkopolskie,quantile,0.15,548122,2022-03-05,2022-02-28,1 wk ahead cum case
PL86,Wielkopolskie,quantile,0.2,548269,2022-03-05,2022-02-28,1 wk ahead cum case
PL86,Wielkopolskie,quantile,0.25,548401,2022-03-05,2022-02-28,1 wk ahead cum case
PL86,Wielkopolskie,quantile,0.3,548583,2022-03-05,2022-02-28,1 wk ahead cum case
PL86,Wielkopolskie,quantile,0.35,548741,2022-03-05,2022-02-28,1 wk ahead cum case
PL86,Wielkopolskie,quantile,0.4,548884,2022-03-05,2022-02-28,1 wk ahead cum case
PL86,Wielkopolskie,quantile,0.45,549040,2022-03-05,2022-02-28,1 wk ahead cum case
PL86,Wielkopolskie,quantile,0.5,549195,2022-03-05,2022-02-28,1 wk ahead cum case
PL86,Wielkopolskie,quantile,0.55,549310,2022-03-05,2022-02-28,1 wk ahead cum case
PL86,Wielkopolskie,quantile,0.6,549441,2022-03-05,2022-02-28,1 wk ahead cum case
PL86,Wielkopolskie,quantile,0.65,549595,2022-03-05,2022-02-28,1 wk ahead cum case
PL86,Wielkopolskie,quantile,0.7,549723,2022-03-05,2022-02-28,1 wk ahead cum case
PL86,Wielkopolskie,quantile,0.75,549888,2022-03-05,2022-02-28,1 wk ahead cum case
PL86,Wielkopolskie,quantile,0.8,550025,2022-03-05,2022-02-28,1 wk ahead cum case
PL86,Wielkopolskie,quantile,0.85,550240,2022-03-05,2022-02-28,1 wk ahead cum case
PL86,Wielkopolskie,quantile,0.9,550471,2022-03-05,2022-02-28,1 wk ahead cum case
PL86,Wielkopolskie,quantile,0.95,550733,2022-03-05,2022-02-28,1 wk ahead cum case
PL86,Wielkopolskie,quantile,0.975,550874,2022-03-05,2022-02-28,1 wk ahead cum case
PL86,Wielkopolskie,quantile,0.99,551058,2022-03-05,2022-02-28,1 wk ahead cum case
PL86,Wielkopolskie,point,,9585,2022-03-05,2022-02-28,1 wk ahead inc case
PL86,Wielkopolskie,quantile,0.01,7945,2022-03-05,2022-02-28,1 wk ahead inc case
PL86,Wielkopolskie,quantile,0.025,8005,2022-03-05,2022-02-28,1 wk ahead inc case
PL86,Wielkopolskie,quantile,0.05,8130,2022-03-05,2022-02-28,1 wk ahead inc case
PL86,Wielkopolskie,quantile,0.1,8331,2022-03-05,2022-02-28,1 wk ahead inc case
PL86,Wielkopolskie,quantile,0.15,8512,2022-03-05,2022-02-28,1 wk ahead inc case
PL86,Wielkopolskie,quantile,0.2,8659,2022-03-05,2022-02-28,1 wk ahead inc case
PL86,Wielkopolskie,quantile,0.25,8791,2022-03-05,2022-02-28,1 wk ahead inc case
PL86,Wielkopolskie,quantile,0.3,8973,2022-03-05,2022-02-28,1 wk ahead inc case
PL86,Wielkopolskie,quantile,0.35,9131,2022-03-05,2022-02-28,1 wk ahead inc case
PL86,Wielkopolskie,quantile,0.4,9274,2022-03-05,2022-02-28,1 wk ahead inc case
PL86,Wielkopolskie,quantile,0.45,9430,2022-03-05,2022-02-28,1 wk ahead inc case
PL86,Wielkopolskie,quantile,0.5,9585,2022-03-05,2022-02-28,1 wk ahead inc case
PL86,Wielkopolskie,quantile,0.55,9700,2022-03-05,2022-02-28,1 wk ahead inc case
PL86,Wielkopolskie,quantile,0.6,9831,2022-03-05,2022-02-28,1 wk ahead inc case
PL86,Wielkopolskie,quantile,0.65,9985,2022-03-05,2022-02-28,1 wk ahead inc case
PL86,Wielkopolskie,quantile,0.7,10113,2022-03-05,2022-02-28,1 wk ahead inc case
PL86,Wielkopolskie,quantile,0.75,10278,2022-03-05,2022-02-28,1 wk ahead inc case
PL86,Wielkopolskie,quantile,0.8,10415,2022-03-05,2022-02-28,1 wk ahead inc case
PL86,Wielkopolskie,quantile,0.85,10630,2022-03-05,2022-02-28,1 wk ahead inc case
PL86,Wielkopolskie,quantile,0.9,10861,2022-03-05,2022-02-28,1 wk ahead inc case
PL86,Wielkopolskie,quantile,0.95,11123,2022-03-05,2022-02-28,1 wk ahead inc case
PL86,Wielkopolskie,quantile,0.975,11264,2022-03-05,2022-02-28,1 wk ahead inc case
PL86,Wielkopolskie,quantile,0.99,11448,2022-03-05,2022-02-28,1 wk ahead inc case
PL86,Wielkopolskie,point,,554259,2022-03-12,2022-02-28,2 wk ahead cum case
PL86,Wielkopolskie,quantile,0.01,550727,2022-03-12,2022-02-28,2 wk ahead cum case
PL86,Wielkopolskie,quantile,0.025,550868,2022-03-12,2022-02-28,2 wk ahead cum case
PL86,Wielkopolskie,quantile,0.05,551116,2022-03-12,2022-02-28,2 wk ahead cum case
PL86,Wielkopolskie,quantile,0.1,551535,2022-03-12,2022-02-28,2 wk ahead cum case
PL86,Wielkopolskie,quantile,0.15,551903,2022-03-12,2022-02-28,2 wk ahead cum case
PL86,Wielkopolskie,quantile,0.2,552249,2022-03-12,2022-02-28,2 wk ahead cum case
PL86,Wielkopolskie,quantile,0.25,552602,2022-03-12,2022-02-28,2 wk ahead cum case
PL86,Wielkopolskie,quantile,0.3,552945,2022-03-12,2022-02-28,2 wk ahead cum case
PL86,Wielkopolskie,quantile,0.35,553280,2022-03-12,2022-02-28,2 wk ahead cum case
PL86,Wielkopolskie,quantile,0.4,553589,2022-03-12,2022-02-28,2 wk ahead cum case
PL86,Wielkopolskie,quantile,0.45,553914,2022-03-12,2022-02-28,2 wk ahead cum case
PL86,Wielkopolskie,quantile,0.5,554259,2022-03-12,2022-02-28,2 wk ahead cum case
PL86,Wielkopolskie,quantile,0.55,554580,2022-03-12,2022-02-28,2 wk ahead cum case
PL86,Wielkopolskie,quantile,0.6,554928,2022-03-12,2022-02-28,2 wk ahead cum case
PL86,Wielkopolskie,quantile,0.65,555273,2022-03-12,2022-02-28,2 wk ahead cum case
PL86,Wielkopolskie,quantile,0.7,555576,2022-03-12,2022-02-28,2 wk ahead cum case
PL86,Wielkopolskie,quantile,0.75,556033,2022-03-12,2022-02-28,2 wk ahead cum case
PL86,Wielkopolskie,quantile,0.8,556472,2022-03-12,2022-02-28,2 wk ahead cum case
PL86,Wielkopolskie,quantile,0.85,557022,2022-03-12,2022-02-28,2 wk ahead cum case
PL86,Wielkopolskie,quantile,0.9,557721,2022-03-12,2022-02-28,2 wk ahead cum case
PL86,Wielkopolskie,quantile,0.95,558424,2022-03-12,2022-02-28,2 wk ahead cum case
PL86,Wielkopolskie,quantile,0.975,558940,2022-03-12,2022-02-28,2 wk ahead cum case
PL86,Wielkopolskie,quantile,0.99,559370,2022-03-12,2022-02-28,2 wk ahead cum case
PL86,Wielkopolskie,point,,5064,2022-03-12,2022-02-28,2 wk ahead inc case
PL86,Wielkopolskie,quantile,0.01,3172,2022-03-12,2022-02-28,2 wk ahead inc case
PL86,Wielkopolskie,quantile,0.025,3253,2022-03-12,2022-02-28,2 wk ahead inc case
PL86,Wielkopolskie,quantile,0.05,3376,2022-03-12,2022-02-28,2 wk ahead inc case
PL86,Wielkopolskie,quantile,0.1,3594,2022-03-12,2022-02-28,2 wk ahead inc case
PL86,Wielkopolskie,quantile,0.15,3781,2022-03-12,2022-02-28,2 wk ahead inc case
PL86,Wielkopolskie,quantile,0.2,3980,2022-03-12,2022-02-28,2 wk ahead inc case
PL86,Wielkopolskie,quantile,0.25,4201,2022-03-12,2022-02-28,2 wk ahead inc case
PL86,Wielkopolskie,quantile,0.3,4362,2022-03-12,2022-02-28,2 wk ahead inc case
PL86,Wielkopolskie,quantile,0.35,4539,2022-03-12,2022-02-28,2 wk ahead inc case
PL86,Wielkopolskie,quantile,0.4,4705,2022-03-12,2022-02-28,2 wk ahead inc case
PL86,Wielkopolskie,quantile,0.45,4874,2022-03-12,2022-02-28,2 wk ahead inc case
PL86,Wielkopolskie,quantile,0.5,5064,2022-03-12,2022-02-28,2 wk ahead inc case
PL86,Wielkopolskie,quantile,0.55,5270,2022-03-12,2022-02-28,2 wk ahead inc case
PL86,Wielkopolskie,quantile,0.6,5487,2022-03-12,2022-02-28,2 wk ahead inc case
PL86,Wielkopolskie,quantile,0.65,5678,2022-03-12,2022-02-28,2 wk ahead inc case
PL86,Wielkopolskie,quantile,0.7,5853,2022-03-12,2022-02-28,2 wk ahead inc case
PL86,Wielkopolskie,quantile,0.75,6145,2022-03-12,2022-02-28,2 wk ahead inc case
PL86,Wielkopolskie,quantile,0.8,6447,2022-03-12,2022-02-28,2 wk ahead inc case
PL86,Wielkopolskie,quantile,0.85,6782,2022-03-12,2022-02-28,2 wk ahead inc case
PL86,Wielkopolskie,quantile,0.9,7250,2022-03-12,2022-02-28,2 wk ahead inc case
PL86,Wielkopolskie,quantile,0.95,7691,2022-03-12,2022-02-28,2 wk ahead inc case
PL86,Wielkopolskie,quantile,0.975,8066,2022-03-12,2022-02-28,2 wk ahead inc case
PL86,Wielkopolskie,quantile,0.99,8312,2022-03-12,2022-02-28,2 wk ahead inc case
PL86,Wielkopolskie,point,,556845,2022-03-19,2022-02-28,3 wk ahead cum case
PL86,Wielkopolskie,quantile,0.01,551817,2022-03-19,2022-02-28,3 wk ahead cum case
PL86,Wielkopolskie,quantile,0.025,552024,2022-03-19,2022-02-28,3 wk ahead cum case
PL86,Wielkopolskie,quantile,0.05,552349,2022-03-19,2022-02-28,3 wk ahead cum case
PL86,Wielkopolskie,quantile,0.1,552927,2022-03-19,2022-02-28,3 wk ahead cum case
PL86,Wielkopolskie,quantile,0.15,553459,2022-03-19,2022-02-28,3 wk ahead cum case
PL86,Wielkopolskie,quantile,0.2,553924,2022-03-19,2022-02-28,3 wk ahead cum case
PL86,Wielkopolskie,quantile,0.25,554414,2022-03-19,2022-02-28,3 wk ahead cum case
PL86,Wielkopolskie,quantile,0.3,554919,2022-03-19,2022-02-28,3 wk ahead cum case
PL86,Wielkopolskie,quantile,0.35,555384,2022-03-19,2022-02-28,3 wk ahead cum case
PL86,Wielkopolskie,quantile,0.4,555851,2022-03-19,2022-02-28,3 wk ahead cum case
PL86,Wielkopolskie,quantile,0.45,556340,2022-03-19,2022-02-28,3 wk ahead cum case
PL86,Wielkopolskie,quantile,0.5,556845,2022-03-19,2022-02-28,3 wk ahead cum case
PL86,Wielkopolskie,quantile,0.55,557328,2022-03-19,2022-02-28,3 wk ahead cum case
PL86,Wielkopolskie,quantile,0.6,557864,2022-03-19,2022-02-28,3 wk ahead cum case
PL86,Wielkopolskie,quantile,0.65,558397,2022-03-19,2022-02-28,3 wk ahead cum case
PL86,Wielkopolskie,quantile,0.7,558936,2022-03-19,2022-02-28,3 wk ahead cum case
PL86,Wielkopolskie,quantile,0.75,559636,2022-03-19,2022-02-28,3 wk ahead cum case
PL86,Wielkopolskie,quantile,0.8,560451,2022-03-19,2022-02-28,3 wk ahead cum case
PL86,Wielkopolskie,quantile,0.85,561435,2022-03-19,2022-02-28,3 wk ahead cum case
PL86,Wielkopolskie,quantile,0.9,562642,2022-03-19,2022-02-28,3 wk ahead cum case
PL86,Wielkopolskie,quantile,0.95,564030,2022-03-19,2022-02-28,3 wk ahead cum case
PL86,Wielkopolskie,quantile,0.975,564896,2022-03-19,2022-02-28,3 wk ahead cum case
PL86,Wielkopolskie,quantile,0.99,565600,2022-03-19,2022-02-28,3 wk ahead cum case
PL86,Wielkopolskie,point,,2586,2022-03-19,2022-02-28,3 wk ahead inc case
PL86,Wielkopolskie,quantile,0.01,1090,2022-03-19,2022-02-28,3 wk ahead inc case
PL86,Wielkopolskie,quantile,0.025,1156,2022-03-19,2022-02-28,3 wk ahead inc case
PL86,Wielkopolskie,quantile,0.05,1233,2022-03-19,2022-02-28,3 wk ahead inc case
PL86,Wielkopolskie,quantile,0.1,1392,2022-03-19,2022-02-28,3 wk ahead inc case
PL86,Wielkopolskie,quantile,0.15,1556,2022-03-19,2022-02-28,3 wk ahead inc case
PL86,Wielkopolskie,quantile,0.2,1675,2022-03-19,2022-02-28,3 wk ahead inc case
PL86,Wielkopolskie,quantile,0.25,1812,2022-03-19,2022-02-28,3 wk ahead inc case
PL86,Wielkopolskie,quantile,0.3,1974,2022-03-19,2022-02-28,3 wk ahead inc case
PL86,Wielkopolskie,quantile,0.35,2104,2022-03-19,2022-02-28,3 wk ahead inc case
PL86,Wielkopolskie,quantile,0.4,2262,2022-03-19,2022-02-28,3 wk ahead inc case
PL86,Wielkopolskie,quantile,0.45,2426,2022-03-19,2022-02-28,3 wk ahead inc case
PL86,Wielkopolskie,quantile,0.5,2586,2022-03-19,2022-02-28,3 wk ahead inc case
PL86,Wielkopolskie,quantile,0.55,2748,2022-03-19,2022-02-28,3 wk ahead inc case
PL86,Wielkopolskie,quantile,0.6,2936,2022-03-19,2022-02-28,3 wk ahead inc case
PL86,Wielkopolskie,quantile,0.65,3124,2022-03-19,2022-02-28,3 wk ahead inc case
PL86,Wielkopolskie,quantile,0.7,3360,2022-03-19,2022-02-28,3 wk ahead inc case
PL86,Wielkopolskie,quantile,0.75,3603,2022-03-19,2022-02-28,3 wk ahead inc case
PL86,Wielkopolskie,quantile,0.8,3979,2022-03-19,2022-02-28,3 wk ahead inc case
PL86,Wielkopolskie,quantile,0.85,4413,2022-03-19,2022-02-28,3 wk ahead inc case
PL86,Wielkopolskie,quantile,0.9,4921,2022-03-19,2022-02-28,3 wk ahead inc case
PL86,Wielkopolskie,quantile,0.95,5606,2022-03-19,2022-02-28,3 wk ahead inc case
PL86,Wielkopolskie,quantile,0.975,5956,2022-03-19,2022-02-28,3 wk ahead inc case
PL86,Wielkopolskie,quantile,0.99,6230,2022-03-19,2022-02-28,3 wk ahead inc case
PL86,Wielkopolskie,point,,558154,2022-03-26,2022-02-28,4 wk ahead cum case
PL86,Wielkopolskie,quantile,0.01,552188,2022-03-26,2022-02-28,4 wk ahead cum case
PL86,Wielkopolskie,quantile,0.025,552417,2022-03-26,2022-02-28,4 wk ahead cum case
PL86,Wielkopolskie,quantile,0.05,552787,2022-03-26,2022-02-28,4 wk ahead cum case
PL86,Wielkopolskie,quantile,0.1,553456,2022-03-26,2022-02-28,4 wk ahead cum case
PL86,Wielkopolskie,quantile,0.15,554071,2022-03-26,2022-02-28,4 wk ahead cum case
PL86,Wielkopolskie,quantile,0.2,554615,2022-03-26,2022-02-28,4 wk ahead cum case
PL86,Wielkopolskie,quantile,0.25,555186,2022-03-26,2022-02-28,4 wk ahead cum case
PL86,Wielkopolskie,quantile,0.3,555790,2022-03-26,2022-02-28,4 wk ahead cum case
PL86,Wielkopolskie,quantile,0.35,556341,2022-03-26,2022-02-28,4 wk ahead cum case
PL86,Wielkopolskie,quantile,0.4,556917,2022-03-26,2022-02-28,4 wk ahead cum case
PL86,Wielkopolskie,quantile,0.45,557552,2022-03-26,2022-02-28,4 wk ahead cum case
PL86,Wielkopolskie,quantile,0.5,558154,2022-03-26,2022-02-28,4 wk ahead cum case
PL86,Wielkopolskie,quantile,0.55,558780,2022-03-26,2022-02-28,4 wk ahead cum case
PL86,Wielkopolskie,quantile,0.6,559450,2022-03-26,2022-02-28,4 wk ahead cum case
PL86,Wielkopolskie,quantile,0.65,560154,2022-03-26,2022-02-28,4 wk ahead cum case
PL86,Wielkopolskie,quantile,0.7,560857,2022-03-26,2022-02-28,4 wk ahead cum case
PL86,Wielkopolskie,quantile,0.75,561780,2022-03-26,2022-02-28,4 wk ahead cum case
PL86,Wielkopolskie,quantile,0.8,562856,2022-03-26,2022-02-28,4 wk ahead cum case
PL86,Wielkopolskie,quantile,0.85,564286,2022-03-26,2022-02-28,4 wk ahead cum case
PL86,Wielkopolskie,quantile,0.9,565899,2022-03-26,2022-02-28,4 wk ahead cum case
PL86,Wielkopolskie,quantile,0.95,567920,2022-03-26,2022-02-28,4 wk ahead cum case
PL86,Wielkopolskie,quantile,0.975,569272,2022-03-26,2022-02-28,4 wk ahead cum case
PL86,Wielkopolskie,quantile,0.99,570402,2022-03-26,2022-02-28,4 wk ahead cum case
PL86,Wielkopolskie,point,,1309,2022-03-26,2022-02-28,4 wk ahead inc case
PL86,Wielkopolskie,quantile,0.01,371,2022-03-26,2022-02-28,4 wk ahead inc case
PL86,Wielkopolskie,quantile,0.025,393,2022-03-26,2022-02-28,4 wk ahead inc case
PL86,Wielkopolskie,quantile,0.05,438,2022-03-26,2022-02-28,4 wk ahead inc case
PL86,Wielkopolskie,quantile,0.1,529,2022-03-26,2022-02-28,4 wk ahead inc case
PL86,Wielkopolskie,quantile,0.15,612,2022-03-26,2022-02-28,4 wk ahead inc case
PL86,Wielkopolskie,quantile,0.2,691,2022-03-26,2022-02-28,4 wk ahead inc case
PL86,Wielkopolskie,quantile,0.25,772,2022-03-26,2022-02-28,4 wk ahead inc case
PL86,Wielkopolskie,quantile,0.3,871,2022-03-26,2022-02-28,4 wk ahead inc case
PL86,Wielkopolskie,quantile,0.35,957,2022-03-26,2022-02-28,4 wk ahead inc case
PL86,Wielkopolskie,quantile,0.4,1066,2022-03-26,2022-02-28,4 wk ahead inc case
PL86,Wielkopolskie,quantile,0.45,1212,2022-03-26,2022-02-28,4 wk ahead inc case
PL86,Wielkopolskie,quantile,0.5,1309,2022-03-26,2022-02-28,4 wk ahead inc case
PL86,Wielkopolskie,quantile,0.55,1452,2022-03-26,2022-02-28,4 wk ahead inc case
PL86,Wielkopolskie,quantile,0.6,1586,2022-03-26,2022-02-28,4 wk ahead inc case
PL86,Wielkopolskie,quantile,0.65,1757,2022-03-26,2022-02-28,4 wk ahead inc case
PL86,Wielkopolskie,quantile,0.7,1921,2022-03-26,2022-02-28,4 wk ahead inc case
PL86,Wielkopolskie,quantile,0.75,2144,2022-03-26,2022-02-28,4 wk ahead inc case
PL86,Wielkopolskie,quantile,0.8,2405,2022-03-26,2022-02-28,4 wk ahead inc case
PL86,Wielkopolskie,quantile,0.85,2851,2022-03-26,2022-02-28,4 wk ahead inc case
PL86,Wielkopolskie,quantile,0.9,3257,2022-03-26,2022-02-28,4 wk ahead inc case
PL86,Wielkopolskie,quantile,0.95,3890,2022-03-26,2022-02-28,4 wk ahead inc case
PL86,Wielkopolskie,quantile,0.975,4376,2022-03-26,2022-02-28,4 wk ahead inc case
PL86,Wielkopolskie,quantile,0.99,4802,2022-03-26,2022-02-28,4 wk ahead inc case
PL87,Zachodniopomorskie,point,,270062,2022-03-05,2022-02-28,1 wk ahead cum case
PL87,Zachodniopomorskie,quantile,0.01,268947,2022-03-05,2022-02-28,1 wk ahead cum case
PL87,Zachodniopomorskie,quantile,0.025,268988,2022-03-05,2022-02-28,1 wk ahead cum case
PL87,Zachodniopomorskie,quantile,0.05,269062,2022-03-05,2022-02-28,1 wk ahead cum case
PL87,Zachodniopomorskie,quantile,0.1,269216,2022-03-05,2022-02-28,1 wk ahead cum case
PL87,Zachodniopomorskie,quantile,0.15,269350,2022-03-05,2022-02-28,1 wk ahead cum case
PL87,Zachodniopomorskie,quantile,0.2,269447,2022-03-05,2022-02-28,1 wk ahead cum case
PL87,Zachodniopomorskie,quantile,0.25,269543,2022-03-05,2022-02-28,1 wk ahead cum case
PL87,Zachodniopomorskie,quantile,0.3,269645,2022-03-05,2022-02-28,1 wk ahead cum case
PL87,Zachodniopomorskie,quantile,0.35,269753,2022-03-05,2022-02-28,1 wk ahead cum case
PL87,Zachodniopomorskie,quantile,0.4,269864,2022-03-05,2022-02-28,1 wk ahead cum case
PL87,Zachodniopomorskie,quantile,0.45,269944,2022-03-05,2022-02-28,1 wk ahead cum case
PL87,Zachodniopomorskie,quantile,0.5,270062,2022-03-05,2022-02-28,1 wk ahead cum case
PL87,Zachodniopomorskie,quantile,0.55,270165,2022-03-05,2022-02-28,1 wk ahead cum case
PL87,Zachodniopomorskie,quantile,0.6,270285,2022-03-05,2022-02-28,1 wk ahead cum case
PL87,Zachodniopomorskie,quantile,0.65,270398,2022-03-05,2022-02-28,1 wk ahead cum case
PL87,Zachodniopomorskie,quantile,0.7,270511,2022-03-05,2022-02-28,1 wk ahead cum case
PL87,Zachodniopomorskie,quantile,0.75,270630,2022-03-05,2022-02-28,1 wk ahead cum case
PL87,Zachodniopomorskie,quantile,0.8,270778,2022-03-05,2022-02-28,1 wk ahead cum case
PL87,Zachodniopomorskie,quantile,0.85,270945,2022-03-05,2022-02-28,1 wk ahead cum case
PL87,Zachodniopomorskie,quantile,0.9,271158,2022-03-05,2022-02-28,1 wk ahead cum case
PL87,Zachodniopomorskie,quantile,0.95,271354,2022-03-05,2022-02-28,1 wk ahead cum case
PL87,Zachodniopomorskie,quantile,0.975,271487,2022-03-05,2022-02-28,1 wk ahead cum case
PL87,Zachodniopomorskie,quantile,0.99,271583,2022-03-05,2022-02-28,1 wk ahead cum case
PL87,Zachodniopomorskie,point,,5580,2022-03-05,2022-02-28,1 wk ahead inc case
PL87,Zachodniopomorskie,quantile,0.01,4465,2022-03-05,2022-02-28,1 wk ahead inc case
PL87,Zachodniopomorskie,quantile,0.025,4506,2022-03-05,2022-02-28,1 wk ahead inc case
PL87,Zachodniopomorskie,quantile,0.05,4580,2022-03-05,2022-02-28,1 wk ahead inc case
PL87,Zachodniopomorskie,quantile,0.1,4734,2022-03-05,2022-02-28,1 wk ahead inc case
PL87,Zachodniopomorskie,quantile,0.15,4868,2022-03-05,2022-02-28,1 wk ahead inc case
PL87,Zachodniopomorskie,quantile,0.2,4965,2022-03-05,2022-02-28,1 wk ahead inc case
PL87,Zachodniopomorskie,quantile,0.25,5061,2022-03-05,2022-02-28,1 wk ahead inc case
PL87,Zachodniopomorskie,quantile,0.3,5163,2022-03-05,2022-02-28,1 wk ahead inc case
PL87,Zachodniopomorskie,quantile,0.35,5271,2022-03-05,2022-02-28,1 wk ahead inc case
PL87,Zachodniopomorskie,quantile,0.4,5382,2022-03-05,2022-02-28,1 wk ahead inc case
PL87,Zachodniopomorskie,quantile,0.45,5462,2022-03-05,2022-02-28,1 wk ahead inc case
PL87,Zachodniopomorskie,quantile,0.5,5580,2022-03-05,2022-02-28,1 wk ahead inc case
PL87,Zachodniopomorskie,quantile,0.55,5683,2022-03-05,2022-02-28,1 wk ahead inc case
PL87,Zachodniopomorskie,quantile,0.6,5803,2022-03-05,2022-02-28,1 wk ahead inc case
PL87,Zachodniopomorskie,quantile,0.65,5916,2022-03-05,2022-02-28,1 wk ahead inc case
PL87,Zachodniopomorskie,quantile,0.7,6029,2022-03-05,2022-02-28,1 wk ahead inc case
PL87,Zachodniopomorskie,quantile,0.75,6148,2022-03-05,2022-02-28,1 wk ahead inc case
PL87,Zachodniopomorskie,quantile,0.8,6296,2022-03-05,2022-02-28,1 wk ahead inc case
PL87,Zachodniopomorskie,quantile,0.85,6463,2022-03-05,2022-02-28,1 wk ahead inc case
PL87,Zachodniopomorskie,quantile,0.9,6676,2022-03-05,2022-02-28,1 wk ahead inc case
PL87,Zachodniopomorskie,quantile,0.95,6872,2022-03-05,2022-02-28,1 wk ahead inc case
PL87,Zachodniopomorskie,quantile,0.975,7005,2022-03-05,2022-02-28,1 wk ahead inc case
PL87,Zachodniopomorskie,quantile,0.99,7101,2022-03-05,2022-02-28,1 wk ahead inc case
PL87,Zachodniopomorskie,point,,274071,2022-03-12,2022-02-28,2 wk ahead cum case
PL87,Zachodniopomorskie,quantile,0.01,271118,2022-03-12,2022-02-28,2 wk ahead cum case
PL87,Zachodniopomorskie,quantile,0.025,271221,2022-03-12,2022-02-28,2 wk ahead cum case
PL87,Zachodniopomorskie,quantile,0.05,271400,2022-03-12,2022-02-28,2 wk ahead cum case
PL87,Zachodniopomorskie,quantile,0.1,271765,2022-03-12,2022-02-28,2 wk ahead cum case
PL87,Zachodniopomorskie,quantile,0.15,272082,2022-03-12,2022-02-28,2 wk ahead cum case
PL87,Zachodniopomorskie,quantile,0.2,272380,2022-03-12,2022-02-28,2 wk ahead cum case
PL87,Zachodniopomorskie,quantile,0.25,272633,2022-03-12,2022-02-28,2 wk ahead cum case
PL87,Zachodniopomorskie,quantile,0.3,272909,2022-03-12,2022-02-28,2 wk ahead cum case
PL87,Zachodniopomorskie,quantile,0.35,273208,2022-03-12,2022-02-28,2 wk ahead cum case
PL87,Zachodniopomorskie,quantile,0.4,273486,2022-03-12,2022-02-28,2 wk ahead cum case
PL87,Zachodniopomorskie,quantile,0.45,273778,2022-03-12,2022-02-28,2 wk ahead cum case
PL87,Zachodniopomorskie,quantile,0.5,274071,2022-03-12,2022-02-28,2 wk ahead cum case
PL87,Zachodniopomorskie,quantile,0.55,274390,2022-03-12,2022-02-28,2 wk ahead cum case
PL87,Zachodniopomorskie,quantile,0.6,274724,2022-03-12,2022-02-28,2 wk ahead cum case
PL87,Zachodniopomorskie,quantile,0.65,275086,2022-03-12,2022-02-28,2 wk ahead cum case
PL87,Zachodniopomorskie,quantile,0.7,275472,2022-03-12,2022-02-28,2 wk ahead cum case
PL87,Zachodniopomorskie,quantile,0.75,275892,2022-03-12,2022-02-28,2 wk ahead cum case
PL87,Zachodniopomorskie,quantile,0.8,276383,2022-03-12,2022-02-28,2 wk ahead cum case
PL87,Zachodniopomorskie,quantile,0.85,276906,2022-03-12,2022-02-28,2 wk ahead cum case
PL87,Zachodniopomorskie,quantile,0.9,277577,2022-03-12,2022-02-28,2 wk ahead cum case
PL87,Zachodniopomorskie,quantile,0.95,278485,2022-03-12,2022-02-28,2 wk ahead cum case
PL87,Zachodniopomorskie,quantile,0.975,278968,2022-03-12,2022-02-28,2 wk ahead cum case
PL87,Zachodniopomorskie,quantile,0.99,279374,2022-03-12,2022-02-28,2 wk ahead cum case
PL87,Zachodniopomorskie,point,,4009,2022-03-12,2022-02-28,2 wk ahead inc case
PL87,Zachodniopomorskie,quantile,0.01,2171,2022-03-12,2022-02-28,2 wk ahead inc case
PL87,Zachodniopomorskie,quantile,0.025,2233,2022-03-12,2022-02-28,2 wk ahead inc case
PL87,Zachodniopomorskie,quantile,0.05,2338,2022-03-12,2022-02-28,2 wk ahead inc case
PL87,Zachodniopomorskie,quantile,0.1,2549,2022-03-12,2022-02-28,2 wk ahead inc case
PL87,Zachodniopomorskie,quantile,0.15,2732,2022-03-12,2022-02-28,2 wk ahead inc case
PL87,Zachodniopomorskie,quantile,0.2,2933,2022-03-12,2022-02-28,2 wk ahead inc case
PL87,Zachodniopomorskie,quantile,0.25,3090,2022-03-12,2022-02-28,2 wk ahead inc case
PL87,Zachodniopomorskie,quantile,0.3,3264,2022-03-12,2022-02-28,2 wk ahead inc case
PL87,Zachodniopomorskie,quantile,0.35,3455,2022-03-12,2022-02-28,2 wk ahead inc case
PL87,Zachodniopomorskie,quantile,0.4,3622,2022-03-12,2022-02-28,2 wk ahead inc case
PL87,Zachodniopomorskie,quantile,0.45,3834,2022-03-12,2022-02-28,2 wk ahead inc case
PL87,Zachodniopomorskie,quantile,0.5,4009,2022-03-12,2022-02-28,2 wk ahead inc case
PL87,Zachodniopomorskie,quantile,0.55,4225,2022-03-12,2022-02-28,2 wk ahead inc case
PL87,Zachodniopomorskie,quantile,0.6,4439,2022-03-12,2022-02-28,2 wk ahead inc case
PL87,Zachodniopomorskie,quantile,0.65,4688,2022-03-12,2022-02-28,2 wk ahead inc case
PL87,Zachodniopomorskie,quantile,0.7,4961,2022-03-12,2022-02-28,2 wk ahead inc case
PL87,Zachodniopomorskie,quantile,0.75,5262,2022-03-12,2022-02-28,2 wk ahead inc case
PL87,Zachodniopomorskie,quantile,0.8,5605,2022-03-12,2022-02-28,2 wk ahead inc case
PL87,Zachodniopomorskie,quantile,0.85,5961,2022-03-12,2022-02-28,2 wk ahead inc case
PL87,Zachodniopomorskie,quantile,0.9,6419,2022-03-12,2022-02-28,2 wk ahead inc case
PL87,Zachodniopomorskie,quantile,0.95,7131,2022-03-12,2022-02-28,2 wk ahead inc case
PL87,Zachodniopomorskie,quantile,0.975,7481,2022-03-12,2022-02-28,2 wk ahead inc case
PL87,Zachodniopomorskie,quantile,0.99,7791,2022-03-12,2022-02-28,2 wk ahead inc case
PL87,Zachodniopomorskie,point,,276881,2022-03-19,2022-02-28,3 wk ahead cum case
PL87,Zachodniopomorskie,quantile,0.01,272028,2022-03-19,2022-02-28,3 wk ahead cum case
PL87,Zachodniopomorskie,quantile,0.025,272210,2022-03-19,2022-02-28,3 wk ahead cum case
PL87,Zachodniopomorskie,quantile,0.05,272455,2022-03-19,2022-02-28,3 wk ahead cum case
PL87,Zachodniopomorskie,quantile,0.1,273002,2022-03-19,2022-02-28,3 wk ahead cum case
PL87,Zachodniopomorskie,quantile,0.15,273507,2022-03-19,2022-02-28,3 wk ahead cum case
PL87,Zachodniopomorskie,quantile,0.2,273992,2022-03-19,2022-02-28,3 wk ahead cum case
PL87,Zachodniopomorskie,quantile,0.25,274410,2022-03-19,2022-02-28,3 wk ahead cum case
PL87,Zachodniopomorskie,quantile,0.3,274872,2022-03-19,2022-02-28,3 wk ahead cum case
PL87,Zachodniopomorskie,quantile,0.35,275372,2022-03-19,2022-02-28,3 wk ahead cum case
PL87,Zachodniopomorskie,quantile,0.4,275865,2022-03-19,2022-02-28,3 wk ahead cum case
PL87,Zachodniopomorskie,quantile,0.45,276346,2022-03-19,2022-02-28,3 wk ahead cum case
PL87,Zachodniopomorskie,quantile,0.5,276881,2022-03-19,2022-02-28,3 wk ahead cum case
PL87,Zachodniopomorskie,quantile,0.55,277469,2022-03-19,2022-02-28,3 wk ahead cum case
PL87,Zachodniopomorskie,quantile,0.6,278168,2022-03-19,2022-02-28,3 wk ahead cum case
PL87,Zachodniopomorskie,quantile,0.65,278820,2022-03-19,2022-02-28,3 wk ahead cum case
PL87,Zachodniopomorskie,quantile,0.7,279562,2022-03-19,2022-02-28,3 wk ahead cum case
PL87,Zachodniopomorskie,quantile,0.75,280441,2022-03-19,2022-02-28,3 wk ahead cum case
PL87,Zachodniopomorskie,quantile,0.8,281378,2022-03-19,2022-02-28,3 wk ahead cum case
PL87,Zachodniopomorskie,quantile,0.85,282473,2022-03-19,2022-02-28,3 wk ahead cum case
PL87,Zachodniopomorskie,quantile,0.9,283941,2022-03-19,2022-02-28,3 wk ahead cum case
PL87,Zachodniopomorskie,quantile,0.95,286160,2022-03-19,2022-02-28,3 wk ahead cum case
PL87,Zachodniopomorskie,quantile,0.975,287426,2022-03-19,2022-02-28,3 wk ahead cum case
PL87,Zachodniopomorskie,quantile,0.99,288170,2022-03-19,2022-02-28,3 wk ahead cum case
PL87,Zachodniopomorskie,point,,2810,2022-03-19,2022-02-28,3 wk ahead inc case
PL87,Zachodniopomorskie,quantile,0.01,910,2022-03-19,2022-02-28,3 wk ahead inc case
PL87,Zachodniopomorskie,quantile,0.025,989,2022-03-19,2022-02-28,3 wk ahead inc case
PL87,Zachodniopomorskie,quantile,0.05,1055,2022-03-19,2022-02-28,3 wk ahead inc case
PL87,Zachodniopomorskie,quantile,0.1,1237,2022-03-19,2022-02-28,3 wk ahead inc case
PL87,Zachodniopomorskie,quantile,0.15,1425,2022-03-19,2022-02-28,3 wk ahead inc case
PL87,Zachodniopomorskie,quantile,0.2,1612,2022-03-19,2022-02-28,3 wk ahead inc case
PL87,Zachodniopomorskie,quantile,0.25,1777,2022-03-19,2022-02-28,3 wk ahead inc case
PL87,Zachodniopomorskie,quantile,0.3,1963,2022-03-19,2022-02-28,3 wk ahead inc case
PL87,Zachodniopomorskie,quantile,0.35,2164,2022-03-19,2022-02-28,3 wk ahead inc case
PL87,Zachodniopomorskie,quantile,0.4,2379,2022-03-19,2022-02-28,3 wk ahead inc case
PL87,Zachodniopomorskie,quantile,0.45,2568,2022-03-19,2022-02-28,3 wk ahead inc case
PL87,Zachodniopomorskie,quantile,0.5,2810,2022-03-19,2022-02-28,3 wk ahead inc case
PL87,Zachodniopomorskie,quantile,0.55,3079,2022-03-19,2022-02-28,3 wk ahead inc case
PL87,Zachodniopomorskie,quantile,0.6,3444,2022-03-19,2022-02-28,3 wk ahead inc case
PL87,Zachodniopomorskie,quantile,0.65,3734,2022-03-19,2022-02-28,3 wk ahead inc case
PL87,Zachodniopomorskie,quantile,0.7,4090,2022-03-19,2022-02-28,3 wk ahead inc case
PL87,Zachodniopomorskie,quantile,0.75,4549,2022-03-19,2022-02-28,3 wk ahead inc case
PL87,Zachodniopomorskie,quantile,0.8,4995,2022-03-19,2022-02-28,3 wk ahead inc case
PL87,Zachodniopomorskie,quantile,0.85,5567,2022-03-19,2022-02-28,3 wk ahead inc case
PL87,Zachodniopomorskie,quantile,0.9,6364.00000000001,2022-03-19,2022-02-28,3 wk ahead inc case
PL87,Zachodniopomorskie,quantile,0.95,7675,2022-03-19,2022-02-28,3 wk ahead inc case
PL87,Zachodniopomorskie,quantile,0.975,8458,2022-03-19,2022-02-28,3 wk ahead inc case
PL87,Zachodniopomorskie,quantile,0.99,8796,2022-03-19,2022-02-28,3 wk ahead inc case
PL87,Zachodniopomorskie,point,,278853,2022-03-26,2022-02-28,4 wk ahead cum case
PL87,Zachodniopomorskie,quantile,0.01,272405,2022-03-26,2022-02-28,4 wk ahead cum case
PL87,Zachodniopomorskie,quantile,0.025,272634,2022-03-26,2022-02-28,4 wk ahead cum case
PL87,Zachodniopomorskie,quantile,0.05,272930,2022-03-26,2022-02-28,4 wk ahead cum case
PL87,Zachodniopomorskie,quantile,0.1,273610,2022-03-26,2022-02-28,4 wk ahead cum case
PL87,Zachodniopomorskie,quantile,0.15,274250,2022-03-26,2022-02-28,4 wk ahead cum case
PL87,Zachodniopomorskie,quantile,0.2,274867,2022-03-26,2022-02-28,4 wk ahead cum case
PL87,Zachodniopomorskie,quantile,0.25,275426,2022-03-26,2022-02-28,4 wk ahead cum case
PL87,Zachodniopomorskie,quantile,0.3,276047,2022-03-26,2022-02-28,4 wk ahead cum case
PL87,Zachodniopomorskie,quantile,0.35,276747,2022-03-26,2022-02-28,4 wk ahead cum case
PL87,Zachodniopomorskie,quantile,0.4,277394,2022-03-26,2022-02-28,4 wk ahead cum case
PL87,Zachodniopomorskie,quantile,0.45,278060,2022-03-26,2022-02-28,4 wk ahead cum case
PL87,Zachodniopomorskie,quantile,0.5,278853,2022-03-26,2022-02-28,4 wk ahead cum case
PL87,Zachodniopomorskie,quantile,0.55,279692,2022-03-26,2022-02-28,4 wk ahead cum case
PL87,Zachodniopomorskie,quantile,0.6,280794,2022-03-26,2022-02-28,4 wk ahead cum case
PL87,Zachodniopomorskie,quantile,0.65,281731,2022-03-26,2022-02-28,4 wk ahead cum case
PL87,Zachodniopomorskie,quantile,0.7,282915,2022-03-26,2022-02-28,4 wk ahead cum case
PL87,Zachodniopomorskie,quantile,0.75,284240,2022-03-26,2022-02-28,4 wk ahead cum case
PL87,Zachodniopomorskie,quantile,0.8,285689,2022-03-26,2022-02-28,4 wk ahead cum case
PL87,Zachodniopomorskie,quantile,0.85,287542,2022-03-26,2022-02-28,4 wk ahead cum case
PL87,Zachodniopomorskie,quantile,0.9,290172,2022-03-26,2022-02-28,4 wk ahead cum case
PL87,Zachodniopomorskie,quantile,0.95,293908,2022-03-26,2022-02-28,4 wk ahead cum case
PL87,Zachodniopomorskie,quantile,0.975,296123,2022-03-26,2022-02-28,4 wk ahead cum case
PL87,Zachodniopomorskie,quantile,0.99,297957,2022-03-26,2022-02-28,4 wk ahead cum case
PL87,Zachodniopomorskie,point,,1972,2022-03-26,2022-02-28,4 wk ahead inc case
PL87,Zachodniopomorskie,quantile,0.01,377,2022-03-26,2022-02-28,4 wk ahead inc case
PL87,Zachodniopomorskie,quantile,0.025,424,2022-03-26,2022-02-28,4 wk ahead inc case
PL87,Zachodniopomorskie,quantile,0.05,475,2022-03-26,2022-02-28,4 wk ahead inc case
PL87,Zachodniopomorskie,quantile,0.1,608,2022-03-26,2022-02-28,4 wk ahead inc case
PL87,Zachodniopomorskie,quantile,0.15,743,2022-03-26,2022-02-28,4 wk ahead inc case
PL87,Zachodniopomorskie,quantile,0.2,875,2022-03-26,2022-02-28,4 wk ahead inc case
PL87,Zachodniopomorskie,quantile,0.25,1016,2022-03-26,2022-02-28,4 wk ahead inc case
PL87,Zachodniopomorskie,quantile,0.3,1175,2022-03-26,2022-02-28,4 wk ahead inc case
PL87,Zachodniopomorskie,quantile,0.35,1375,2022-03-26,2022-02-28,4 wk ahead inc case
PL87,Zachodniopomorskie,quantile,0.4,1529,2022-03-26,2022-02-28,4 wk ahead inc case
PL87,Zachodniopomorskie,quantile,0.45,1714,2022-03-26,2022-02-28,4 wk ahead inc case
PL87,Zachodniopomorskie,quantile,0.5,1972,2022-03-26,2022-02-28,4 wk ahead inc case
PL87,Zachodniopomorskie,quantile,0.55,2223,2022-03-26,2022-02-28,4 wk ahead inc case
PL87,Zachodniopomorskie,quantile,0.6,2626,2022-03-26,2022-02-28,4 wk ahead inc case
PL87,Zachodniopomorskie,quantile,0.65,2911,2022-03-26,2022-02-28,4 wk ahead inc case
PL87,Zachodniopomorskie,quantile,0.7,3353,2022-03-26,2022-02-28,4 wk ahead inc case
PL87,Zachodniopomorskie,quantile,0.75,3799,2022-03-26,2022-02-28,4 wk ahead inc case
PL87,Zachodniopomorskie,quantile,0.8,4311,2022-03-26,2022-02-28,4 wk ahead inc case
PL87,Zachodniopomorskie,quantile,0.85,5069,2022-03-26,2022-02-28,4 wk ahead inc case
PL87,Zachodniopomorskie,quantile,0.9,6231,2022-03-26,2022-02-28,4 wk ahead inc case
PL87,Zachodniopomorskie,quantile,0.95,7748,2022-03-26,2022-02-28,4 wk ahead inc case
PL87,Zachodniopomorskie,quantile,0.975,8697,2022-03-26,2022-02-28,4 wk ahead inc case
PL87,Zachodniopomorskie,quantile,0.99,9787,2022-03-26,2022-02-28,4 wk ahead inc case
